-0.436332 -0.383713 0.665071
-0.427518 -0.382294 0.654942
-0.418703 -0.380531 0.644855
-0.409888 -0.378428 0.634819
-0.401073 -0.375987 0.624843
-0.392258 -0.373211 0.614936
-0.383444 -0.370105 0.605107
-0.374629 -0.366671 0.595365
-0.365814 -0.362914 0.585717
-0.356999 -0.358837 0.576174
-0.348184 -0.354446 0.566742
-0.339370 -0.349744 0.557430
-0.330555 -0.344737 0.548247
-0.321740 -0.339429 0.539200
-0.312925 -0.333826 0.530297
-0.304110 -0.327933 0.521547
-0.295296 -0.321756 0.512956
-0.286481 -0.315301 0.504532
-0.277666 -0.308573 0.496283
-0.268851 -0.301579 0.488214
-0.260036 -0.294326 0.480335
-0.251222 -0.286820 0.472650
-0.242407 -0.279068 0.465167
-0.233592 -0.271077 0.457893
-0.224777 -0.262854 0.450832
-0.215962 -0.254406 0.443993
-0.207148 -0.245741 0.437379
-0.198333 -0.236866 0.430998
-0.189518 -0.227790 0.424853
-0.180703 -0.218520 0.418952
-0.171888 -0.209064 0.413298
-0.163074 -0.199431 0.407896
-0.154259 -0.189629 0.402752
-0.145444 -0.179665 0.397868
-0.136629 -0.169550 0.393251
-0.127815 -0.159291 0.388902
-0.119000 -0.148897 0.384827
-0.110185 -0.138378 0.381028
-0.101370 -0.127742 0.377509
-0.092555 -0.116997 0.374273
-0.083741 -0.106154 0.371322
-0.074926 -0.095222 0.368660
-0.066111 -0.084209 0.366287
-0.057296 -0.073125 0.364207
-0.048481 -0.061980 0.362420
-0.039667 -0.050782 0.360929
-0.030852 -0.039541 0.359735
-0.022037 -0.028268 0.358838
-0.013222 -0.016970 0.358240
-0.004407 -0.005658 0.357941
0.004407 0.005658 0.357941
0.013222 0.016970 0.358240
0.022037 0.028268 0.358838
0.030852 0.039541 0.359735
0.039667 0.050782 0.360929
0.048481 0.061980 0.362420
0.057296 0.073125 0.364207
0.066111 0.084209 0.366287
0.074926 0.095222 0.368660
0.083741 0.106154 0.371322
0.092555 0.116997 0.374273
0.101370 0.127742 0.377509
0.110185 0.138378 0.381028
0.119000 0.148897 0.384827
0.127815 0.159291 0.388902
0.136629 0.169550 0.393251
0.145444 0.179665 0.397868
0.154259 0.189629 0.402752
0.163074 0.199431 0.407896
0.171888 0.209064 0.413298
0.180703 0.218520 0.418952
0.189518 0.227790 0.424853
0.198333 0.236866 0.430998
0.207148 0.245741 0.437379
0.215962 0.254406 0.443993
0.224777 0.262854 0.450832
0.233592 0.271077 0.457893
0.242407 0.279068 0.465167
0.251222 0.286820 0.472650
0.260036 0.294326 0.480335
0.268851 0.301579 0.488214
0.277666 0.308573 0.496283
0.286481 0.315301 0.504532
0.295296 0.321756 0.512956
0.304110 0.327933 0.521547
0.312925 0.333826 0.530297
0.321740 0.339429 0.539200
0.330555 0.344737 0.548247
0.339370 0.349744 0.557430
0.348184 0.354446 0.566742
0.356999 0.358837 0.576174
0.365814 0.362914 0.585717
0.374629 0.366671 0.595365
0.383444 0.370105 0.605107
0.392258 0.373211 0.614936
0.401073 0.375987 0.624843
0.409888 0.378428 0.634819
0.418703 0.380531 0.644855
0.427518 0.382294 0.654942
0.436332 0.383713 0.665071
