4.9 0.4
4.80009852066279 0.4345242551710041
4.4959723810685315 0.5650081685707795
4.198375641074921 0.7685407464865639
4.0494006937306 0.9236169177540452
3.912107699252806 1.1054316808265123
3.794686765201864 1.2831078692586892
3.674764838889229 1.4766189128904537
3.5490870658046103 1.7006383098853979
3.469271953712762 1.9039688066286862
3.4534380433439265 2.1260458196937493
3.4963584664703653 2.3078129793351985
3.575276284890981 2.5112847404777097
3.652707522864409 2.6974234046432093
3.7299959761112107 2.8987865021614914
3.80523996526444 3.1254517793758616
3.8852724751844416 3.4068370366312144
3.965451108171363 3.695806260571461
4.043045405311089 3.927606763060467
4.13514005356596 4.135210523610942
4.250717405352867 4.329846402283247
4.398406557685694 4.519707806743618
4.589033724640122 4.7116938360610465
4.8357647393135235 4.909903320422936
5.155763962456628 5.115722781449379
5.526559241828714 5.308597725141135
5.89935760995768 5.478465163905788
6.253531873596831 5.649355220230481
6.555228652779113 5.836723100902541
6.81575131211758 6.063253326773767
7.049804728238817 6.356458847187898
7.2519067650641755 6.7428855991596075
7.377159687796405 7.173245823913585
7.409908320498347 7.596463266292468
7.345309884707953 8.010683330027808
7.194592667401873 8.348905386784303
7.057260244724025 8.528719483545222
