4.9 0.4
4.858451056695728 0.4798011474298579
4.642112127939683 1.005578256490917
4.491665878975401 1.587837784224897
4.411819981628311 2.1510193832117785
4.395452442220425 2.7355703595623444
4.474533272135895 3.3886577478776956
4.631947072853766 3.904015385744807
4.864585447835127 4.369281495426483
5.233894723533925 4.887731934678486
5.657558204600849 5.363308851401946
6.102225712576036 5.845799299043173
6.45519668014172 6.294728843230626
6.759446008542425 6.798981528782312
6.988096156668079 7.333377803678767
7.139829947231877 7.91470421998497
7.199785278049704 8.500079997367068
