4.9 0.4
4.880626440675676 0.48441693239060757
4.776895598057581 1.12679749895029
4.7364078064841255 1.8107769402326324
4.762917833068538 2.523702946329886
4.900812193052046 3.3386404859839387
5.111542509368095 3.97220197780322
5.458004810223178 4.672788635080879
5.78045807524489 5.2000784091143135
6.122007517387615 5.729656855503477
6.4593371143716345 6.295143995635545
6.784175777309237 6.964021447301324
7.023388643658472 7.6472569338155125
7.168946085936272 8.299016126854717
7.199911771785048 8.500019500743761
