4.9 0.4
4.8180928143103 0.45538320168787966
4.485211150561088 0.7415975936341496
4.249172545306713 1.046798797410463
4.070098004118406 1.382037208802804
3.956349994848101 1.680300301165497
3.8740793594728977 2.021551757818602
3.845074542041767 2.4491411632713516
3.8725534182852064 2.8016491353049604
3.9313961193493303 3.1608307154424473
4.008146580428262 3.4940843875048033
4.1223225002853265 3.8471158146354925
4.254877652560398 4.131563374565049
4.415005748176858 4.381754373759959
4.6205847135626 4.625737922073575
4.890400168033256 4.875813434252227
5.247252441649493 5.138839830206461
5.637540552431292 5.378997595120273
6.037836757271128 5.614539083204629
6.375703336810553 5.846269750684205
6.661154481204601 6.104015262749446
6.917513182256694 6.424155296460226
7.145109080004243 6.84318510744239
7.292220973868041 7.305271654126501
7.342727436265664 7.763932699900136
7.283373466270311 8.2541958363814
7.199138898831312 8.500312602027984
