4.1 0.4
4.128308978269569 0.4869597854732308
4.296497336735954 1.018931255692077
4.427786765303306 1.530848081839559
4.495531940631703 1.976684829742777
4.518983626060878 2.4163885968415957
4.521383386398029 2.9179316412939293
4.543432836102029 3.3627017170538895
4.610081942664777 3.7536854822592605
4.738865538964509 4.138239133286112
4.961437871795847 4.551425553686926
5.301432298741062 4.988254677997887
5.675397367298614 5.3632508923368825
6.071294004153227 5.7240258998954285
6.4477043969574686 6.0939107178947785
6.779607413389795 6.4917618873934995
7.115747817335864 7.025482169762065
7.3772241988016685 7.6250246187298965
7.5588474017863945 8.285281052848555
7.600349680883856 8.499835073984693
