4.9 0.4
4.808358151758051 0.4447453701680274
4.447488473966125 0.6727410829926255
4.18928032227894 0.9292755798527601
4.038104232863459 1.1418470359120536
3.907521946705238 1.3743497911369407
3.7962675664884644 1.6254450366776125
3.710499776155901 1.9177249077407375
3.6849860025036314 2.2805886359238414
3.7279157413884554 2.606758176297609
3.7941514739615374 2.9047379352839036
3.8595481977866464 3.1697445275322784
3.93822311314714 3.4718961817396967
4.018662275831386 3.7390388004600363
4.11901301752922 3.996879618310534
4.2397775969062765 4.226184451598268
4.39123853555483 4.442246168880153
4.585754526340839 4.6564490534128575
4.838320343456363 4.875866379508493
5.170056558337624 5.105400646367798
5.547735189113279 5.31840578715806
5.933937275731143 5.513963613946896
6.286776829070901 5.7086155486341505
6.585783135424287 5.921691708865448
6.847117410793479 6.179190962975574
7.084269743976249 6.514065517717778
7.281349719536262 6.948671941682405
7.383579493538981 7.388748446791629
7.392341218795614 7.835286140262738
7.3031700582982175 8.240778715038221
7.17544951700081 8.50687453099833
