4.9 0.4
4.829454089614025 0.4650382011809894
4.532394069893919 0.8075584589957719
4.312624375911318 1.1814972638948955
4.154963819522251 1.5737534557115447
4.055949314091154 1.9459817555953625
3.999348598658435 2.372323912908847
4.002684297083245 2.8391352919024793
4.068034260834637 3.3211826575181584
4.16768410384768 3.7032015675441174
4.312594436905116 4.055833969421148
4.487848705725028 4.35103939597928
4.715655241542422 4.636657722456863
5.023704504898053 4.935380852554204
5.397213530288213 5.227833478340091
5.8146897386254075 5.5170937961523006
6.192779029757465 5.794129116200682
6.5046269929106355 6.078419884350828
6.778621347538829 6.4131218473319995
7.027481740767279 6.848139664604477
7.20076886296757 7.342513722782134
7.271308659820123 7.823758524775911
7.231067522905325 8.366307509974868
7.199254033616618 8.500330227567922
