4.9 0.4
4.84255404087633 0.4731901713266419
4.57752958224081 0.8941710696872409
4.380650219017669 1.361365822959148
4.25279182467919 1.8251354512568658
4.18092378873641 2.281894006534929
4.166573265002795 2.8576710861252215
4.238457011088285 3.4123259650066795
4.37729023690488 3.8718604317589564
4.559932200936517 4.243383426758458
4.80275098438723 4.5932441311174905
5.150421846416557 4.971816044619565
5.546304558630856 5.324217429742264
5.960687702431518 5.6716059741682505
6.320500233953802 6.013332277398246
6.621472626179733 6.379068842368057
6.898924403152823 6.8441261238857924
7.109625707862697 7.395345247962466
7.2058581770416374 7.912642735558366
7.199244809213538 8.500333713396898
