4.9 0.4
4.904830000000762 0.4170099999997759
4.953130000008378 0.5871099999975348
5.001430000015994 0.7572099999952936
5.049730000023611 0.9273099999930524
5.098030000031227 1.0974099999908113
5.146330000038843 1.2675099999885702
5.19463000004646 1.437609999986329
5.242930000054076 1.6077099999840878
5.2912300000616925 1.7778099999818466
5.339530000069309 1.9479099999796055
5.383000000076163 2.1009999999775886
5.3899000000010835 2.1252999999997675
5.458900000011964 2.368299999996566
5.527900000022844 2.6112999999933644
5.596900000033724 2.854299999990163
5.665900000044604 3.0972999999869613
5.734900000055484 3.3402999999837597
5.803900000066364 3.583299999980558
5.872900000077244 3.8262999999773566
5.941900000088125 4.069299999974155
6.010900000099005 4.3122999999709535
6.073000000108796 4.530999999968071
6.079900000001076 4.555299999999889
6.148900000011956 4.798299999996687
6.217900000022836 5.041299999993486
6.286900000033716 5.284299999990284
6.355900000044596 5.527299999987083
6.424900000055477 5.770299999983881
6.493900000066357 6.0132999999806795
6.562900000077237 6.256299999977478
6.631900000088117 6.499299999974276
6.700900000098997 6.742299999971075
6.763000000108788 6.960999999968191
6.767370000000669 6.976390000000127
6.81107000000756 7.1302899999981
6.854770000014451 7.284189999996072
6.898470000021342 7.438089999994045
6.9421700000282325 7.591989999992017
6.985870000035123 7.7458899999899895
7.029570000042014 7.899789999987962
7.073270000048905 8.053689999985934
7.116970000055796 8.207589999983906
7.160670000062686 8.361489999981877
7.200000000068888 8.499999999980052
