-1.20116701329e-18  0.263393150668  1.94296423825  3.59405095832  5.57910245658  7.70307791498  9.51269332589  11.4927924687  14.0930228694  16.7257140625  19.2686117225  21.8997729222  24.5305871518  26.315793443  

1.61806166615e-18  -4.59266875445e-05  -0.0022936710425  -0.00721358859542  -0.0157002472622  -0.0265733040328  -0.0358554967513  -0.0442670609217  -0.0501661531148  -0.0488816567633  -0.0412376372011  -0.0284440106781  -0.0122864247328  6.01226647038e-05  

3.02089119201e-18  -0.000341051185637  -0.00220759600444  -0.00358761783874  -0.0047260444106  -0.0051880410774  -0.00476729227832  -0.00346045110674  -0.000908184978528  0.0018270888879  0.0039741335439  0.00548209855881  0.00654806611026  0.00695590606254  

0.0  0.00891697469505  0.0657664492494  0.121632657352  0.188893557115  0.260620062985  0.320943557651  0.386007578248  0.470196724386  0.554008943109  0.633435290423  0.714006199311  0.792996086631  0.845740530278  

0.0  -1.51406470895e-06  -5.65779720916e-05  -0.000203763396959  0.000753459951126  0.016280182241  0.0605655006265  0.156059753329  0.363985538455  0.668556137128  1.04632448459  1.51670481682  2.06257252747  2.4741065443  

-9.87706258071e-19  2.60717856272e-07  6.66471443022e-05  0.000284682987087  0.0014605525919  0.0072316467158  0.0177871716742  0.0340121802595  0.0587494428309  0.0839408612263  0.106471501228  0.127577006445  0.146735330853  0.158804680197  

2.264675173e-18  1.06373623441e-06  0.000427569346537  0.00269314678423  0.00975678241091  0.0236507529606  0.0405735241644  0.0646014027213  0.10600787736  0.161089605192  0.228589305508  0.314803089266  0.419072720449  0.500794051545  

0.0  0.000119271686252  0.00649207414868  0.0221246331969  0.0519748001509  0.0930068041105  0.132524919914  0.180386893496  0.251819103112  0.335045514092  0.42608908478  0.531128571975  0.64683490733  0.731266376768  

-2.3580787459e-19  0.00891708840726  0.0657979242222  0.121736028754  0.188990825432  0.260877448595  0.322078592959  0.389309016764  0.478780421057  0.571546139511  0.663730627696  0.762040371232  0.863441167845  0.934064370432  

0.00307840239927  0.00307840229969  0.0030783150278  0.00307700142966  0.00307405003773  0.00310907555835  0.00320567299284  0.00336320000313  0.00358648624176  0.00375906782313  0.00380816778618  0.00366584704754  0.00325061846328  0.00277538974518  

0.001147948746  0.00114794884163  0.00114800937526  0.00114852435551  0.00114895390716  0.00116300257572  0.00123407340069  0.00140717570548  0.00175117970102  0.0021030264802  0.0022232243881  0.00177238394701  0.000251942613194  -0.00169204028237  

0.00652431295443  0.00622104307944  0.00456514233154  0.00332339334653  0.00192950679717  -5.85051217012e-05  -0.00215264610924  -0.00431321186426  -0.0059286307358  -0.00561669584984  -0.00405246762733  -0.00253217759847  -0.00168483307809  -1.71601252754e-05  

0.00402585713508  0.00402602074595  0.00403547683838  0.00405479600902  0.00406197192802  0.00404678058366  0.00404483122919  0.00401624364969  0.003792647329  0.00321490952652  0.00231023265686  0.00118503572115  0.000245181035945  -3.76169734811e-07  

0.000254806738456  0.000254970590281  0.000264813582323  0.000300075930639  0.000385771392875  0.000473293163911  0.000533473285194  0.000635272965996  0.000868388919452  0.0011740689496  0.0014090385954  0.00138869184082  0.000836169732647  9.63217814169e-07  

0.00524974229888  0.00523010734028  0.00494947691147  0.00405924823085  0.00208006462276  0.000212208756356  -0.000173456792271  0.000531670577385  0.00215945367614  0.00340059510105  0.00347076434639  0.00228064734006  0.000568086384232  -3.18032440325e-06  

-0.0183779334656  -0.0183785354354  -0.0188316417042  -0.0213610810038  -0.0283279574503  -0.0382416879372  -0.0462302112176  -0.0533588094444  -0.0594418697052  -0.060907938929  -0.0565318182572  -0.0442344282628  -0.0219488344514  -2.41633113819e-05  

-0.0615304220233  -0.061037754052  -0.0578581060936  -0.0548098931701  -0.0518922147892  -0.0500297318446  -0.0484997148869  -0.0457324547607  -0.0396285120195  -0.0307663429443  -0.0205519679037  -0.00995728898319  -0.00199176784071  -1.50003880468e-06  

-0.0947062609157  -0.0930670699708  -0.082933517818  -0.0735055206669  -0.0627848951322  -0.0518051300039  -0.0427300789885  -0.0332213814388  -0.0218872489286  -0.012414911983  -0.00573528988729  -0.00164151920659  -0.000117493607943  9.84322890449e-06  

0.891708840773  0.891708840773  0.891708840773  0.891708840773  0.891708840773  0.891708840773  0.891708840773  0.891708840773  0.891708840773  0.891708840773  0.891708840773  0.891708840773  0.891708840773  0.891708840773  

-2.74067396246  -2.75749362192  -2.85325796831  -2.92884647778  -3.01671076828  3.13782916542  3.00808921139  2.89051090254  2.82229561848  2.85120546382  2.93189124426  3.00431194275  3.03829928279  3.14035606211  

0.0  0.00891708840773  0.0657979835149  0.121737736812  0.189011414183  0.261008151053  0.322348659098  0.389448819771  0.477528117893  0.566699001971  0.65285285631  0.742023740387  0.831194624464  0.891708840773  

