1.44378279038e-17  0.700650061151  2.79152977007  4.73860927279  6.52214301903  8.31175147714  9.86351973678  11.3488635813  12.9001464765  14.5374137249  16.2843456699  17.1777287305  18.1660297592  19.3680438843  21.223303084  23.3699883643  25.7342760652  28.2784356772  30.8436762206  33.4156309854  36.0028012733  38.351961527  40.3895256186  42.2568069769  44.0310159927  45.7547907142  47.4636666531  49.1896094666  50.9547735217  52.7684763688  54.6279408915  56.5339476145  58.5313861541  60.6654958825  62.8971592529  65.1583588851  67.4360072014  69.773265018  70.5188096574  

-6.56993479905e-18  -0.00081781599751  -0.0129814900739  -0.0374052174632  -0.0708600103722  -0.115077364114  -0.162048032683  -0.214506810665  -0.277100697651  -0.35173481697  -0.440594398178  -0.488638694788  -0.541239217441  -0.601937100168  -0.686928021979  -0.771484709739  -0.847263151057  -0.908417780976  -0.94868607203  -0.967557084991  -0.964954469565  -0.944072970729  -0.912031195667  -0.871793380634  -0.824599048618  -0.771218779133  -0.711896919072  -0.646491651551  -0.575099873994  -0.498834739103  -0.420442391834  -0.343520499652  -0.270056026105  -0.202039154111  -0.143717731446  -0.0982106546098  -0.0654027900785  -0.0431420448249  -0.0380277224237  

-8.38739145034e-18  -0.00233489533612  -0.00930247830099  -0.0157905906051  -0.0217333169963  -0.0276953047081  -0.0328630200171  -0.0378055071266  -0.0429564419802  -0.0483509370068  -0.053733106241  -0.0547393501569  -0.0525832864394  -0.0489383213135  -0.0429920177478  -0.0360017319054  -0.0282671537036  -0.0199379778986  -0.0115524471025  -0.00317694775247  0.00518225688361  0.0126536713466  0.0189451357216  0.024418639861  0.0292005914264  0.0333314170528  0.0368733627205  0.0398463724599  0.0420775768064  0.043082952084  0.0422226176993  0.0393484104376  0.0349084587317  0.0293932574808  0.0233480927057  0.0173517433382  0.0119407958159  0.00756639482613  0.00635378217818  

0.0  0.0233486012526  0.0929699289816  0.157886862569  0.21770942226  0.278445852769  0.33257530343  0.387024111826  0.448404727116  0.520459344734  0.608379544634  0.658243087975  0.716821697321  0.791481743885  0.91097898421  1.05094117759  1.20052320223  1.34843953799  1.47714152037  1.58143863527  1.66110707209  1.71521857461  1.75350314721  1.78699905804  1.82227361785  1.86359404962  1.91384113903  1.97472896194  2.04638523576  2.12647450089  2.20939712185  2.28738233732  2.35407018359  2.40441949017  2.4354665894  2.45037332629  2.45662645154  2.46201603158  2.46457180264  

-8.69450254662e-18  -2.52065241915e-05  -2.32953513144e-05  0.0022122958908  0.0139956661032  0.052673026632  0.123603357563  0.23461470644  0.404239259545  0.651882260882  1.00431466184  1.22216497072  1.49582181489  1.87449135986  2.54874770825  3.44766380018  4.55545778287  5.84027875875  7.17488168864  8.48517986938  9.70418641913  10.6694679545  11.3669672786  11.8807106517  12.2595011202  12.5372847246  12.7445561928  12.9108598501  13.0663927445  13.2434155522  13.4757351333  13.7983370206  14.2555667977  14.8991312968  15.7542505135  16.8145358938  18.0816643212  19.5917685047  20.1186250793  

-1.39780412005e-17  1.21775585323e-05  0.000687757303323  0.00342981750998  0.0103795504496  0.0249871618107  0.0450997826417  0.070877249448  0.104496142584  0.147456052549  0.201937120613  0.232849723988  0.268048092638  0.310554596964  0.373474341742  0.439789778005  0.501458075904  0.550108725376  0.575485152856  0.571850703427  0.534289286139  0.468468395724  0.387237029976  0.295282170965  0.19596014987  0.0928980327539  -0.0104916535774  -0.110785041057  -0.203602192036  -0.282868873059  -0.340828233492  -0.370187124659  -0.366614321647  -0.327898586663  -0.256679826146  -0.160863714906  -0.0477400221536  0.07833923763  0.11969335525  

1.30024502737e-17  1.9119601296e-05  0.0012108271211  0.00583691159267  0.014551379565  0.0279294063539  0.043259629018  0.0613351507163  0.0840911717149  0.11285997413  0.149461789972  0.170628242055  0.196330203914  0.231118680784  0.292731331014  0.376872613415  0.486703613257  0.626137282872  0.78959463601  0.976126885199  1.18500061466  1.39064086321  1.57889826647  1.75744752819  1.93081982875  2.10156836721  2.2723748674  2.44620793847  2.62568310215  2.81286921914  3.00949358144  3.21849868926  3.44856383264  3.71027306974  4.00553763249  4.33151847845  4.69145151429  5.09848805833  5.23726759541  

-1.33160833804e-17  0.000817865927448  0.0129635884766  0.0368554888096  0.0672759147405  0.102996584123  0.137087135799  0.172521139278  0.212826035444  0.259403998384  0.313967717325  0.343777408909  0.378639158064  0.4239037456  0.499808938982  0.596869729705  0.715229928454  0.855561386035  1.00944883928  1.1740083185  1.34646898467  1.50513177804  1.64091454038  1.76115409824  1.86964445794  1.96825605404  2.05859896003  2.14218869952  2.22029088162  2.29418977084  2.36567053746  2.43778541666  2.51628787138  2.60835701018  2.71869966821  2.84950691982  3.00396574003  3.18877602677  3.25369879955  

-1.16472844608e-17  0.0233505179176  0.0930307828651  0.15788531413  0.217161144956  0.276461237844  0.3279348761  0.377605790998  0.430327485722  0.48739957938  0.550399307663  0.583479755103  0.621202745889  0.668926859376  0.746512246942  0.842535852092  0.956488082339  1.08892548308  1.23232182375  1.38446246787  1.54275082141  1.68667710716  1.80737548241  1.91085504402  1.99971009861  2.07471161865  2.13629064355  2.18466564456  2.21989141742  2.2424866609  2.25432498351  2.25920701936  2.26255687469  2.2710148793  2.29147625557  2.32872109054  2.38550249203  2.46483974598  2.49465745566  

-0.0414490855113  -0.0414498580589  -0.0415130035989  -0.0418294011328  -0.0424854870216  -0.0433576850074  -0.0441352881877  -0.0448835266079  -0.0457102300026  -0.0466657136991  -0.0477557377019  -0.048305709787  -0.0488861120047  -0.0495396005407  -0.0503889071281  -0.0510378771094  -0.0512203595717  -0.0507269064399  -0.049591816206  -0.0481150971995  -0.0468217776024  -0.0464058883696  -0.0470817803122  -0.048835015806  -0.0516614047619  -0.0555430541654  -0.0604665486166  -0.0664322814985  -0.0734230536669  -0.0813720205537  -0.0901657708827  -0.0997492258393  -0.110383879727  -0.122485144666  -0.136115876066  -0.151128112223  -0.16758917268  -0.18585343188  -0.191940795935  

1.57999946436  1.58000015512  1.58003594494  1.58010151005  1.58001003843  1.57959370313  1.57897542009  1.57816650586  1.57704225505  1.57547270422  1.57336907842  1.57218874637  1.57085567356  1.56924221064  1.56694677227  1.56499956535  1.56440400077  1.5662740507  1.57099283172  1.57771869639  1.5841379052  1.58634942065  1.58239508441  1.57155209144  1.55308405018  1.52634409846  1.49063276517  1.4450906776  1.38890462539  1.3216013859  1.24313430527  1.15303182383  1.04771069064  0.921457933721  0.771747101021  0.598603339562  0.399944182542  0.170001935378  0.0913242417141  

18.4591072295  17.3577876088  14.1180031702  11.23675782  8.785078215  6.56708460105  4.87544316867  3.47273811592  2.23557535471  1.1724338136  0.290908614501  -0.0680627435381  -0.404253917735  -0.735755919715  -1.10090943202  -1.34397035684  -1.44597236226  -1.420123077  -1.29836587131  -1.11365729563  -0.89274735244  -0.686909377518  -0.524420802369  -0.401972284857  -0.315076663628  -0.256559530971  -0.21479790492  -0.173617107391  -0.112810959785  -0.0110426149213  0.146894650013  0.361022082425  0.612242189039  0.848551718181  0.977750452889  0.927310531542  0.720310107812  0.537299171715  0.547833299303  

1.64538217729  1.64579025311  1.64989222798  1.6529428926  1.6508121535  1.64204732696  1.62914417434  1.61288100534  1.59288649917  1.57009925559  1.54648685256  1.53579352999  1.52548352484  1.51512063641  1.5036778881  1.49686830993  1.49642425881  1.50228190402  1.51136378663  1.51837567245  1.5163494354  1.5000342041  1.47022344536  1.42754528986  1.37219500113  1.30444620336  1.22433323729  1.13162776713  1.02642150147  0.909773634611  0.784112871179  0.652487177273  0.516077809343  0.378064040507  0.249641224535  0.144346467382  0.0719778309705  0.0407161152106  0.0409289783156  

-0.186537534692  -0.186110593047  -0.179581108097  -0.16649006066  -0.150112171644  -0.13194342785  -0.116187113106  -0.101706127146  -0.0875982862826  -0.0742910145199  -0.0625547901836  -0.0578009774759  -0.0535386761464  -0.0495864521433  -0.0456795465732  -0.0437437177783  -0.0439044937181  -0.0456379850982  -0.0476951585167  -0.0486127035809  -0.0469758997203  -0.0423641801758  -0.0356595329468  -0.0274044338149  -0.0180039633249  -0.00785110338506  0.00271430984277  0.0133832122005  0.023801329512  0.0335372889346  0.0420999317226  0.0489992846982  0.0537298429914  0.0553238366468  0.0522951760632  0.0432595674606  0.0269561372295  0.00167329078794  -0.0083454778834  

0.0582737261283  0.188565696428  0.548303058278  0.843019585773  1.06360734416  1.21298408734  1.27518091327  1.27777153123  1.22600556489  1.11735765288  0.948790884801  0.847113826773  0.732230723256  0.597989046947  0.409842534181  0.22693234775  0.0742490155395  -0.0284504197863  -0.0654489245345  -0.037497160736  0.0492836426237  0.168619208226  0.292998738641  0.414789104968  0.529247261518  0.632049799766  0.719687376803  0.788853296959  0.835457367452  0.854263009437  0.839518755214  0.787003087051  0.694481974231  0.563315494288  0.407448795306  0.252491179199  0.126003109046  0.0576083957412  0.0541835856307  

-0.305110130996  -0.307674378135  -0.342821370229  -0.38409147722  -0.381859484659  -0.332123289578  -0.272761655912  -0.21834705558  -0.171259303173  -0.133777371267  -0.105545174599  -0.0946861581939  -0.0846285934335  -0.0744792536968  -0.0619526228148  -0.0505696697328  -0.0412913914562  -0.0364474375141  -0.0396465415059  -0.0534610382411  -0.0784652573075  -0.108243403405  -0.135430406172  -0.157224228571  -0.171392940356  -0.175976539642  -0.169338388533  -0.14999981489  -0.11674195839  -0.0690007010304  -0.00711618234831  0.0684412188877  0.159807787603  0.271403311096  0.405528248971  0.563113563892  0.747963437864  0.968559111889  1.04594887676  

-0.120310496951  -0.0986798097312  -0.0240633071743  0.0614417983096  0.130081100152  0.166129850261  0.171654597806  0.163266197573  0.148469280133  0.132508039559  0.119207714109  0.114416201021  0.11056458537  0.107603498168  0.105327812012  0.103156783276  0.0978513538736  0.0869742048128  0.0723378550379  0.0593540173371  0.0558444021108  0.0677512481307  0.0932347731814  0.129704654491  0.174843883765  0.226066470137  0.280708687259  0.335912610411  0.38822349717  0.43359944633  0.468023488305  0.488387299115  0.492157435502  0.474983971551  0.430811879485  0.352932083928  0.231112820299  0.0464980971277  -0.0280730158918  

1.44411716657  1.45167246185  1.45989298645  1.43898149742  1.38927786096  1.3114827058  1.22631919406  1.13415714097  1.03137194972  0.920758307949  0.80693545095  0.753498335202  0.700978290342  0.647593686489  0.58513665875  0.53594505062  0.500862364207  0.476060835294  0.457702553551  0.4420561736  0.427667410058  0.415946035163  0.407386709495  0.401253950507  0.397006417124  0.394031984985  0.391533881004  0.388517830968  0.383637175806  0.374794415907  0.358741899259  0.33149177229  0.289144010561  0.229654126776  0.157529105761  0.0842216648617  0.0237492831836  -0.00763162618297  -0.00807846146001  

2.33505183237  2.33505183237  2.33505183237  2.33505183237  2.33505183237  2.33505183237  2.33505183237  2.33505183237  2.33505183237  2.33505183237  2.33505183237  2.33505183237  2.33505183237  2.33505183237  2.33505183237  2.33505183237  2.33505183237  2.33505183237  2.33505183237  2.33505183237  2.33505183237  2.33505183237  2.33505183237  2.33505183237  2.33505183237  2.33505183237  2.33505183237  2.33505183237  2.33505183237  2.33505183237  2.33505183237  2.33505183237  2.33505183237  2.33505183237  2.33505183237  2.33505183237  2.33505183237  2.33505183237  2.33505183237  

-1.55956952597  -1.55885704932  -1.55609523471  -1.55218572202  -1.54662055481  -1.5377969456  -1.52556435167  -1.50626338193  -1.46891657838  -1.3743508074  -0.883498666405  0.274677055329  1.02696756835  1.24605670157  1.34581921544  1.38315286317  1.39550031803  1.3940594066  1.38209080111  1.35804266066  1.31433667773  1.24504234042  1.14886324609  1.02492231041  0.884084658422  0.745821725844  0.617717336564  0.481633602414  0.298131647765  0.0271343997041  -0.314984596893  -0.626560170242  -0.837168372914  -0.945634469935  -0.962715145821  -0.887051887837  -0.710049152181  -0.524233339202  -0.518699071187  

0.0  0.0233505183237  0.0930324666965  0.157922478781  0.217363162546  0.277007012447  0.328723087874  0.378220946735  0.429902843825  0.484407690114  0.542376805802  0.571771727884  0.604371493571  0.644224679561  0.705862963667  0.777235168786  0.855851020671  0.940435615703  1.02569744532  1.11114957162  1.1970590397  1.27499874037  1.34251879613  1.40429999551  1.46289835577  1.51973578567  1.57600514665  1.63277326346  1.69077011554  1.75030620513  1.81134220956  1.87400496233  1.93982476775  2.01026884618  2.0839804425  2.15862877577  2.23369363752  2.31055450881  2.33505183237  

