1.03409464076e-18  0.450798479535  2.15669303716  3.8256120198  5.73566166325  7.80466010632  9.58544804685  11.4886276272  13.6124995917  15.88717708  18.1467740743  21.0136379688  23.4055010758  25.9034288172  28.4893773273  31.1373796061  33.849391038  36.680490064  39.8916818811  42.7985967867  45.1710159971  45.2637030795  

-5.57947932238e-19  -3.30274365961e-05  -0.00123306173897  -0.00550807347773  -0.0164680790085  -0.0376428091853  -0.0643905086791  -0.101696535242  -0.152880973476  -0.214977359404  -0.276043764799  -0.340387008031  -0.377830437118  -0.3994123576  -0.402331627265  -0.384836799079  -0.345988413068  -0.284320062091  -0.191862631405  -0.0920015168583  -0.00255780377238  0.0010112631805  

1.65102958275e-18  -0.000154943087403  -0.00142197968431  -0.00380779110541  -0.00767796815445  -0.012629294573  -0.0170683417142  -0.0215922072843  -0.0256817485477  -0.0274018367033  -0.0251754588507  -0.0187352770348  -0.0121712898121  -0.00492509473117  0.00268617895043  0.0103813196257  0.0179080741293  0.0249887089186  0.0315136044037  0.0358950580579  0.037841168281  0.0378507753405  

0.0  0.0152793966785  0.0730406678546  0.129449893861  0.193976057779  0.263619743804  0.323420586571  0.388389370831  0.464517971206  0.552700584199  0.646783925365  0.76973032118  0.869526348025  0.966132582813  1.0546480934  1.13220407548  1.20029227841  1.26552415477  1.34350921557  1.42626545605  1.50409758893  1.50729529089  

0.0  -1.08465928304e-06  -6.01153337177e-05  -0.000403992700636  0.000806447651447  0.019706897733  0.0724797663118  0.184976891578  0.394970611986  0.733176041396  1.19073813775  1.93094914023  2.65828309864  3.48877007019  4.38174400438  5.28146029195  6.13664139173  6.91367141883  7.6270606863  8.13826643547  8.49954549547  8.51326826328  

-3.01331240911e-18  2.40764672907e-07  1.52062244315e-05  0.000174503921218  0.00196283006673  0.0103735503959  0.0258780412925  0.0510173990068  0.0883205340936  0.136669760831  0.188328447575  0.249454356196  0.290400753253  0.318766414482  0.328704835038  0.315045744297  0.274144424414  0.203584395517  0.0972853377601  -0.00969326988081  -0.0936536434802  -0.0966978577667  

-2.80932221412e-18  5.3515604494e-06  0.000585284398395  0.003238007479  0.0105174347029  0.0243660496801  0.0411873345676  0.064407901793  0.0975532799482  0.142813586654  0.199050282475  0.288412177951  0.380001993612  0.493554247238  0.631262239621  0.793783858285  0.982212119949  1.20103960344  1.4734920675  1.73933719035  1.96871238991  1.97789984605  

0.0  0.000350215057903  0.00800738174863  0.0250234999777  0.0546254965814  0.094784140522  0.133636888866  0.179528471678  0.237031997393  0.306933115074  0.385358172743  0.498060696243  0.603553479256  0.724562708305  0.860530174107  1.00919676446  1.1684919635  1.33831512514  1.5293653667  1.69602227077  1.82588019201  1.83084008478  

-5.34390937004e-18  0.015279949626  0.0730812874385  0.129562537474  0.194068873175  0.263710105398  0.323564728561  0.38795387103  0.461240903941  0.542552389639  0.627045861083  0.740371175589  0.840630143082  0.950834769395  1.07007079243  1.19583608291  1.32543234062  1.45686171975  1.59380483392  1.70026534969  1.77222213218  1.77475508525  

0.00778478368733  0.00778478250112  0.00778439958262  0.00777940038987  0.00776348954438  0.00779644115303  0.00792828525076  0.00816415847199  0.00850087542225  0.00891163824096  0.00934849045199  0.00992132465605  0.0103999572079  0.0108814566558  0.0113309607827  0.0116955657259  0.0119074122125  0.0118712601477  0.0113838595853  0.010398855398  0.00911818876414  0.0090584209968  

-0.00349378624986  -0.00349378514456  -0.00349353564773  -0.00349178490852  -0.00349110208607  -0.00347583953018  -0.00337648050991  -0.00311711065007  -0.00261933136849  -0.00184554651325  -0.000844334910388  0.00072878781405  0.00226504708594  0.00401956160877  0.00586363236543  0.00753532072033  0.00861158385902  0.00839030604539  0.00526040000349  -0.00173596447274  -0.0116517728529  -0.0121324404945  

0.00314823627331  0.00483152261434  0.0132402501004  0.023467085808  0.0348270048103  0.0424539867633  0.0427325474691  0.0360744331308  0.0210792466342  -0.00157726644497  -0.0276465658869  -0.0602971568665  -0.0826968792194  -0.0977191077764  -0.102006816205  -0.0944772167727  -0.0772958951277  -0.0554154797237  -0.0344555555345  -0.0204749073053  -0.00195913188559  -0.000812802200045  

0.00884053892782  0.0088418420825  0.00888746627483  0.00898642886211  0.00900647095015  0.00887548296482  0.00892857833077  0.00937213854889  0.0103439076321  0.0118090588898  0.0135124451274  0.0157123933546  0.0172965224985  0.0184053396721  0.0186524442225  0.0176667776738  0.015200514165  0.0111980150608  0.00574244545201  0.00151043245324  3.30939911591e-05  3.12885831573e-05  

0.00321416092428  0.00321568697169  0.00328217836997  0.00354107224021  0.00408259440669  0.0045216670232  0.00451163670878  0.00419021472069  0.0036471514818  0.00301053406638  0.00241913950182  0.00181903443684  0.00149921583612  0.00137570251245  0.00148678740148  0.00182609168101  0.00231783113538  0.00278887321065  0.00285516696502  0.00194965269412  9.2224669698e-05  -6.31048575792e-06  

0.038449075163  0.0369396160719  0.0306885875672  0.0223689510591  0.00923776459905  -0.005981829922  -0.016405009574  -0.0238360427994  -0.0282670583153  -0.0296296554316  -0.0284269529204  -0.0241927082883  -0.019009190116  -0.0126456259894  -0.0057897747821  0.000576148422661  0.00534202394246  0.00741016740728  0.00572813321874  0.00192010511711  -3.14442271236e-05  -3.45585937192e-05  

0.00716290991963  0.00717741162111  0.00709239100614  0.00574990056132  0.00190992274575  -0.0043980787251  -0.0108586688719  -0.0180607252864  -0.0258043754583  -0.0333834526058  -0.0400895840534  -0.0475456332386  -0.0530238745065  -0.0580493931746  -0.0622912961373  -0.0650814401311  -0.0653522615003  -0.0613450403066  -0.0489588885309  -0.0277329426234  -0.00124143897652  -1.34276433272e-05  

-0.0464543587297  -0.0467611903944  -0.0476477154643  -0.0486710394112  -0.0515319394553  -0.057283807177  -0.0629296105315  -0.0681206917731  -0.0721572527517  -0.0743422026584  -0.0745524715777  -0.0724900137011  -0.0691031286478  -0.0641124870547  -0.0574176721642  -0.0489521679575  -0.0387042135821  -0.026763325364  -0.0131227772452  -0.00325194811537  0.000231223078147  0.000238605602736  

-0.238479031888  -0.236343613905  -0.228193477224  -0.220154662268  -0.210664794839  -0.199328445502  -0.188185760397  -0.174777367819  -0.158287285369  -0.139498672402  -0.120588298318  -0.0974769467328  -0.0795308122075  -0.0623683697878  -0.0464553596722  -0.0322502846235  -0.0200873665762  -0.0102816156338  -0.00318595841058  -0.000488903451269  -0.000177806070658  -0.00018014947771  

1.52799496282  1.52799496282  1.52799496282  1.52799496282  1.52799496282  1.52799496282  1.52799496282  1.52799496282  1.52799496282  1.52799496282  1.52799496282  1.52799496282  1.52799496282  1.52799496282  1.52799496282  1.52799496282  1.52799496282  1.52799496282  1.52799496282  1.52799496282  1.52799496282  1.52799496282  

-3.06088654513  -3.018096963  -2.81369822245  -2.59874032836  -2.41032680121  -2.31358837265  -2.31868662977  -2.41784129726  -2.68120538143  3.10620952605  2.60747186998  2.25922779357  2.13212346007  2.07882405614  2.07777759015  2.12504208742  2.22713114274  2.39051715548  2.59725557482  2.76644981344  3.09864712204  3.12364879864  

0.0  0.0152799496282  0.0730813073788  0.129563384193  0.194091345368  0.263880662664  0.323920694677  0.388130951903  0.459926284371  0.537015349015  0.61356914825  0.710348394238  0.790862521161  0.874837012357  0.961734363694  1.05074869534  1.14201768647  1.23747438385  1.34599974612  1.44441999117  1.52485076438  1.52799496282  

