-6.1170573956e-19  0.261404778265  1.90133000648  3.5004584461  5.43530124884  7.37094427077  9.99953579557  12.4694106126  14.9160177717  17.4589572666  20.0946851591  22.5877344363  24.9148716146  26.3157780346  

2.91828305187e-18  -9.77487530151e-05  -0.00497946733744  -0.0158858139792  -0.0337005258328  -0.0507247601974  -0.0649028404607  -0.0663154618143  -0.0576129559001  -0.0421617049012  -0.0252259908352  -0.0123602797802  -0.00399018366183  -6.80303360123e-05  

9.71479774394e-19  -0.000752344401076  -0.00515014546753  -0.00842680586401  -0.00968800203346  -0.00777765930549  -0.00296969926023  0.00171601636756  0.00522556767366  0.00672286551855  0.00604303951033  0.00438753860358  0.00304026262324  0.00274304095523  

0.0  0.00864250325351  0.0627560053522  0.115322828615  0.178839976634  0.242369076384  0.327660279919  0.405874190878  0.481173478983  0.557335695908  0.634828757543  0.707634243725  0.775648797729  0.816628659803  

0.0  -3.22298323672e-06  -9.10689606486e-05  0.000151474721209  0.00307254501325  0.0180498525925  0.0855621354139  0.216825720362  0.413784171877  0.685819510242  1.04050173968  1.45032990576  1.90596956867  2.21686579492  

-1.11752119409e-18  5.52444347377e-07  0.000179996465179  0.000962986780688  0.00336977896361  0.00893188468679  0.0228147781814  0.0394561991178  0.05608902819  0.0728610028528  0.0916379057971  0.11297954845  0.136770819976  0.152452041369  

1.39832749757e-18  9.68711120333e-07  0.000372029957141  0.00230347683843  0.0083646179512  0.019541283945  0.0431237565911  0.0745171977023  0.115579781476  0.170182721201  0.24114948686  0.323099430871  0.413703119762  0.475257389303  

0.0  0.000112041988374  0.00591112631097  0.0199020118209  0.0468238546638  0.0818479553612  0.137697056368  0.198234516265  0.266749783585  0.347401972471  0.441203419906  0.539396661819  0.639335810959  0.703401084755  

0.0  0.00864260806825  0.0627833993864  0.115403865451  0.178833854542  0.242205387158  0.328417523363  0.410043047266  0.491967571443  0.578607552174  0.67041831569  0.759589161851  0.84533070432  0.898312383649  

-0.00475152672297  -0.00475152689015  -0.00475157506861  -0.00475141374817  -0.00475426508331  -0.00479669268248  -0.00499088870162  -0.00529447404593  -0.00566189158544  -0.00607573425622  -0.00649699890532  -0.00683618666559  -0.00703992652109  -0.00707944103456  

0.0089392000754  0.00893920023601  0.00893923506747  0.0089391781344  0.00893909452479  0.00892506482555  0.00877664036734  0.00839944624324  0.00776665107925  0.0068492142168  0.00569761300549  0.00459685217154  0.00383960780291  0.00367853239749  

0.043182247891  0.0408821633956  0.0263308539109  0.0125808408588  -0.00200234797212  -0.0125730301684  -0.0186772105583  -0.016535536842  -0.00966133021168  -0.00112730208245  0.00555533495183  0.00740356764179  0.00425237558115  4.82492759757e-05  

0.00750972273902  0.00750998191607  0.00751759387688  0.00752598425052  0.00753094363165  0.00743422171747  0.0068193625165  0.00568326138848  0.00424090702975  0.00269272219046  0.00132036428918  0.000439641907321  5.28809936353e-05  -2.92442051362e-08  

-0.0028854372438  -0.00288521158863  -0.00287425441764  -0.00284826104461  -0.00275427234971  -0.0024678713565  -0.00175935022994  -0.00101998683594  -0.000419006860879  -1.81124377134e-05  0.000146465138445  0.000117870546393  2.60327359501e-05  -1.43493561916e-06  

-0.00736663955834  -0.00660884128811  -0.00173897580071  0.00366953253495  0.011294392751  0.0184816497809  0.024065673046  0.0245234281288  0.021693270613  0.0167156090765  0.0107462352021  0.00548024126503  0.00164717107461  9.15403523315e-06  

-0.104063049976  -0.104067483257  -0.103934953584  -0.102282168031  -0.0963797512731  -0.0865680592822  -0.0707371535636  -0.0557885517097  -0.0416673288934  -0.0280193983543  -0.015542840888  -0.00624529692719  -0.000957937317768  3.48715826622e-05  

0.0577582004402  0.0578623145951  0.0585151975157  0.059398251777  0.0614092879992  0.0645073661531  0.0682618318129  0.0691005970902  0.066446706288  0.0596161528929  0.0478176726713  0.032005784581  0.013152848771  2.60043188028e-07  

0.139964697117  0.13846646877  0.12903382201  0.119720315573  0.108105330623  0.0958644869436  0.0783076237861  0.0614714065298  0.0452610065557  0.029697063733  0.0158963623371  0.00611765404984  0.000903875198487  -1.40183575753e-05  

0.864260806915  0.864260806915  0.864260806915  0.864260806915  0.864260806915  0.864260806915  0.864260806915  0.864260806915  0.864260806915  0.864260806915  0.864260806915  0.864260806915  0.864260806915  0.864260806915  

-1.0678216063  -1.04437136362  -0.83672146635  -0.487016571198  0.0840353756694  0.482849043844  0.642509842643  0.558335927129  0.328881576545  0.0370913216248  -0.169373898114  -0.213304334666  -0.120224773904  -0.00136308066852  

0.0  0.00864260806915  0.0627835303069  0.115408503791  0.178884242113  0.242405938387  0.328832019078  0.41005603445  0.490408766135  0.573812621922  0.660238702613  0.74200703508  0.818327241909  0.864260806915  

