-7.86270057622e-19  0.295087079058  1.95070639001  3.57441273714  5.56440005526  7.67846822788  9.46966539492  11.3860642605  13.7744909373  16.7045129233  19.1811343874  21.6547701631  24.331203555  27.2766896245  29.4736961695  

-2.7374228025e-18  -7.04492048729e-05  -0.00290809263053  -0.00925547993817  -0.0210482098924  -0.0372195770777  -0.0522710840128  -0.0674923592675  -0.0818530723184  -0.0887576305653  -0.0844094347277  -0.0717663046859  -0.0511764845454  -0.0231894907035  0.000122633434817  

-2.79322318804e-18  -0.000467995314912  -0.00283908546141  -0.00480379320124  -0.00677248709073  -0.00810555489768  -0.00824212254704  -0.00718044528007  -0.00445384823964  -0.000110665436994  0.00349660266067  0.00641819598412  0.00854762913054  0.0100455974966  0.0106796786152  

0.0  0.00998304686972  0.0659847386623  0.120893216305  0.188301282907  0.259778279241  0.319789297033  0.383442142703  0.462148090361  0.557324730944  0.635814775051  0.711951117134  0.791850619025  0.877218615043  0.939350827158  

0.0  -2.31572257677e-06  -6.38416274446e-05  -0.000117432954377  0.00147940224647  0.0188852813982  0.0658735142098  0.16311932655  0.359527438288  0.711316481176  1.09353854894  1.54103941552  2.08801226379  2.75654145796  3.29790499744  

8.7971103278e-19  4.49656475595e-07  9.3805908411e-05  0.000453623358753  0.00212582329606  0.00892722542858  0.0207492682027  0.0383038030941  0.0634888143147  0.0937600953478  0.115562927155  0.132703721743  0.146518750176  0.157632027374  0.164003606938  

-1.97784760896e-18  1.49280283298e-06  0.00043196247903  0.00264612901333  0.0096765549924  0.0234531509681  0.0401438644701  0.0632223578935  0.100412690176  0.160779427098  0.226238087101  0.306252485368  0.410599860515  0.548163044584  0.667095754628  

0.0  0.000149496572476  0.00653521301001  0.0218583956223  0.0516586977587  0.0924087413327  0.131437534431  0.177542743618  0.242322920769  0.334077445882  0.422504051076  0.520585375132  0.63720503471  0.777412268919  0.889651234026  

-2.30462120056e-18  0.0099832058304  0.066016394855  0.120993541339  0.188372818621  0.259872412812  0.320420720816  0.385486214536  0.467660930478  0.571091450772  0.66129175247  0.754053371329  0.857296530766  0.974083745152  1.06317879205  

0.00365868153784  0.00365868134656  0.00365856903037  0.00365708645364  0.00365372195968  0.00369150074221  0.00379716530139  0.00397141740672  0.00422647370559  0.0045238873842  0.00470570876537  0.00476936862448  0.00463739942032  0.00415425622576  0.00349916928162  

0.00132929246783  0.00132929265061  0.00132937042046  0.00132995772999  0.00133044755162  0.00134543626731  0.00142230852378  0.00161066543924  0.00199221549697  0.00258837508664  0.00304724050883  0.00323449896681  0.00275420785138  0.000738185041627  -0.00232803305195  

0.00990664767845  0.00951478943715  0.00769065109475  0.00636366240083  0.00472960294542  0.00199956604526  -0.00128867859188  -0.00519566809569  -0.0093097622015  -0.0114093882527  -0.01022540651  -0.00732700976711  -0.00431238878467  -0.00263625519367  -4.86391652081e-05  

0.00547591679371  0.00547619727678  0.00548915383296  0.00551461634579  0.0055244071161  0.00551916964062  0.00557199845334  0.00567265954584  0.00572036600108  0.00540400971746  0.00466971374644  0.00350962355381  0.00196819743351  0.000462175523922  -6.50202322321e-07  

0.000462856008978  0.000463144762124  0.000478104877177  0.000528302953358  0.000635777951944  0.000699457916404  0.000683886019065  0.000669979711033  0.000746683355519  0.00101526037141  0.00133203002485  0.00160956866313  0.00166730999843  0.00110638864094  1.69346837201e-06  

0.00753424402518  0.00743248057239  0.00666125060886  0.00513297627396  0.00200944313198  -0.0011728872451  -0.0023547222022  -0.00201461835541  -0.000177828933853  0.00257596244609  0.00419312271003  0.00451648564041  0.00329466885859  0.000955942616061  -8.36401888261e-06  

-0.0127161736922  -0.0127165270483  -0.0131359585158  -0.0154710463088  -0.0220973521844  -0.031680339168  -0.0396956782664  -0.0472548538138  -0.0548100197846  -0.0607047734318  -0.0619531813992  -0.058607522946  -0.0481260016999  -0.0258136846538  -3.95488637721e-05  

-0.0594687808975  -0.0590860908799  -0.0568882222895  -0.0548200265443  -0.0531489199468  -0.0528851483405  -0.0529312447265  -0.0521079458789  -0.0490470259169  -0.0420120701973  -0.0336055656314  -0.0236888826216  -0.0126274593  -0.00287269478333  1.06648624828e-05  

-0.113156079493  -0.111381259926  -0.101652689629  -0.0924817658095  -0.0816309063952  -0.0702613972728  -0.060589741056  -0.050301225109  -0.0379617601442  -0.0243377537806  -0.0147739115214  -0.00749705386044  -0.00248880709228  -0.00022122310784  8.15447468272e-06  

0.998320583153  0.998320583153  0.998320583153  0.998320583153  0.998320583153  0.998320583153  0.998320583153  0.998320583153  0.998320583153  0.998320583153  0.998320583153  0.998320583153  0.998320583153  0.998320583153  0.998320583153  

-2.64526633019  -2.66197792995  -2.74360894216  -2.80668448756  -2.88826240798  -3.03367999645  3.07382078131  2.88567680639  2.72662915362  2.67442615885  2.73162242663  2.84349525069  2.95771052194  3.01534934293  3.13881262005  

0.0  0.00998320583153  0.0660164770903  0.120996097641  0.188404334505  0.260047436458  0.320766501732  0.385714737632  0.466598048089  0.565751142981  0.649566066086  0.733329297604  0.824014725717  0.923846784033  0.998320583153  

