-5.51461893234e-23  0.366017232347  1.0810643199  1.7616597823  2.39909488686  2.99891793461  3.60593936634  4.21805633441  4.83382936828  5.45738210868  6.09588185075  6.75486996297  7.43358955033  7.97025120553  8.28002339755  8.61793206633  8.90875599019  9.178361882  9.49095093138  9.88039679251  10.4957422009  11.2037845563  11.9746022033  12.781178871  13.6254208147  14.5092677112  15.4350913391  16.4060984921  17.4269603447  18.5048426726  19.6272410674  20.6878928052  21.6998314232  22.6766052761  23.6242460409  24.5422863397  25.4211647302  26.243342316  26.9707088648  27.701265987  28.4352456  29.2162810258  30.0500683062  30.9321867022  31.8522726002  32.7959345128  33.7474449984  34.6957424648  35.6455343631  36.5822742474  36.8421046636  

1.235754666e-22  -0.000222639378768  -0.00194192125429  -0.00515580167275  -0.00956014892883  -0.014935140032  -0.0215879082264  -0.0295304475478  -0.0387676446702  -0.0493915182259  -0.0615859366244  -0.0755510889364  -0.0913592279241  -0.10481270012  -0.112902267648  -0.121903632504  -0.129694054309  -0.136859244067  -0.145009738938  -0.154838918193  -0.169503534101  -0.184955453686  -0.199979083732  -0.213655701651  -0.225710976432  -0.235842474539  -0.243717177956  -0.248962948265  -0.251152064615  -0.249769466147  -0.244312391602  -0.235415794889  -0.223584275929  -0.209141226483  -0.192425975574  -0.173955315742  -0.154666077862  -0.135941037234  -0.119511912038  -0.103645817705  -0.0886615554033  -0.0739736559332  -0.0598534631533  -0.0467359968812  -0.0350538260294  -0.0251246231162  -0.0170557318218  -0.0106774371483  -0.00553673194867  -0.0011659500342  -1.80239895149e-06  

-2.48194881561e-22  -0.00121753638937  -0.00359549409559  -0.00585794474032  -0.00797582214257  -0.00996742507673  -0.0119811492659  -0.0140091951545  -0.0160454438311  -0.0181010626101  -0.0201944587971  -0.0223308877998  -0.0244685378282  -0.026023506826  -0.0267602472421  -0.0272196801818  -0.027146101759  -0.0267236506942  -0.0259912450213  -0.0249092844839  -0.0230443048292  -0.0208057867319  -0.0183227371998  -0.0157004312504  -0.0129421562007  -0.010046729359  -0.0070098473033  -0.00382399568158  -0.000477300187682  0.00304859618698  0.00670393776057  0.0101303481846  0.0133520485616  0.0163753291552  0.0191359930218  0.0214420733999  0.0229050589032  0.0231948405814  0.0225806062804  0.0214087805956  0.0199100937695  0.018125374998  0.0161154722127  0.0139549815423  0.0117382904211  0.00958560507235  0.00764411489309  0.00607430111377  0.00501644390899  0.0045689579463  0.00454811508994  

0.0  0.0121901773544  0.035997727384  0.0586452210793  0.0798464427743  0.0997943420577  0.119989317438  0.140373030514  0.160908054905  0.181739544432  0.20311310869  0.225223063429  0.248058842185  0.266165115986  0.276631628485  0.288057463067  0.297916406225  0.307101672156  0.31781131247  0.331227681022  0.352545552743  0.377192360907  0.404094892271  0.432242681444  0.46160686004  0.492131129023  0.523742430136  0.556362859626  0.589929254054  0.624424325023  0.659198807556  0.690928741419  0.720174114328  0.747496108042  0.773236459147  0.797579292868  0.820521308153  0.841911797053  0.860978179485  0.880351375635  0.900037229346  0.921178263109  0.943891366148  0.968000992449  0.993164762524  1.01894369584  1.04488566636  1.07068154838  1.09644418928  1.12173669447  1.12872204949  

0.0  -7.26265073852e-06  -5.36628988545e-05  -0.000100018673038  -8.82537035619e-05  3.75888815387e-05  0.000373837854618  0.00108847344151  0.00246984550863  0.00500161464634  0.00944906191445  0.0169095375919  0.0287168580374  0.0417259570238  0.0509136167408  0.0624436482934  0.0737077270113  0.0853323760197  0.100287542263  0.121171774133  0.159288145947  0.210867254854  0.276245893737  0.354625656873  0.447078697179  0.554582959685  0.678030754475  0.818250020271  0.976064318542  1.15241844902  1.34444610331  1.53157654478  1.71324632557  1.88972978339  2.06043713757  2.22402246626  2.3781652278  2.52024326552  2.6449467926  2.77018358798  2.89700723084  3.03432276121  3.18519086622  3.35154676869  3.53463388265  3.73482988904  3.95155500522  4.18420020964  4.43523406993  4.70127293085  4.77834797353  

-3.84411062694e-23  1.76804333859e-06  4.35197197827e-05  0.000180691043606  0.000441594880598  0.000844200860018  0.0014559636005  0.00235253849076  0.00364148166349  0.00547991748063  0.00808166422732  0.0116980360926  0.0165510733626  0.0212460812234  0.0242945259512  0.0278762928964  0.0311422128578  0.034292829168  0.0380613151447  0.042886410335  0.0507074376363  0.0598594180579  0.06982953384  0.0800820728175  0.0904249762588  0.100632671852  0.110443601725  0.119553956941  0.127607057281  0.134174103058  0.138649989174  0.140455736286  0.139830106469  0.136960846811  0.132042012704  0.125402098004  0.117694184044  0.109957945596  0.103372529837  0.09754912611  0.0928729513654  0.0894701506324  0.0878412025614  0.0885211643306  0.0919368156693  0.0982829002263  0.107436988764  0.118987222133  0.132460052277  0.146923631455  0.151039383269  

4.72455518377e-23  2.71907503442e-06  7.0126723994e-05  0.000303643768394  0.000766909714278  0.0014964955322  0.00259486153445  0.00413246606932  0.0061675899048  0.00876504441109  0.0120044936617  0.015966508004  0.0206943365478  0.024885297508  0.0274804002169  0.0304546014396  0.0331389286734  0.035738946086  0.0388924979426  0.0430307213595  0.0500437365964  0.0588434850226  0.0693391636213  0.0813845549105  0.0952080334283  0.11107242586  0.129285729089  0.150216666767  0.17432184456  0.202194302031  0.233945134489  0.266571683414  0.300117450328  0.334756626617  0.370480750329  0.407052970832  0.44385073058  0.479892740421  0.513159359412  0.547919457429  0.584207394032  0.624318357417  0.668838236551  0.71785666118  0.771107967286  0.828015413811  0.887805275433  0.949883088052  1.01466778582  1.08127557079  1.10025257153  

2.53706977051e-22  0.000222911112366  0.00194439925673  0.00516192896061  0.00956703866683  0.0149285636434  0.0215265607764  0.029319893534  0.0382270837681  0.0482150046424  0.0593017362719  0.0714954531771  0.0847040514541  0.0955364320978  0.101923198008  0.108992468146  0.115173433266  0.121002172965  0.127887308479  0.136653596382  0.150923630936  0.167984108171  0.187361467103  0.208569254967  0.231821559476  0.257348180777  0.285404574603  0.316285725437  0.350351476965  0.388071783491  0.429211085073  0.469764329623  0.509895920473  0.549880073416  0.589743743423  0.629260282535  0.66782733016  0.704547118832  0.737591163873  0.771320962145  0.805737186431  0.842920030933  0.883240671522  0.926610760263  0.972659857228  1.02080744507  1.0703760503  1.12089365762  1.17272364572  1.22517799084  1.23997991502  

0.0  0.0121904676381  0.036004197681  0.0586684827629  0.0798929332185  0.0998614303639  0.120063650041  0.14042556713  0.160893406702  0.181596302118  0.202761983235  0.224561408561  0.246952726619  0.264597086782  0.274745523308  0.285779729451  0.295267140611  0.304084458098  0.314346188063  0.327183452799  0.347568725231  0.371172173213  0.397058577361  0.424379091368  0.453253449346  0.483806853925  0.51618132945  0.5505479097  0.587127042778  0.626223275323  0.66740301545  0.706689555863  0.744428297465  0.781001226917  0.816515689851  0.850837895837  0.883525332156  0.913938472096  0.940754982471  0.967635245469  0.994600658138  1.02326852275  1.05387839984  1.08632765346  1.12032668728  1.15545948102  1.19126307942  1.22743359323  1.26425549574  1.30124943931  1.31164060713  

-0.0234426850301  -0.0234427065452  -0.0234432824597  -0.0234453789821  -0.0234495698161  -0.0234559771726  -0.0234650916453  -0.0234770236665  -0.023492058972  -0.0235111990799  -0.0235364108386  -0.0235703973292  -0.0236157787067  -0.0236599393328  -0.0236888535226  -0.0237232339894  -0.0237552402805  -0.0237870145194  -0.0238264723274  -0.0238796336734  -0.0239729757189  -0.0240956161464  -0.0242502582625  -0.024440117517  -0.0246760872876  -0.0249726502695  -0.0253486241076  -0.025828157235  -0.026442287  -0.0272316195909  -0.0282279447885  -0.0293512510463  -0.0306021694931  -0.0319863580371  -0.0335023800767  -0.0351372269276  -0.0368566114772  -0.0386041133891  -0.0402665152601  -0.0420494320526  -0.0439564270932  -0.0461138847682  -0.0485635013023  -0.051319793602  -0.0543738398692  -0.057692227966  -0.0612211827207  -0.0649083602911  -0.0687534792871  -0.0726710703611  -0.0737757244338  

0.304607406555  0.304607426885  0.304607906341  0.304609382715  0.304611799755  0.304614715968  0.304617772297  0.304620327169  0.304621709457  0.304621110306  0.3046171684  0.304607513611  0.3045886945  0.304565225676  0.304547526327  0.304524339185  0.304500829864  0.30447579219  0.304442509116  0.304394113457  0.304300193823  0.304161438683  0.303964923476  0.303695518545  0.303324135841  0.302809318646  0.302092763071  0.301093201476  0.299697383693  0.297745609757  0.295071459625  0.291818981874  0.287942465144  0.283378720081  0.278085242778  0.272063628485  0.265408694928  0.258331367734  0.251324841373  0.243532388808  0.234898431515  0.224780179112  0.212868515325  0.198961329713  0.182967896894  0.164938203259  0.145064463523  0.123571763689  0.100404628622  0.0760406537814  0.0690352399914  

2.40862109509  2.29758074286  2.07983500449  1.87247397995  1.67908480272  1.4986037218  1.31818478594  1.13930269709  0.963276316074  0.789926814672  0.618492407828  0.449036808482  0.283563847237  0.159997187815  0.0918640446919  0.0203444987747  -0.0389412377687  -0.0921547256786  -0.151740793854  -0.222644146577  -0.326706690403  -0.433802500614  -0.534474946159  -0.621667075684  -0.692864572326  -0.745487879395  -0.776998841036  -0.784996314451  -0.767307232873  -0.722057659727  -0.649503763619  -0.561183307673  -0.463216540157  -0.360086309172  -0.255993866295  -0.155145133132  -0.0619247759708  0.0197630289998  0.085834645738  0.144785990296  0.195063975525  0.237232695113  0.267923058201  0.283102656287  0.279413358707  0.255383862825  0.212308950539  0.154199002627  0.0864545888105  0.0179947503033  1.13452467139e-05  

0.338658022612  0.338681450471  0.33883331844  0.339052525552  0.339272674257  0.339458685654  0.339604343384  0.339697906553  0.33973762143  0.339725626868  0.339657944097  0.339516679314  0.339268342296  0.338974725298  0.338758478081  0.338478972458  0.338198258482  0.337900851583  0.337506395122  0.33693262407  0.335816240452  0.334167796011  0.33186473316  0.328812185819  0.324833008987  0.319725247328  0.313258852163  0.30517069783  0.295155478017  0.282848442333  0.268127079424  0.252462439914  0.236008008493  0.218845085601  0.201145915403  0.18320150292  0.165486442508  0.148608791566  0.133556117829  0.118462636804  0.103487631714  0.0879580735357  0.0720787742085  0.0563465140418  0.0414248345921  0.028037612787  0.01684123642  0.00829610734918  0.00263387595309  0.000126795919145  3.18607675291e-07  

-0.0476734231241  -0.0476505189296  -0.0474829294865  -0.0471947022997  -0.0468387736485  -0.04645475409  -0.0460432110638  -0.0456252498433  -0.0452113407204  -0.0447933812434  -0.0443460627698  -0.0438332202515  -0.0432191412284  -0.0426571421618  -0.0422998407611  -0.0418823543116  -0.0414987977222  -0.0411211641655  -0.0406546232034  -0.0400277703424  -0.038928376494  -0.0374902018189  -0.0357073985302  -0.0335982854669  -0.0311288630444  -0.0282687719779  -0.0249917657295  -0.021276402377  -0.0171065249724  -0.0124713509189  -0.00747292625636  -0.00267759079618  0.00187350397143  0.00615722324123  0.0101254009585  0.0137110276109  0.0168309810522  0.019413983855  0.0213861485143  0.0230296740683  0.0242979671214  0.0251790822134  0.0255335721439  0.0251902468834  0.0239814967943  0.0217755064456  0.0185008893818  0.0141368952809  0.00862302869967  0.00203319384305  -2.21717193394e-07  

-0.111750130983  -0.0939043208251  -0.0597817117999  -0.0280378795259  0.00125361707784  0.0286089128613  0.0562220294444  0.0840434793787  0.111921306657  0.139790168342  0.167546680866  0.194857839958  0.221047944817  0.240089682897  0.250360180408  0.260981724564  0.269719923653  0.277579283063  0.286463396194  0.297222519973  0.313547275137  0.331316314519  0.349420135871  0.366952312485  0.383698577344  0.399371920237  0.413601611159  0.425916506595  0.435721883314  0.442261556298  0.44455171908  0.442169832489  0.43555197654  0.424994430556  0.410765439394  0.39322202166  0.372958952807  0.350887433219  0.328834684921  0.304427781376  0.277916192274  0.247964021648  0.21464306153  0.178723891053  0.141587996078  0.105094991245  0.0713056555677  0.04206742055  0.0186938927426  0.00290324100718  1.66948040453e-06  

-0.150832109462  -0.151013244523  -0.152472955128  -0.15530805957  -0.159260292536  -0.164045649564  -0.169751869034  -0.176073377572  -0.182586854987  -0.188864949219  -0.194512699613  -0.199179627601  -0.202606336854  -0.204352188876  -0.205006638598  -0.205455696414  -0.205643005557  -0.205669122222  -0.205539795687  -0.205166201591  -0.204166292448  -0.202498848931  -0.200146333032  -0.197118568032  -0.193288781604  -0.188434340699  -0.18221605285  -0.174150914613  -0.163571242649  -0.149556852562  -0.131248719803  -0.109876548569  -0.0852870532681  -0.0572390358763  -0.0256397178818  0.00934189424363  0.0470331947366  0.0861904562241  0.124160460924  0.165593455612  0.210656900521  0.262498731722  0.322392238339  0.391023110326  0.468546327851  0.554525837103  0.64800123045  0.748038144285  0.855168569819  0.967624358713  1.00000313688  

-0.0931661840188  -0.0876848724932  -0.0770623306334  -0.0668244897536  -0.0569011465435  -0.0471192883997  -0.0367016308124  -0.0256701600561  -0.0141326739148  -0.00217451905521  0.0101312469952  0.0226669327456  0.035220917988  0.0448220823748  0.050223059541  0.0559977426957  0.0608854381873  0.0653679954965  0.0705182971312  0.076871507347  0.0867912061518  0.0980908881356  0.110360959105  0.123290720972  0.137049048091  0.15181104765  0.167751733802  0.185036021687  0.203806656139  0.224168959339  0.245708096014  0.266016959506  0.284927142098  0.30228154027  0.317774386882  0.331003348113  0.341527117493  0.349041639951  0.353469291793  0.355479873916  0.354684843895  0.350315268517  0.34110532427  0.32556649937  0.30215433754  0.269473350335  0.226456730602  0.172238418682  0.105158279097  0.0249424703038  -1.72197861603e-06  

0.605769674849  0.609098696724  0.615110648823  0.620140606969  0.624137434508  0.627172692678  0.629430946903  0.630779488439  0.631096453899  0.630264150263  0.62813258577  0.624518858015  0.619268938816  0.614031955956  0.61059201768  0.606521682395  0.602782031739  0.599143603805  0.59474548893  0.589032283513  0.579551702056  0.568057448049  0.554943611856  0.540656546305  0.525179411663  0.508487855134  0.490539707209  0.471262305442  0.450533139706  0.428149215378  0.404290696458  0.381201647671  0.358644791832  0.336343479215  0.314168285467  0.292117007537  0.270354780061  0.249190410024  0.229618835805  0.20910554094  0.187728693534  0.164366245557  0.139102982093  0.112563109894  0.0858269675463  0.0603322904921  0.0376723317502  0.0193044554836  0.00638313266347  0.00031941266752  -2.6929273221e-07  

1.21904676462  1.21904676462  1.21904676462  1.21904676462  1.21904676462  1.21904676462  1.21904676462  1.21904676462  1.21904676462  1.21904676462  1.21904676462  1.21904676462  1.21904676462  1.21904676462  1.21904676462  1.21904676462  1.21904676462  1.21904676462  1.21904676462  1.21904676462  1.21904676462  1.21904676462  1.21904676462  1.21904676462  1.21904676462  1.21904676462  1.21904676462  1.21904676462  1.21904676462  1.21904676462  1.21904676462  1.21904676462  1.21904676462  1.21904676462  1.21904676462  1.21904676462  1.21904676462  1.21904676462  1.21904676462  1.21904676462  1.21904676462  1.21904676462  1.21904676462  1.21904676462  1.21904676462  1.21904676462  1.21904676462  1.21904676462  1.21904676462  1.21904676462  1.21904676462  

-1.52217056806  -1.51982444978  -1.51449736852  -1.5082725742  -1.50108106448  -1.49269607139  -1.48202492809  -1.46812618468  -1.44945703756  -1.42306174366  -1.3827714542  -1.31413003119  -1.17622370914  -0.934122792886  -0.659677805585  -0.169862613788  0.316810961215  0.659205234807  0.905204304739  1.07855269453  1.21915613538  1.29989787235  1.34771167367  1.37670179784  1.39457058944  1.40484473592  1.4091015987  1.40774546578  1.40016605805  1.38441533828  1.35681907097  1.31501238617  1.25175796188  1.15281916228  0.991362856351  0.723388707659  0.324176271371  -0.102032646574  -0.402998851052  -0.603065516798  -0.725884600163  -0.799640981952  -0.834513824846  -0.834466782859  -0.799082050847  -0.724651846868  -0.606404255796  -0.443553033169  -0.246381963528  -0.0494834064109  -3.07560416941e-05  

0.0  0.0121904676462  0.0360042032742  0.0586685886247  0.0798936092305  0.0998639912198  0.12007126375  0.140444539827  0.1609346179  0.181676639237  0.202905258097  0.224797183933  0.247310540877  0.265063626421  0.275275831793  0.28637713332  0.295917852321  0.304778935296  0.315081991908  0.327952026871  0.348333089003  0.371821912436  0.397417391898  0.424215234476  0.452273796889  0.481654224642  0.512432727576  0.544713395202  0.578648594663  0.614472474308  0.651763327945  0.686983959815  0.72056029121  0.752930817956  0.784277516648  0.81456032617  0.843451949401  0.87042165895  0.894290632141  0.918299870883  0.942455605318  0.968186006249  0.995670544495  1.02475330414  1.0550804309  1.08616404752  1.11747323351  1.14863587946  1.1798082713  1.21052759161  1.21904676462  

