-8.82378534255e-18  0.450535139206  2.52167187861  4.43563441979  6.10339048654  7.84093306801  9.60323223247  10.6313552759  11.1952129646  11.6902334425  12.5385770251  13.9722237688  16.0407138133  18.2551376243  20.7271907597  23.4935005434  26.353203885  29.0771532519  31.4183350508  33.0316518087  34.6154767156  36.1894044372  38.242290565  40.4864944222  42.9528412613  45.2624214113  

-1.84202210828e-18  -0.000337963397704  -0.0105860661486  -0.0327492948908  -0.0619933169483  -0.102276625841  -0.153276366206  -0.187501847846  -0.207136125317  -0.224126409384  -0.25170274449  -0.293133960319  -0.341045356249  -0.37665696971  -0.397208793367  -0.396182003181  -0.368494950036  -0.317150300212  -0.254375943404  -0.20390237485  -0.155690328159  -0.113613858337  -0.0692290960404  -0.0346317753407  -0.0121869159262  -0.00131385496202  

3.44034023663e-18  -0.00150083452758  -0.0083993223079  -0.0147721225248  -0.0203213544075  -0.0260920728585  -0.0318906027985  -0.0349885452957  -0.0352469799224  -0.0339808958277  -0.0313142932544  -0.0266192906038  -0.0197752452859  -0.0124275981827  -0.00421952400222  0.00496141887779  0.0144280357988  0.0233434178967  0.0303901079394  0.0321349826007  0.0290950317047  0.0247714331175  0.0187855805476  0.0123628205668  0.00636387412014  0.00392321030064  

0.0  0.0150116512088  0.0839688096854  0.147727475446  0.203556726937  0.262239571887  0.323106357177  0.359817950269  0.380359075866  0.398747574714  0.430848393532  0.486103785675  0.566540321905  0.651136897002  0.740576036036  0.83134854706  0.9136457549  0.983105887772  1.03972935815  1.07978262078  1.12202194134  1.16604340065  1.22345749681  1.28345091821  1.34547352761  1.40139603726  

0.0  -1.09038483548e-05  -7.43454762432e-05  0.00148926096228  0.00957451924373  0.0386327678499  0.10839788173  0.174241372393  0.219072599412  0.264113531958  0.353611477735  0.538281986876  0.872053714344  1.30388117  1.85383842927  2.51783572273  3.21075319417  3.83081894049  4.30263181587  4.58657131142  4.84172802786  5.09045247765  5.44011582476  5.89840911842  6.54098140112  7.3032244615  

6.20881722829e-18  3.28741279938e-06  0.000511559280829  0.00276829845828  0.00816122162068  0.0202398453417  0.0411205226708  0.0573439602354  0.0672660278847  0.076293142368  0.0919492146257  0.118056634726  0.153081872346  0.184618855122  0.209478111437  0.220589039951  0.209599917519  0.175149520529  0.126654696277  0.0864669208078  0.0511041438592  0.026750014407  0.0144640334719  0.026758425377  0.0681144179777  0.12432595244  

2.34433246896e-18  5.07867853948e-06  0.000892297918481  0.0048038491117  0.0120785557808  0.0239392804927  0.0403783332414  0.0520332813524  0.059059346624  0.0656771580017  0.0780294638395  0.101854359447  0.143232755259  0.197556530762  0.271542446691  0.372159876758  0.496710537681  0.634720958284  0.767623829785  0.866013006515  0.968480010499  1.07612527549  1.22484264398  1.39863207152  1.60485241106  1.81521654644  

4.5697357117e-18  0.000338048168489  0.0105795254426  0.0323948342913  0.059538816889  0.0931450505968  0.131037795069  0.154777594648  0.16827217675  0.180539666384  0.202494614194  0.242184231505  0.305347144058  0.380875107036  0.474746537052  0.591035920146  0.722147370389  0.854979458103  0.972867105348  1.05464384871  1.13546259358  1.21635422396  1.32294395849  1.44243813194  1.58046354002  1.71945588446  

0.0  0.0150121852917  0.084019993809  0.147761819505  0.203198322871  0.260762229165  0.319071522739  0.35313178762  0.371767687454  0.388292459988  0.416977425483  0.466345520245  0.539702241871  0.621270919573  0.716075357353  0.826303515324  0.943284426069  1.05495625045  1.14821791568  1.20933747542  1.2668104353  1.32190939689  1.39189093242  1.46838921489  1.55600708351  1.64432577907  

-0.0238195631064  -0.0238196334766  -0.0238346197346  -0.0239024850089  -0.0240073190572  -0.0241287176399  -0.0242417509771  -0.0243012766938  -0.0243316529222  -0.0243572909147  -0.0244000438642  -0.0244750039357  -0.0246276285193  -0.0249525802592  -0.0257132485348  -0.0273874406388  -0.0304319781737  -0.0349021628945  -0.0401021952743  -0.0443978254192  -0.0491831198226  -0.0544957160285  -0.0622503409751  -0.0718222421433  -0.0836566466782  -0.095834105022  

0.557539380869  0.557539446462  0.557548652416  0.557567109158  0.557560737985  0.55751373838  0.557432093998  0.557373261323  0.557338715622  0.557307052162  0.557248999104  0.557131454462  0.556841657212  0.556097338298  0.554031594474  0.54868052607  0.537344538506  0.518268687247  0.493381561791  0.470999609364  0.444350919418  0.412873959244  0.363758380839  0.298582630975  0.211994815034  0.116830085979  

5.39119027565  5.14081034181  3.99458330095  2.96283766784  2.10617361111  1.27614222047  0.51858607659  0.122711356558  -0.0779864115225  -0.246220761022  -0.516177097634  -0.91469031067  -1.35510699941  -1.64442942946  -1.74473289916  -1.59660398045  -1.2070854306  -0.697540436993  -0.234548213825  0.056667436276  0.298161840865  0.476079102689  0.589224032911  0.540554441871  0.303545929069  0.0136866009451  

0.585235211566  0.585296671534  0.58650272513  0.587423578791  0.587304262054  0.586596681383  0.585727043751  0.585246435415  0.585009424173  0.584810315924  0.584430847304  0.583394436245  0.579973957515  0.571943011579  0.554999988049  0.522733065448  0.471640460379  0.405320016255  0.336186578039  0.284087227753  0.231041967642  0.178632865403  0.114898150833  0.0568672599141  0.0142230845307  0.00017259666601  

-0.0567146721666  -0.0566523453343  -0.0548866971635  -0.051844798743  -0.0492798031522  -0.0473799690294  -0.0461754740507  -0.0457104042605  -0.0455162825199  -0.045367998321  -0.0451095794511  -0.0444754754254  -0.0426704414517  -0.0390933032461  -0.0327557517282  -0.0227262594774  -0.00968902366536  0.00402955620101  0.0154712286368  0.0223951078004  0.0279402241274  0.0317427414453  0.0333785221811  0.0298886335731  0.0185299207756  -0.000131247785068  

-0.0555785794666  -0.0299271149128  0.0791758968095  0.169566170165  0.239188885347  0.295911006777  0.331836683757  0.342793094299  0.346335572593  0.349178695001  0.354694723362  0.366695565694  0.39052555572  0.423420065136  0.465015824702  0.509313806741  0.540674683396  0.545159170544  0.521955621795  0.488548954109  0.438556777362  0.373090527793  0.272592582001  0.158951667081  0.0541992996677  0.00127205080624  

-0.107636407623  -0.107961859988  -0.118067500741  -0.136305163785  -0.149783947553  -0.154855834063  -0.152945464169  -0.150635961148  -0.149362683826  -0.148311757379  -0.146785446576  -0.145279542646  -0.145608579511  -0.148240326148  -0.150981771624  -0.147740708442  -0.128222160833  -0.0846781441923  -0.0214669307109  0.0376883945655  0.109283083895  0.194513460321  0.327803803223  0.504489724907  0.739659299863  1.00159296254  

-0.0781204189432  -0.0732895602513  -0.0495583589024  -0.022718269187  0.00172918515806  0.0227130709962  0.03813198831  0.0453508925269  0.0490126317537  0.0521666111401  0.0575492876947  0.0669029556512  0.0820576789797  0.102177173138  0.131453047388  0.174191586803  0.228242275449  0.283858883352  0.327743760268  0.351436628111  0.366476725601  0.370528475771  0.354448500465  0.300688507973  0.183153722182  -0.00115616975281  

0.668601775328  0.672024178406  0.68441975712  0.688539500385  0.684202297723  0.671101551077  0.649548137909  0.633710547203  0.624322040504  0.61593476015  0.601603325319  0.577789248159  0.544374685474  0.509665123826  0.471933191235  0.430551864272  0.387955826917  0.346424633346  0.308763867119  0.280242322354  0.246445643751  0.205975435943  0.146153534345  0.0800291848203  0.0220319930955  2.9716353024e-05  

1.50121853202  1.50121853202  1.50121853202  1.50121853202  1.50121853202  1.50121853202  1.50121853202  1.50121853202  1.50121853202  1.50121853202  1.50121853202  1.50121853202  1.50121853202  1.50121853202  1.50121853202  1.50121853202  1.50121853202  1.50121853202  1.50121853202  1.50121853202  1.50121853202  1.50121853202  1.50121853202  1.50121853202  1.50121853202  1.50121853202  

-1.54870872813  -1.54763327294  -1.54097149853  -1.5304810336  -1.51386517883  -1.47653873642  -1.34118891541  -0.79033213466  0.570042470487  1.11145955282  1.3387021701  1.43779763183  1.48017552526  1.49507137733  1.49724105934  1.48523791415  1.44540209731  1.32564805948  0.863475001015  -0.249933629311  -0.881131838705  -1.05096424948  -1.08481277936  -0.984407156007  -0.627763401808  -0.0285553471508  

0.0  0.0150121853202  0.0840209071635  0.147787308301  0.203343598398  0.261207219014  0.319835351417  0.353902287796  0.372430459968  0.388773881482  0.416919999392  0.46459232911  0.533437245186  0.607160733832  0.689464644808  0.781555514441  0.876722314786  0.967277580197  1.04483153003  1.09785382428  1.14998437471  1.20198783199  1.26989911571  1.34409686418  1.42540772968  1.50121853202  

