1.79274504826e-19  0.417643485181  2.10627321066  3.74274908886  5.62228851214  7.80986070576  9.57557402253  11.0394790979  12.8572509403  15.1408449628  17.7185781007  20.4633223145  23.330642419  26.357408174  29.3678763765  31.8036076269  34.0475219861  36.5867532921  39.3122118914  42.023784648  42.1051140072  

1.20976463208e-18  -0.000287531702662  -0.00730062662968  -0.0229950794707  -0.0516292695494  -0.0980328604949  -0.140587702926  -0.172550010423  -0.204266518899  -0.23015558602  -0.240164741064  -0.228573724862  -0.193306813981  -0.136056205037  -0.0746664901637  -0.0340303824634  -0.00780483654662  0.00788346211912  0.0093224982874  -0.000299695815587  -0.000661618478658  

1.80077730098e-18  -0.0013794860958  -0.006941361229  -0.0122875070453  -0.018277027438  -0.0240934330794  -0.0237449146483  -0.020196992133  -0.014894673602  -0.00789416137465  7.4811382039e-05  0.00836956047558  0.0162217694734  0.0211759519409  0.0191758690979  0.0143883078696  0.00921291306341  0.00334687144543  -0.00200200227681  -0.00452143934765  -0.0045261781964  

0.0  0.0138934368272  0.0700173698606  0.124356761926  0.186898754385  0.259968463058  0.319463518126  0.369597499154  0.432318020401  0.510473225199  0.595677967379  0.680689121462  0.762366729717  0.842824796792  0.92216967868  0.987582205322  1.04820837484  1.11732560752  1.19396957536  1.27490359507  1.2773988942  

0.0  -9.31990754039e-06  -0.00010420144004  0.000480485261461  0.00581569288401  0.0365579969199  0.101572048451  0.191691655234  0.350904662223  0.619613376664  0.999190499752  1.46571453407  1.98686120255  2.53873137898  3.08368383936  3.55202404965  4.04040208517  4.6991450195  5.57563179082  6.65657202127  6.69239166412  

1.6363459941e-18  2.59349862481e-06  0.000299550005161  0.0016053560817  0.00596249798621  0.0191726006063  0.0373567925334  0.0552132087915  0.0780282714982  0.104407500319  0.127301387201  0.139878392933  0.137260277817  0.11868987987  0.0982719592783  0.094212058786  0.106061383175  0.139492722494  0.197968429442  0.272910258073  0.275273412666  

-1.07984053962e-18  4.02589699505e-06  0.000517075078117  0.00288616189509  0.00949381181308  0.0234254066091  0.0395159154373  0.056350691149  0.0820352923768  0.122560383309  0.180591767971  0.258105015068  0.357530567358  0.483522500878  0.631057145562  0.767501666817  0.907244028091  1.08273726225  1.29390616378  1.53105610272  1.53863732751  

0.0  0.000289558863699  0.00735798518128  0.0231034289561  0.0508225599294  0.0918562232563  0.129276280923  0.163327262434  0.209828122769  0.275357336191  0.359151884781  0.459533151543  0.575568420391  0.708415414478  0.849556688349  0.970111789855  1.0865482878  1.22585809941  1.38686707274  1.56217653459  1.56770485444  

0.0  0.0138938626161  0.0700525912559  0.124429650729  0.186718935819  0.25864689696  0.316316361413  0.364642635689  0.425650658853  0.504167563053  0.595530049794  0.695744629144  0.802597903238  0.915758839368  1.02734725031  1.11747006458  1.20154169152  1.29987864555  1.41200990164  1.53317890899  1.53698634811  

-0.00868758710481  -0.00868759084844  -0.00868799139068  -0.00868775496407  -0.00868613493028  -0.00874210879891  -0.00888170358917  -0.00905238266796  -0.00930875837972  -0.00967732965861  -0.010147783027  -0.0107185472994  -0.0113975682852  -0.0121956977821  -0.0130417453787  -0.0137309395411  -0.0143356428694  -0.0149386831859  -0.0154169295221  -0.0156134786862  -0.0156136640804  

0.0458174475089  0.0458174510172  0.0458177276156  0.045817708968  0.0458173607837  0.0457943984535  0.0456913547825  0.0455147895987  0.0451704258476  0.0445332817788  0.0435041148459  0.0419647397927  0.0397595307583  0.0366894643992  0.0328981273184  0.0294090993037  0.0260469039257  0.0223943957683  0.0192467038488  0.0178583144679  0.0178569407922  

0.371576018401  0.352481748802  0.273883808853  0.19744972678  0.113179905699  0.0263984856914  -0.0308236222978  -0.0687136457469  -0.102961633309  -0.125891473098  -0.126865430913  -0.10387228866  -0.0619582781153  -0.0100953158949  0.0363428157097  0.0623770974302  0.0731076052272  0.0679453379369  0.0429175547623  0.0020946341864  0.000679030271338  

0.0398274519043  0.0398308335873  0.0398700623965  0.039872535072  0.0398658491986  0.0399075878384  0.039788069247  0.039451553951  0.0386471819984  0.0369622605481  0.0341210243247  0.0300366072608  0.0247842164901  0.0185759296002  0.0123833616985  0.00789975353453  0.00454302362636  0.00187322565204  0.000375183919599  -2.47973794838e-06  -2.83745715644e-06  

-0.00747247980222  -0.00746921385485  -0.0074190947363  -0.00742129794911  -0.00759762001763  -0.00777316197507  -0.00766202198289  -0.00739221415718  -0.00687897230572  -0.00603174445297  -0.0049013065805  -0.00360432379604  -0.00227665183273  -0.00106099935036  -0.000179661352251  0.000237262559095  0.000385927973299  0.000331185302005  0.00013127485004  -4.43896744934e-06  -4.60664521189e-06  

-0.0374572901649  -0.0343025951634  -0.0215463330856  -0.00802387835446  0.00969223437545  0.0296594188009  0.042142913546  0.0500398098833  0.0573098672345  0.0632382616331  0.0664232615311  0.0662060076407  0.0622405767511  0.0541685340746  0.0427360023515  0.0320317746111  0.0222066842629  0.0123972128328  0.00456809231423  0.000148624831696  6.78613938859e-05  

-0.114218777402  -0.114251927852  -0.114706467569  -0.114527729562  -0.112107844596  -0.106223999904  -0.10017116375  -0.0949605737472  -0.088712079422  -0.0814117420013  -0.0736935812094  -0.0655476766592  -0.0565244432004  -0.046060987803  -0.0348048855591  -0.0255104764937  -0.0173057079709  -0.00910489223571  -0.00259714642096  8.33622671672e-05  8.62766044294e-05  

0.0413362058235  0.0419123715818  0.0440993539613  0.0466921250882  0.0514595167642  0.0592720600794  0.0656791826142  0.0703033678577  0.0749245452755  0.0791258896477  0.0821943281675  0.0839262992031  0.0840731876547  0.0818942937378  0.0764739392117  0.0690541084255  0.0594270177883  0.044991726411  0.0250804400881  0.000708622092087  -9.06411782529e-05  

0.258210856084  0.256485945833  0.249426383514  0.242258258019  0.233076206878  0.220155395417  0.207745092539  0.19641679072  0.181597621974  0.162528470209  0.141181199606  0.119275043412  0.0976348680336  0.0761374240254  0.0555774177595  0.0395591840942  0.0259810041767  0.0130789815982  0.00357209367664  1.20946435075e-05  9.58116315518e-06  

1.38938626339  1.38938626339  1.38938626339  1.38938626339  1.38938626339  1.38938626339  1.38938626339  1.38938626339  1.38938626339  1.38938626339  1.38938626339  1.38938626339  1.38938626339  1.38938626339  1.38938626339  1.38938626339  1.38938626339  1.38938626339  1.38938626339  1.38938626339  1.38938626339  

-1.4544226503  -1.44817992892  -1.41349934727  -1.35424681924  -1.20439285947  -0.543310514024  0.606750232494  0.988327021841  1.14623904387  1.20385189544  1.19033926459  1.09447158877  0.827161162025  0.164067214961  -0.508453846943  -0.737525782945  -0.795270293474  -0.738124542427  -0.508017483793  -0.0268246660146  -0.00869767845603  

0.0  0.0138938626339  0.0700528953186  0.124438955627  0.186811006069  0.259067129776  0.317033477193  0.365303702525  0.425434973263  0.501082523819  0.586495553862  0.677370826689  0.772081428035  0.871589907037  0.970379552738  1.05051472624  1.12443764732  1.20808683849  1.29774051684  1.38671969268  1.38938626339  

