1.60672622142e-19  0.793236901137  2.89937814204  4.88641460898  6.80180026067  8.70273543792  10.2592092604  11.7266639629  13.2325120914  14.8334019292  16.5682031379  17.5811028887  18.5373748798  19.5276273157  21.1907915185  23.2625455095  25.5199749748  27.8514852014  30.2336244426  32.6734522545  34.9177618729  36.8783181013  38.6665034586  40.4858717844  42.4212673919  44.4438564908  46.786471366  49.1096599149  51.5946202326  54.12376146  56.6642715172  58.8991721041  60.9790473817  62.9898966819  64.9586872678  66.8896681492  68.777779942  70.6129866594  72.3839497855  74.0830706838  75.709804137  77.2702976532  78.774963637  79.7868779674  

-2.22163508504e-19  -0.00104837319941  -0.0140060124055  -0.0397819181806  -0.0770824957929  -0.126188933087  -0.175361055432  -0.229107046841  -0.291696843311  -0.366449105492  -0.456734501948  -0.513102393815  -0.566495016292  -0.619711786788  -0.702518676584  -0.793401795133  -0.87668899999  -0.94550183797  -0.998031089154  -1.03403707544  -1.05318163063  -1.0620063782  -1.06661708102  -1.06974843966  -1.07146411288  -1.06978875638  -1.05999235215  -1.03878890525  -1.00134448586  -0.946625577294  -0.874596299601  -0.797156421508  -0.713183693458  -0.620771298245  -0.519113338788  -0.408148686892  -0.288430080217  -0.161119666747  -0.0278287356455  0.109816122985  0.250627233608  0.394049633266  0.540106491408  0.642629938225  

2.52358496722e-20  -0.00264365224835  -0.00966279494421  -0.0162850020197  -0.0226684261197  -0.0290034172074  -0.0341896093431  -0.0390770857322  -0.0440864902321  -0.0493895429003  -0.0549624589996  -0.05709643201  -0.0555210718158  -0.0526132193102  -0.0473523329254  -0.040669959844  -0.0333769160023  -0.0259114269282  -0.0184790366799  -0.0114069698531  -0.00613905524154  -0.00330367164976  -0.00210058121553  -0.00140791923333  -0.000249064800017  0.00216297936164  0.00655984208211  0.0120338803182  0.018471381113  0.0252282635343  0.0320104101822  0.0379512427622  0.0435546311754  0.0491565843627  0.0548829197557  0.0607332414315  0.0666417716221  0.0725186521972  0.0782778274847  0.0838586092566  0.0892358057558  0.0944155091981  0.099423915205  0.102797976143  

-5.25072972045e-20  0.0264346982993  0.0965532107461  0.1627651073  0.22707399913  0.291990049654  0.346949559019  0.401616105746  0.462218659805  0.533692519281  0.621969474875  0.679475692267  0.737414318448  0.80016795175  0.909244847499  1.04731533689  1.19456192387  1.33690459196  1.46694960119  1.58113690755  1.67007990193  1.73893234185  1.7984432676  1.85811396406  1.92100913492  1.98479180686  2.05377811164  2.11586029122  2.17709524654  2.23920221301  2.30898539537  2.38272375344  2.46563435908  2.56090089298  2.66916231683  2.78910349183  2.91776446105  3.05088489469  3.1836165261  3.31154162657  3.43144095199  3.54144182467  3.6407233337  3.70286375715  

2.9826060041e-19  -3.16091866999e-05  -5.4184668842e-06  0.00213221922975  0.0136349300337  0.0535796809489  0.12456165873  0.233145011588  0.393355607627  0.624539426658  0.954079574747  1.18703875283  1.43626294421  1.7252064144  2.27358977407  3.05136784219  3.99178987975  5.02945913053  6.11731822145  7.21422017423  8.17160900842  8.95220080671  9.62045272071  10.2679647623  10.9354486196  11.6218908365  12.4049031723  13.1529077746  13.8921775924  14.5525040414  15.1122505077  15.5311935313  15.8838164419  16.2195062775  16.5724528326  16.9685812593  17.4254293352  17.9505550104  18.5413155887  19.187517961  19.8758023748  20.5932045203  21.3287450016  21.8420380743  

-1.33739356377e-19  1.75676888493e-05  0.000758741129104  0.00354778635756  0.010743411215  0.0262151752772  0.0466719185606  0.0723330088802  0.104750633088  0.14580901786  0.198068374681  0.232086922376  0.265336530321  0.299435124477  0.354119811826  0.415668109024  0.471834375354  0.514975753457  0.540490862058  0.544939741838  0.530094021724  0.506144133558  0.480568743596  0.455084222595  0.43011506072  0.404030055517  0.366757449383  0.314416532065  0.235742454495  0.130337485957  0.00250339450061  -0.121952802114  -0.241807186955  -0.356362330554  -0.463226222829  -0.559693238793  -0.643467425695  -0.713081350474  -0.768206427503  -0.809708889742  -0.839324964532  -0.859152370714  -0.871245078484  -0.876036065155  

1.3882182204e-19  2.77531204976e-05  0.00135671094503  0.00639121781347  0.0162934681254  0.0307682303612  0.0454315060512  0.0615124444508  0.0806074344949  0.104296447175  0.13453097538  0.154543833682  0.175257030444  0.19886085384  0.24356398826  0.308607988463  0.391987411291  0.492292649612  0.609702241453  0.744961271795  0.881651493458  1.00968139871  1.1328600072  1.26400665725  1.40967092698  1.56875299822  1.76221386619  1.96407326602  2.1905020843  2.43067576009  2.67984984384  2.90433847356  3.1174264658  3.3279058987  3.53966712269  3.75491999866  3.97520699763  4.2014483394  4.43395011609  4.67278525045  4.91830273656  5.17139908682  5.433530067  5.62062940696  

-2.8736244159e-19  0.00104840318804  0.0139838545891  0.0391456246138  0.072429092373  0.109390782471  0.140828144381  0.171857607062  0.205964548079  0.245515193142  0.292776816383  0.322519468631  0.35225421576  0.385021604487  0.444369148447  0.525732436979  0.623543941552  0.734019175196  0.855755056915  0.988028768807  1.11456351404  1.22752123366  1.33182480862  1.43888744569  1.55381484494  1.67530726526  1.81782854708  1.95998618591  2.11008824826  2.25644673884  2.39210212699  2.49876957125  2.58583999191  2.65857150582  2.71953152981  2.77082312852  2.81468349259  2.85346437201  2.88944394399  2.92464365056  2.9607275238  2.9990076726  3.04052411221  3.0715115591  

2.68378094141e-19  0.0264374897856  0.0966301980773  0.162814479707  0.226421452726  0.28917452782  0.340396974111  0.38891707189  0.439389318936  0.494324935924  0.555906183608  0.592916419771  0.628845843169  0.667452775667  0.735396410475  0.825665751825  0.931466023479  1.04898780403  1.17729673669  1.31608247427  1.44846475118  1.56623288589  1.67448532985  1.78493789762  1.90246422898  2.02502575994  2.16565845743  2.30123132292  2.43723840602  2.55949281592  2.65836682188  2.72004114399  2.75299272244  2.761076789  2.74633661231  2.71120122009  2.65900704935  2.59389808437  2.5203732019  2.44259449306  2.36380722207  2.28616348876  2.2108841908  2.16064282463  

-0.0310199671927  -0.0310208938586  -0.0310712429563  -0.0312641464371  -0.0316456762878  -0.0322694212374  -0.0329892363563  -0.0338452931146  -0.0349044786577  -0.0362245580885  -0.0378317539118  -0.0388018164789  -0.0397044679483  -0.0406208509028  -0.0420948066134  -0.0437687756411  -0.0453194962702  -0.0465761187162  -0.0475204442795  -0.0482457306089  -0.0488427763346  -0.0493840052607  -0.0498732560388  -0.0502862483942  -0.0505374442958  -0.0505519095837  -0.0503516339748  -0.0502076424454  -0.0505818781608  -0.0520718174493  -0.0551927714171  -0.0595502141945  -0.0650419232388  -0.0716349251602  -0.0792090281763  -0.0875685553895  -0.0964778180937  -0.105696602403  -0.115019261935  -0.124312873241  -0.133533117354  -0.142710109259  -0.15191958137  -0.158341160185  

1.4962415295  1.49624236194  1.49627365568  1.49633367669  1.49633071504  1.49612969263  1.49569760129  1.49497697937  1.49383828916  1.49210561336  1.48960001738  1.4878977624  1.48618918984  1.48433144451  1.4810776794  1.47696305624  1.47270524092  1.46887245145  1.46569455838  1.46301449571  1.46061150056  1.45827297464  1.45603038762  1.45403347609  1.4527550872  1.45268289376  1.45383045125  1.45469593168  1.45226132276  1.44201674415  1.41922874776  1.38555191446  1.34083230893  1.2843803154  1.21623196432  1.13720240521  1.04869919392  0.952470285208  0.850232180704  0.743195257361  0.631726393851  0.515318147127  0.392772892357  0.303800767253  

18.7244281999  17.5398439266  14.4030051512  11.5307962116  8.92623962497  6.58028426399  4.88513291746  3.49709192674  2.29363366161  1.25672146031  0.399148698149  0.0166703670072  -0.274278859482  -0.512024880019  -0.780253967578  -0.924548997511  -0.905405886542  -0.763194702511  -0.556522712742  -0.339546693524  -0.174874123076  -0.0777774461247  -0.0337500689517  -0.0315167265395  -0.0680551662476  -0.133727690272  -0.220188428883  -0.292822689255  -0.340688735454  -0.360907491646  -0.374406616513  -0.406975231685  -0.477517049048  -0.60297469058  -0.802620059978  -1.10108782533  -1.53049554018  -2.12922218626  -2.93627827581  -3.98372020583  -5.2907552176  -6.86039781245  -8.67691594722  -10.055115706  

1.6210252305  1.62152480794  1.62547163888  1.62860744112  1.62867346819  1.62528231961  1.61933433584  1.61057052224  1.59828979143  1.58216674064  1.56283381204  1.5517953541  1.54212291451  1.53288294165  1.51900135744  1.50417166011  1.49057913196  1.47861668488  1.46738520045  1.45512807959  1.44149385346  1.427092708  1.41242383901  1.39721147655  1.38208960504  1.36806030729  1.35259794297  1.3338795868  1.30335729154  1.25360377631  1.17834468251  1.08835826244  0.984368356968  0.866618912108  0.737415529755  0.600764976984  0.46199202273  0.327412518082  0.203748435206  0.0972962279886  0.0133453723069  -0.0438638809406  -0.070867505499  -0.0703354362353  

-0.185846470703  -0.185327563017  -0.179571246832  -0.170298040949  -0.160120713418  -0.1493534709  -0.139595569933  -0.129481341259  -0.118430400609  -0.106539374864  -0.0945086225549  -0.088416502183  -0.0834768088823  -0.0790802832161  -0.0730276035584  -0.0672538769904  -0.0625621566011  -0.058870924203  -0.0556882525935  -0.052383946265  -0.0488363109526  -0.0452248346831  -0.0416660015565  -0.0380542070105  -0.0344647138584  -0.0310308862733  -0.0270957183034  -0.0225074751925  -0.0159469216758  -0.0068576837259  0.00484955778217  0.0169177851989  0.0290703775074  0.0410613684289  0.052449260033  0.0627410517211  0.0714676175565  0.0782037811255  0.0825733680792  0.0842479999933  0.0829270772544  0.0783048457442  0.0700445019676  0.062029879417  

-0.356492044423  -0.211456079848  0.142992842159  0.439718131165  0.686775455062  0.874627482144  0.97273442978  1.01586120816  1.01124600016  0.954982824094  0.839471077285  0.750184430727  0.659843993364  0.568371404455  0.426142515132  0.273975656053  0.143878983376  0.0511075155031  0.000264964185857  -0.00889696955579  0.0133782554144  0.0462359831734  0.0776522968879  0.105755763469  0.131456196826  0.158906790821  0.200648105287  0.2588809163  0.339563227101  0.433848174716  0.52821590949  0.598960235433  0.645157927758  0.664765807442  0.654388568929  0.610925444076  0.532532794101  0.419578781559  0.275480410382  0.106862603835  -0.0769637171476  -0.264537447549  -0.442299808889  -0.550924322839  

-0.113081050663  -0.116353459528  -0.154845286754  -0.212368095896  -0.247533650756  -0.237435226999  -0.203853823693  -0.165201344601  -0.127837968898  -0.0953328007242  -0.0691680472457  -0.0575134900943  -0.048298354381  -0.0401751144302  -0.0290508958008  -0.0181180442475  -0.00855687212028  -0.00103281912894  0.00342478136559  0.00361704927306  -0.000410141428212  -0.00686307314691  -0.0147037031083  -0.0243820725439  -0.0366645918615  -0.0520582966845  -0.0735387366892  -0.0983391560975  -0.126732524497  -0.153544012324  -0.172628786055  -0.178080652431  -0.170463775852  -0.149871047571  -0.116812536402  -0.0727480633948  -0.0199273395524  0.0391029214793  0.102141125492  0.167916018174  0.236344130664  0.308397837378  0.385778872026  0.443361790591  

-0.0980050631476  -0.0893998424129  -0.0614896651034  -0.016762212467  0.0353111807191  0.0738296759764  0.0888229556167  0.092355143012  0.0904684200306  0.0872481165219  0.0859321562111  0.0867033299557  0.0882865871081  0.0905738430902  0.0949728206208  0.0991482537942  0.099234228305  0.0929133499408  0.0803860297791  0.0639420666891  0.0488461715611  0.0377622158901  0.030176126527  0.0251363633682  0.0228643220098  0.0243844499115  0.0325807345208  0.0498124224938  0.0809499843035  0.127927802267  0.190316298475  0.255394504219  0.321196548204  0.386111105334  0.447669039224  0.503588686714  0.552509896969  0.594261717442  0.629689669231  0.660106284786  0.686566080601  0.709244940503  0.727049010077  0.735202323956  

1.18208085206  1.18978132459  1.20588498846  1.20605889556  1.18283676986  1.1333226925  1.07478363971  1.00772436341  0.930246270258  0.842286535758  0.746056467028  0.692576259426  0.646673209003  0.605205181393  0.548686913379  0.496847216668  0.457124549545  0.428097560789  0.406236941486  0.388994600126  0.376527665332  0.367960818542  0.3617406368  0.356546204045  0.351829551413  0.347450988698  0.342805430219  0.338443167898  0.333913353653  0.329346539883  0.324440979951  0.319099527543  0.312206906111  0.302475693994  0.28830208625  0.267476967495  0.23697744634  0.193034050151  0.131557407184  0.048748293235  -0.0583874987756  -0.191689785625  -0.351513288402  -0.476486321293  

2.64374906348  2.64374906348  2.64374906348  2.64374906348  2.64374906348  2.64374906348  2.64374906348  2.64374906348  2.64374906348  2.64374906348  2.64374906348  2.64374906348  2.64374906348  2.64374906348  2.64374906348  2.64374906348  2.64374906348  2.64374906348  2.64374906348  2.64374906348  2.64374906348  2.64374906348  2.64374906348  2.64374906348  2.64374906348  2.64374906348  2.64374906348  2.64374906348  2.64374906348  2.64374906348  2.64374906348  2.64374906348  2.64374906348  2.64374906348  2.64374906348  2.64374906348  2.64374906348  2.64374906348  2.64374906348  2.64374906348  2.64374906348  2.64374906348  2.64374906348  2.64374906348  

-1.56251322799  -1.56195357841  -1.56001037008  -1.55724035427  -1.55307197495  -1.54628146142  -1.53704421729  -1.52244341972  -1.49485274781  -1.42765870052  -1.12824137021  -0.0857151663394  0.944276817818  1.19316503627  1.30731689273  1.33837074033  1.32556195101  1.27463139711  1.16728300026  0.953095808909  0.621429674756  0.30515212164  0.134525921816  0.12469889165  0.263083257029  0.48663285478  0.718605056842  0.8620768738  0.932210910743  0.945851092125  0.935621953526  0.939162801176  0.972906842648  1.03479088171  1.11241017714  1.19232121357  1.2654672977  1.32750804457  1.37738572121  1.41601814674  1.44526512632  1.46715889164  1.48347655214  1.49222181461  

0.0  0.0264374906348  0.0966322650557  0.162859183186  0.226701118629  0.290064887603  0.341948441138  0.390863541292  0.441051261364  0.49438019836  0.552050102668  0.585471620301  0.616969443874  0.649775713019  0.705005042603  0.773854228134  0.848861350377  0.926271875377  1.00525263359  1.0859469635  1.15990315397  1.22429715759  1.28294802181  1.34260615492  1.40608013122  1.47247139959  1.54950855828  1.62606120882  1.70805689711  1.79156380697  1.8754587945  1.94927056068  2.01799376083  2.08449653114  2.14969221421  2.21373183108  2.2764463652  2.33749296252  2.39648057971  2.45314120354  2.5074430601  2.55958026939  2.60989232649  2.64374906348  

