1.58619267771e-22  0.534884611382  1.40828242186  2.24661123034  3.05108424811  3.82226001914  4.53434038712  5.21489322172  5.8895699666  6.5710882488  7.22460028159  7.86267052809  8.49849608514  9.13964611174  9.7907544386  10.4549488614  11.1346115453  11.8317833759  12.3306515651  12.7081892337  12.9357331535  13.1573381143  13.3357703599  13.4827379877  13.657953941  13.9054053189  14.2819985368  14.7425236179  15.3840651953  16.2189904555  17.0842416098  17.9902502334  18.9384945569  19.9340579476  20.986158636  22.0528899355  23.1304685384  24.2190471727  25.3192358154  26.4322725883  27.5164026692  28.5216783401  29.4696073446  30.376648005  31.2522372751  32.1024113399  32.9314710115  33.7426966893  34.5386960033  35.3215813862  36.0930373661  36.8542612648  37.6056399636  38.3456465587  39.0668635967  39.597416266  40.1243045981  40.7297264514  41.3628324728  42.0703968137  42.8207511074  43.6052784551  44.4185274359  45.2575568631  46.1205393985  47.0064454456  47.9153784827  48.8494133419  49.8141732692  50.8223037412  51.9035700792  52.8884597722  53.6842034884  

6.97741509576e-23  -0.000476607133979  -0.00330378916392  -0.00840779336133  -0.0155070269279  -0.0243363168905  -0.0342481480326  -0.0452995499064  -0.0577781477995  -0.071922218241  -0.0869374101689  -0.10296926924  -0.12029202129  -0.139120712972  -0.159638768156  -0.182016655326  -0.206423102533  -0.233028399375  -0.253021149637  -0.268651092831  -0.278250605578  -0.287682355918  -0.295293123663  -0.301555631421  -0.308987825843  -0.319371525879  -0.334850424434  -0.353189640491  -0.377606198984  -0.407370351375  -0.435791488596  -0.462895275425  -0.488346043409  -0.511853122887  -0.533115083539  -0.550915301074  -0.565054501018  -0.575416910748  -0.581885494574  -0.584333474825  -0.582757558492  -0.577804827754  -0.570057919328  -0.55985047689  -0.547406054341  -0.532889657192  -0.516428178366  -0.498121720689  -0.478051410012  -0.456286249326  -0.432891518952  -0.40794347257  -0.381563087361  -0.354008849091  -0.325955369458  -0.304922642188  -0.284085211353  -0.260599525986  -0.236867816718  -0.211556971645  -0.186241956352  -0.161532269288  -0.13786114165  -0.115537807158  -0.0948093247015  -0.0758787722137  -0.0589046868421  -0.0439934522353  -0.0311846643825  -0.0204135552413  -0.0113949375972  -0.00479922935593  -1.26341361869e-05  

-1.7780021003e-22  -0.0017824535213  -0.00469291239743  -0.00748644405183  -0.0101670967845  -0.0127367300066  -0.0151093771314  -0.0173768842032  -0.0196246909979  -0.0218951155556  -0.0240719986811  -0.026197110496  -0.0283142568031  -0.0304483713565  -0.032614369051  -0.0348216106588  -0.0370755452415  -0.0393755168328  -0.0409992249201  -0.0421842910561  -0.0428327711143  -0.0432820665417  -0.0432993869066  -0.0430543089667  -0.0426097804772  -0.0418774973072  -0.0406867686336  -0.0391901748751  -0.0370801992024  -0.0343178960426  -0.0314472571515  -0.0284373174742  -0.0252846985162  -0.0219732881197  -0.0184728751411  -0.0149232121582  -0.0113371428656  -0.00771434568915  -0.00405294994937  -0.000349000514861  0.00325837071703  0.00660280922971  0.00975572012233  0.0127716262784  0.0156815696804  0.0185050933407  0.0212556644744  0.0239428343247  0.0265729656302  0.0291489200668  0.0316682042115  0.0341174336958  0.0364555804142  0.0385579169595  0.0400447048256  0.0403452065548  0.0398472335239  0.0386481743294  0.0370516230263  0.0350788340738  0.0328815803976  0.0305258763483  0.0280527640615  0.0254885122395  0.0228537502514  0.0201682359615  0.0174543558674  0.0147424859469  0.0120832884732  0.00957802989747  0.00744798831404  0.00629943124849  0.0060243815531  

0.0  0.0178249857138  0.0469197180644  0.0748299289587  0.10160952772  0.127299554409  0.151058845469  0.17381557073  0.196433842042  0.219352224323  0.241417531694  0.26308322297  0.284849313926  0.307053541713  0.32996365989  0.35382757589  0.378901284142  0.40546379715  0.425080304167  0.440291723477  0.449607406968  0.458767459479  0.466201934579  0.472384761852  0.479828914491  0.490451904704  0.506814379535  0.527084864638  0.555709525502  0.59346526568  0.632959828003  0.674439336111  0.717679740719  0.762544221139  0.808984112802  0.854672879239  0.899051010279  0.941772642208  0.982561050597  1.02122518362  1.05631059297  1.08660572071  1.1132972457  1.13727659436  1.15915430185  1.1794078658  1.1984460079  1.21663617432  1.23431766469  1.2518078484  1.26940368771  1.28737773918  1.3059628519  1.32530516964  1.34531440422  1.36083618384  1.37695197991  1.39624097194  1.41705511256  1.44073459193  1.46590473045  1.49184860958  1.51793528689  1.54364897572  1.56857851155  1.59243245025  1.61506210543  1.63648306495  1.65689799018  1.67674331577  1.6968429617  1.71451647005  1.72855705902  

0.0  -1.5175139611e-05  -7.93871327472e-05  -9.94927872367e-05  5.77498710836e-05  0.000576634059502  0.00170362971465  0.00387281163036  0.00781750434915  0.0146003791965  0.024806605882  0.0392866520237  0.0590891789341  0.0853501465338  0.119287872505  0.162216870069  0.215574636874  0.280951214351  0.334726689465  0.379432427806  0.4080429754  0.437062371947  0.461268474954  0.48186397831  0.507234532738  0.54452294203  0.604408571277  0.682602643009  0.800304193568  0.968107667134  1.15847370346  1.37451596908  1.61740977944  1.88901729429  2.19218615157  2.51379865046  2.85023137072  3.19863938123  3.55599975987  3.9191776353  4.27086772257  4.59203778147  4.88795681703  5.16268144546  5.41826545403  5.65588098246  5.87632302535  6.080218039  6.26812256999  6.4405747069  6.59812003395  6.74131680101  6.87070958733  6.98672757652  7.08936335015  7.15894996617  7.22406801182  7.29532336595  7.3674187221  7.44737643577  7.53431052152  7.63075558531  7.74002184721  7.86590642605  8.01239540354  8.18355055529  8.38358088919  8.61716644704  8.89021974136  9.21167102053  9.59863256114  9.98939938497  10.3314247548  

-2.31714940927e-22  5.47539979183e-06  9.45833309905e-05  0.000366577879058  0.000891533139133  0.0017440582639  0.00297319758252  0.00471780612143  0.00719673243632  0.0106638548553  0.0150614367471  0.0204758493021  0.0270307965353  0.0348355550947  0.0439896721499  0.0545908451089  0.066742875037  0.0805610068521  0.0912774754244  0.0998330002321  0.10516087237  0.110450563919  0.114763237626  0.118346821826  0.122644855854  0.128735293596  0.138003568598  0.149282752033  0.164812336091  0.184561409371  0.204301215998  0.223985355986  0.243300943061  0.261936646262  0.279540748435  0.294918411331  0.307637807513  0.317322113898  0.323583268394  0.326017715088  0.324352885406  0.319043463229  0.31056639252  0.299194313265  0.285120203563  0.26850316777  0.249485498252  0.228202008683  0.204786794948  0.179379829333  0.152136081078  0.12324274881  0.0929600358224  0.0617341820667  0.0305353893712  0.00773491973895  -0.014093409257  -0.0374441212892  -0.0593126189879  -0.080258764558  -0.0981946745319  -0.112129657236  -0.121388790981  -0.12553031809  -0.124275175731  -0.117471857171  -0.105062335428  -0.0870340864635  -0.0633513914061  -0.0338469202873  0.00203788655414  0.0370740147067  0.0658244010032  

-1.69917833997e-22  8.50411048822e-06  0.00015539515399  0.000631206359647  0.00157946344238  0.00309387150073  0.00512812764885  0.0077124408794  0.010929365593  0.0148538485134  0.0192515656917  0.0241379305637  0.029585668028  0.0356662663192  0.0424546424673  0.0500335002648  0.0584965278317  0.0679500491158  0.0752100517169  0.0809820248456  0.084572959382  0.0881444520613  0.0910754162019  0.0935387509127  0.096539098573  0.100889318636  0.107753768523  0.116543864516  0.129523603964  0.147732336175  0.168231404464  0.191544441218  0.218048386469  0.248276303243  0.282985658766  0.321166483493  0.362869048322  0.408258486095  0.457508216452  0.510812059271  0.56609690676  0.620308999195  0.673994659175  0.727654625797  0.781529684745  0.835738318578  0.890343194737  0.945377972231  1.00085883132  1.05678857474  1.11315456736  1.16991680465  1.22697216131  1.28404990391  1.34039141073  1.38227803537  1.42436440961  1.4734090426  1.52544394934  1.5844326159  1.64790220417  1.71525740392  1.78618337284  1.8606101764  1.9386047908  2.02035081912  2.10618718825  2.19670232537  2.2929220001  2.39674175744  2.51221157819  2.62153853812  2.71312438797  

-1.91083254983e-22  0.000476641303824  0.00330378121067  0.00840358620217  0.0154741402341  0.0241947398063  0.0338301788341  0.0443120186313  0.055754700332  0.0681911220418  0.0807964924559  0.0936495245469  0.106942779395  0.120821790457  0.135411510805  0.150830994813  0.16720059669  0.184644249623  0.19754405435  0.207535844312  0.21364558409  0.219647140708  0.224519511957  0.228579376686  0.233482686282  0.240514496862  0.251435492104  0.265133580404  0.284836211616  0.311563205176  0.340568704586  0.372379971497  0.407258759642  0.445620365754  0.488085062604  0.533127693867  0.580609631616  0.630527017952  0.682874500029  0.737653735513  0.792630144462  0.844895163735  0.895178381196  0.944071492775  0.991865355934  1.03870803551  1.0846786975  1.12981817524  1.17414300271  1.21765180885  1.26032640699  1.30212600049  1.34296637021  1.38265722707  1.42071041844  1.44829286561  1.47541902414  1.50631972093  1.53832120949  1.57370963788  1.61085219812  1.64936715719  1.68910874958  1.73012570469  1.7725848343  1.816748415  1.86298516155  1.91181304699  1.96399746699  2.02079224361  2.08467072236  2.14585541404  2.19758412041  

-4.17055955063e-22  0.0178258661817  0.0469329178508  0.0748706558818  0.101678079121  0.127370311177  0.151082947318  0.173728701174  0.196155018969  0.218779113494  0.240445420076  0.261579991188  0.282634395024  0.3038792433  0.325494176011  0.347615274257  0.370359738562  0.393837218283  0.410741410896  0.423588935171  0.431345084887  0.438892965175  0.444970264877  0.450000533532  0.456036591916  0.464620985065  0.477794151712  0.494061526586  0.517003778927  0.54735930916  0.579433050471  0.613714722492  0.650381230874  0.689760392813  0.732366086458  0.776595447478  0.822302072557  0.869474486546  0.918094108644  0.968138889591  1.01757678791  1.0638842401  1.10781375931  1.14994133649  1.19054605466  1.22976329904  1.26765571973  1.3042431844  1.33951707609  1.37344750052  1.40598604437  1.43706370294  1.46657949946  1.49436473283  1.52007563276  1.53809553349  1.55529311252  1.57425727498  1.59322558964  1.61346717809  1.63397544538  1.65457044137  1.67526091887  1.69619856486  1.71762127272  1.73982965541  1.76318314924  1.78811532702  1.81518266006  1.84519595135  1.87962817849  1.91318698583  1.94189796219  

-0.022638662515  -0.0226388406331  -0.0226423304161  -0.0226552365886  -0.0226841593059  -0.0227347045574  -0.0228061253316  -0.0228972799439  -0.0230059043187  -0.0231266879995  -0.0232450565271  -0.0233569248288  -0.0234610598697  -0.0235570334092  -0.0236450748029  -0.023725774369  -0.0237996964799  -0.0238669531456  -0.0239096345632  -0.0239386223929  -0.0239545502904  -0.0239688108985  -0.0239793400946  -0.0239873957064  -0.023996286665  -0.0240075091414  -0.0240215572272  -0.0240337192929  -0.0240414159158  -0.0240354962449  -0.0240113300404  -0.0239688167475  -0.0239100833243  -0.0238404029715  -0.0237697458238  -0.0237175433445  -0.0237052588871  -0.0237587401495  -0.0239085464291  -0.0241900583063  -0.0246225119847  -0.0251915964964  -0.0259000388276  -0.0267535276555  -0.0277563861976  -0.0289114491619  -0.0302202333585  -0.031683010526  -0.0332988108548  -0.0350653449132  -0.0369787610272  -0.039033000457  -0.0412180584843  -0.0435150007391  -0.0458807741185  -0.0476962743845  -0.0495640900227  -0.0517909106482  -0.05420731568  -0.0570076447321  -0.0600869724701  -0.0634241857922  -0.0670102736538  -0.0708476959678  -0.074945300541  -0.0793169853757  -0.0839831408724  -0.08897495635  -0.0943436864034  -0.100182815771  -0.10669525667  -0.112836347505  -0.117930124763  

0.863136200008  0.863136363753  0.863139082355  0.86314707664  0.863160371624  0.863175782892  0.863187157617  0.863189188737  0.863177150199  0.863147737154  0.863103525379  0.863047739368  0.862983032315  0.862911677129  0.862835430171  0.862755571752  0.862673192206  0.862589748705  0.862532139319  0.862490723726  0.862467102549  0.862445386388  0.862428979342  0.86241619529  0.862401834522  0.862383295179  0.862359334753  0.862337723959  0.86232338844  0.862335457962  0.862387606662  0.862485614242  0.862630183106  0.862813110579  0.863010745471  0.86316589608  0.86320396818  0.863023423797  0.862490794174  0.861435832042  0.859731175703  0.857381087406  0.854328774076  0.850503906751  0.845839989221  0.840275651285  0.833754558784  0.826225666868  0.817643787829  0.807970627077  0.797176860369  0.785246849039  0.772190668734  0.75807817738  0.743143656694  0.731416717016  0.719117559045  0.70415334816  0.687556922167  0.667873691191  0.645692079293  0.621041434084  0.593871539127  0.564048437911  0.531385777225  0.495650580513  0.456546650761  0.413670813554  0.36641881003  0.313760009146  0.253556931339  0.195433855133  0.146263753251  

9.49495345041  9.03516901942  8.28774554174  7.57687004072  6.90333399282  6.26782758798  5.69163490128  5.15199858225  4.62908915348  4.11447023484  3.63507333558  3.18135116785  2.74420233336  2.3192573906  1.90460294805  1.49960800471  1.10433100005  0.719252243264  0.456532471632  0.264999268191  0.152758378816  0.0459696864408  -0.0382729757279  -0.106833461622  -0.187713424315  -0.300148548585  -0.466833342638  -0.663049580678  -0.922141140548  -1.23431208318  -1.52789332674  -1.80259324569  -2.05414742745  -2.27850612937  -2.47112489726  -2.6195549965  -2.72152899371  -2.77582875969  -2.78163331794  -2.73858992291  -2.65129495823  -2.5326525136  -2.39004907663  -2.22828641902  -2.05135792782  -1.86280448138  -1.66582869974  -1.46336055899  -1.258100747  -1.05255362269  -0.849060829859  -0.64985251669  -0.457155443611  -0.273468509324  -0.102337548515  0.0176855305263  0.131667274061  0.255689047904  0.376388338451  0.498946360984  0.612962405024  0.712660317186  0.792871356376  0.84885006855  0.876164525102  0.870890738892  0.829943986193  0.751443175543  0.635056572635  0.482294204269  0.296586174243  0.12519803315  0.000171551034746  

0.872181053569  0.872310520112  0.872971694766  0.873919691201  0.874884561144  0.875653227779  0.876078806625  0.876144348119  0.875848070652  0.875196468542  0.874281585754  0.873169421001  0.871904176402  0.870527629356  0.869083562208  0.867620345534  0.866193663354  0.864870058792  0.86404894598  0.863516758841  0.863239238322  0.86300372077  0.862840195858  0.86272263089  0.862602207456  0.862467857491  0.862339755275  0.862297987437  0.862422419305  0.86283547562  0.863461816972  0.864204566765  0.864920227175  0.865410404465  0.865395132823  0.864536812607  0.862491587261  0.85887925365  0.853281954983  0.845242905204  0.834747335049  0.822363611641  0.808116315534  0.791971745599  0.773925731883  0.753997925599  0.732225713801  0.708662031499  0.683375043518  0.656449300073  0.627989281754  0.598128404028  0.56705252733  0.535065924525  0.502789323122  0.478460730209  0.453834917876  0.425042343059  0.394554289173  0.360301199325  0.324101650774  0.286760601518  0.248994961411  0.211454551539  0.174786549726  0.139652258306  0.106722546211  0.0766719275041  0.0501868474333  0.0280070661262  0.0110570014686  0.00224574869338  1.98559783916e-06  

-0.0764288746842  -0.0762951486376  -0.0754893758532  -0.0740180565857  -0.0719814389539  -0.0695203482842  -0.0669083993889  -0.0642279376505  -0.06151537322  -0.0588311368591  -0.0563907826622  -0.0541840553093  -0.0521847017994  -0.0503820529646  -0.0487734742775  -0.0473613918484  -0.046152832185  -0.0451601489923  -0.044604158396  -0.0442702061453  -0.0441056886808  -0.0439724719693  -0.0438843737032  -0.043823931827  -0.0437653501622  -0.0437059506745  -0.0436625397001  -0.043674712147  -0.0437843340296  -0.0440345452451  -0.0443552111833  -0.0446883251568  -0.0449652069485  -0.0451069852536  -0.0450181043794  -0.0446064825205  -0.0437960085833  -0.0425157882011  -0.0407009693916  -0.038293714696  -0.035374070124  -0.0321542460142  -0.0286737915851  -0.0249567073272  -0.0210340360378  -0.0169410020978  -0.0127148900989  -0.00839416635434  -0.00401809431494  0.000373385967177  0.00473948501898  0.00903782126772  0.0132222651279  0.01723686568  0.0209983625637  0.0236458581465  0.0261631202497  0.0288986945474  0.0315477024528  0.0342093102201  0.0366385006032  0.0386927585494  0.0402429096275  0.0411658261968  0.041336691192  0.0406252965532  0.0388917954063  0.0359776051491  0.0316848342089  0.0257266046336  0.0175801659922  0.00851210565235  -1.28316018114e-06  

0.0679620617655  0.108679198961  0.171800749212  0.228534181855  0.27947902499  0.325014225949  0.363902552796  0.397761147507  0.427535198609  0.453144223867  0.472992657478  0.487637326841  0.497477066884  0.502641581033  0.503153371463  0.498995027017  0.490133859544  0.476532940882  0.464197131056  0.453532135377  0.446607394409  0.439576286206  0.433792264335  0.429006657004  0.423334493336  0.415459729762  0.403886179285  0.390514681825  0.373462715882  0.354215765206  0.337966539868  0.325111139074  0.316266572614  0.312022703402  0.313011833901  0.319499506499  0.331280526591  0.348014732498  0.369236198601  0.39435774325  0.42153304128  0.448339611295  0.474334809795  0.499231448846  0.52271040969  0.544457173542  0.564179255962  0.581610320888  0.596510106277  0.6086630199  0.617876153708  0.623976710822  0.626808278801  0.626224503168  0.622085432224  0.616428611818  0.608215414965  0.595267337172  0.577672924632  0.553348741618  0.522666024267  0.485897324811  0.443587213473  0.396482698242  0.345551398548  0.291981278551  0.237160685074  0.182653463129  0.130192314334  0.0817241560991  0.0395952624596  0.0124941453167  1.30197323086e-05  

-0.118406643157  -0.11902021927  -0.122661530742  -0.128963121973  -0.136810799728  -0.144759358771  -0.151156822  -0.155345539671  -0.156972751546  -0.155892949069  -0.152558020774  -0.147633089327  -0.141647221491  -0.135046006597  -0.12820195184  -0.121413994277  -0.114910077617  -0.108855036775  -0.104950604223  -0.102243025345  -0.100715948926  -0.099306036384  -0.0982242444348  -0.0973643381761  -0.0963746322781  -0.0950454748867  -0.0931813953231  -0.0911637112565  -0.0888272445878  -0.0865941458926  -0.0852170616647  -0.0847689022036  -0.0853573981035  -0.0870970869558  -0.0901174133543  -0.0943149317555  -0.0995603011643  -0.105666731872  -0.112369556264  -0.119314738006  -0.125797545715  -0.13112322707  -0.135132622212  -0.137671284408  -0.138566532151  -0.137647543621  -0.134754469647  -0.12974257752  -0.122484908118  -0.112874863492  -0.100829999897  -0.0862996208462  -0.0692834312698  -0.0498841834134  -0.0284708000405  -0.0111461333604  0.00742217648664  0.0304767053091  0.0565424711495  0.0880121220237  0.12405985824  0.164695574375  0.210035287998  0.260324634467  0.315901182343  0.377197488481  0.444782991772  0.51945609494  0.60243225682  0.695784075458  0.803754401711  0.909408155763  1.00001366607  

-0.0618644298464  -0.0554459793016  -0.0442507178846  -0.0321581694095  -0.0190957520967  -0.00549133193108  0.00739480063134  0.0192402257072  0.0298026796538  0.0387247189187  0.0453743988273  0.0500700917032  0.0531572540229  0.0549305878122  0.0556665788495  0.055629130278  0.055065683194  0.0542018900782  0.0535273303445  0.0530297857049  0.0527455552676  0.0524844578583  0.0522867223243  0.0521321832694  0.0519584061777  0.0517341934437  0.051443817272  0.0511748187642  0.0509582956145  0.0509474955593  0.0512568464127  0.0519445039231  0.0531081549429  0.0549082304236  0.0576016304124  0.0613618579114  0.0664503824003  0.0731658443889  0.081822128404  0.0927334855615  0.105629535226  0.119688300184  0.134821508571  0.150970765281  0.168021567349  0.185821602776  0.204192944009  0.22293780135  0.241841696312  0.260675340008  0.279195341461  0.297142985035  0.314238578198  0.330164226796  0.344515481923  0.35418604146  0.362966222833  0.371937440162  0.379891187749  0.38686278964  0.391827853456  0.394102961299  0.393039263515  0.387968756874  0.378155452177  0.36275293784  0.340745015553  0.310841618591  0.271274684049  0.219334263064  0.150027467851  0.0730409949141  -1.28408458549e-05  

0.756541628338  0.759633887629  0.763584309555  0.765762663871  0.766018602182  0.764292760924  0.760802133584  0.755674983806  0.748855545731  0.740273243646  0.730554841959  0.719794118799  0.70796638955  0.695074217446  0.681145559909  0.666229147229  0.65039229749  0.633723545645  0.621638881529  0.612465117505  0.606951078834  0.601620686508  0.597377468874  0.593919295517  0.589849585773  0.584221331555  0.575947473906  0.566309443917  0.553717635704  0.538648895007  0.52440545934  0.510759733876  0.497633968305  0.484891671516  0.47235127311  0.46040186132  0.448942276824  0.437853971436  0.427042073822  0.41643050586  0.406358331343  0.397220346402  0.388762379503  0.380800180414  0.3732242617  0.365960682475  0.358953132557  0.352154962486  0.345525066355  0.339025394032  0.332619086828  0.326268470365  0.319931603373  0.313553470916  0.3070424179  0.301829448404  0.295991638344  0.288170325489  0.278542889545  0.265970870246  0.250598834947  0.232440008808  0.211634253148  0.188440654712  0.163264266882  0.136668744952  0.109376396188  0.082264619853  0.056374516095  0.0329603222988  0.0136651978251  0.00290115692355  2.23279791917e-06  

1.78258662618  1.78258662618  1.78258662618  1.78258662618  1.78258662618  1.78258662618  1.78258662618  1.78258662618  1.78258662618  1.78258662618  1.78258662618  1.78258662618  1.78258662618  1.78258662618  1.78258662618  1.78258662618  1.78258662618  1.78258662618  1.78258662618  1.78258662618  1.78258662618  1.78258662618  1.78258662618  1.78258662618  1.78258662618  1.78258662618  1.78258662618  1.78258662618  1.78258662618  1.78258662618  1.78258662618  1.78258662618  1.78258662618  1.78258662618  1.78258662618  1.78258662618  1.78258662618  1.78258662618  1.78258662618  1.78258662618  1.78258662618  1.78258662618  1.78258662618  1.78258662618  1.78258662618  1.78258662618  1.78258662618  1.78258662618  1.78258662618  1.78258662618  1.78258662618  1.78258662618  1.78258662618  1.78258662618  1.78258662618  1.78258662618  1.78258662618  1.78258662618  1.78258662618  1.78258662618  1.78258662618  1.78258662618  1.78258662618  1.78258662618  1.78258662618  1.78258662618  1.78258662618  1.78258662618  1.78258662618  1.78258662618  1.78258662618  1.78258662618  1.78258662618  

-1.55887547313  -1.55826880447  -1.55713704991  -1.55584717972  -1.55436794702  -1.55266228264  -1.55076423139  -1.54857823826  -1.54595216196  -1.54269963297  -1.53883391757  -1.5341036757  -1.52807574216  -1.52005419679  -1.50880236699  -1.49185413492  -1.46345433837  -1.40637904945  -1.31468564478  -1.14655169826  -0.905846628063  -0.366270864132  0.308991838703  0.727679166653  1.0020697418  1.19035277569  1.31897590652  1.39150622838  1.44117077626  1.47373831526  1.49238085654  1.50440976162  1.51266237357  1.51852811404  1.52273836794  1.52555703784  1.52727246842  1.52802666484  1.52784702151  1.52665983813  1.5243947792  1.52110364843  1.51666618819  1.51083666752  1.50324557287  1.49334959865  1.4803375666  1.46296196892  1.43922324614  1.40573905401  1.35638100502  1.27904415305  1.14726892297  0.898736333062  0.41960770581  -0.0740234598524  -0.488373791162  -0.779053070393  -0.946708580078  -1.05176199826  -1.11507111482  -1.15212329892  -1.17097744966  -1.17545229272  -1.16664972565  -1.14347864157  -1.10239473637  -1.03625982186  -0.931920779139  -0.766462552884  -0.507399918433  -0.218372180251  -0.000290936739547  

0.0  0.0178258662618  0.0469329454976  0.0748711146457  0.101680934393  0.127381095347  0.151111877709  0.173791997121  0.196276273442  0.21898845121  0.240767069027  0.262030667014  0.283218753519  0.304583082738  0.326277229809  0.348403883003  0.37103934274  0.394244409456  0.410830773642  0.423359185824  0.430887633695  0.438187228908  0.444044786138  0.448879441599  0.454664058527  0.462858887654  0.475359679783  0.490669233306  0.512015774598  0.539812768698  0.568628367684  0.598806034288  0.630392974977  0.663557301154  0.698605300032  0.734140426403  0.770036334471  0.806297932992  0.842945420651  0.880019915098  0.916130466622  0.949613335614  0.981184799619  1.01139278589  1.04055118412  1.06886040288  1.09646276325  1.12346618167  1.14995552622  1.17599813659  1.20164532894  1.22692896365  1.25184769385  1.27632492001  1.3000800141  1.31749633639  1.3347992086  1.35473140378  1.37562589893  1.39901745241  1.42385089171  1.44983227792  1.47677402738  1.50457273629  1.53316222021  1.56250229445  1.59258900245  1.62348111447  1.65535034156  1.68859341493  1.72416418276  1.75649294916  1.78258662618  

