-3.84764721892e-19  0.793729032821  2.94726504004  4.99331478433  7.02190705828  8.59533851868  10.1922571996  11.735624392  13.3414582801  15.017869812  16.8043668858  17.780545516  18.7364871351  19.6437306299  21.2173968934  23.1717474231  25.2934559468  27.50126401  29.7829056741  32.1273988492  34.3306755867  36.3453929572  38.1753527937  40.0241123004  41.8852337733  43.8047183685  45.8725024224  48.0383144086  50.3068136905  52.7801269801  55.4445945795  58.7320641137  60.8061426211  62.8195356496  64.6679312956  66.3863662277  68.0061503555  69.5472523484  71.0248181857  72.4523023226  73.8427067315  75.2094637861  76.5677597094  77.9372393891  79.3489021339  79.7268389188  

7.02706304026e-19  -0.00104972871857  -0.0144733416668  -0.0415444540024  -0.082158913421  -0.123105944509  -0.173101386353  -0.229494221357  -0.296583447279  -0.375737403687  -0.470125072637  -0.525489889204  -0.580208746819  -0.630457542611  -0.71179390572  -0.801825940079  -0.885566422697  -0.957229797436  -1.01490274223  -1.05743925333  -1.08362981465  -1.09935372693  -1.11090174867  -1.12261316278  -1.13485153175  -1.14624341601  -1.15360340983  -1.15203379477  -1.13751892684  -1.1050939468  -1.04987679084  -0.951802157775  -0.872311411411  -0.78173048295  -0.68677459225  -0.588296481686  -0.486444923498  -0.381392823287  -0.27320083168  -0.161722297558  -0.0465636508959  0.0729657785758  0.197975224885  0.330291784396  0.473275783582  0.512689448399  

-2.67120197388e-18  -0.00264537432186  -0.00982274623225  -0.0166420087199  -0.0234033035864  -0.0286476237958  -0.0339699810424  -0.0391127869483  -0.0444600217693  -0.0500272292425  -0.0558438647998  -0.0583132940238  -0.0570525072617  -0.0543745627246  -0.0493688696436  -0.0430345754643  -0.0361438799757  -0.0290223651767  -0.021813793961  -0.0148488125935  -0.00948779410384  -0.0067800324071  -0.00628982262498  -0.00662483176893  -0.0065935869492  -0.00518017691409  -0.00173889919407  0.00339108778423  0.00961765792278  0.0168540539905  0.0249040668358  0.0351475341199  0.0418118189806  0.0483941815189  0.0544941114317  0.0601917455684  0.0655758617055  0.0707062393328  0.0756301075665  0.0803905898201  0.0850300190355  0.0895924994552  0.0941280857384  0.0987015399244  0.103414671592  0.104675825046  

-1.69387072518e-18  0.0264516043763  0.0981389126255  0.166268252999  0.234361384085  0.288085885031  0.344255261076  0.401388506795  0.465584066874  0.539990408323  0.630332492451  0.685284458248  0.742547183402  0.799258056283  0.900604965177  1.02803827321  1.16340398093  1.29595546249  1.41992513057  1.53124104634  1.62173707303  1.69635036728  1.76195144493  1.82895765158  1.89760398782  1.9682375029  2.04118635074  2.11096208488  2.17542028438  2.23769814264  2.30250422943  2.39618048759  2.47314271399  2.56679709727  2.6713164942  2.78430091961  2.90319261094  3.02513872025  3.14750574402  3.2681622994  3.38554220607  3.49860872637  3.60680597377  3.71006368542  3.80898082634  3.83402026005  

7.43313872352e-19  -3.16464229658e-05  1.41989992829e-07  0.00202331125472  0.0126390070836  0.0391458984564  0.0975878168669  0.195216269147  0.347195727831  0.566943061149  0.877067047905  1.08174190578  1.30729235316  1.54538294362  2.00650501152  2.64955722545  3.41309312448  4.25125090012  5.13143296285  6.01596719035  6.80192624086  7.47209235575  8.04793961344  8.61526174254  9.19156980999  9.80747541514  10.4998269759  11.2412142467  11.9999550062  12.7576608236  13.4454569738  14.0841891088  14.3865862859  14.6390006071  14.8682295253  15.108833509  15.3832123567  15.7038879301  16.0767164142  16.5034582541  16.9837698926  17.5167678507  18.1024606503  18.743636772  19.449866195  19.6455556189  

-1.38584925788e-19  1.759948523e-05  0.000789020773278  0.00361790791367  0.0108448960966  0.0222635605598  0.0409002830324  0.0658404618359  0.0984745888751  0.13934522123  0.190438946921  0.221484676459  0.252895020711  0.282202510228  0.33011444752  0.382808800241  0.429595557605  0.464799876767  0.484862453496  0.486968817224  0.4727943215  0.450828547966  0.430272507348  0.41458085349  0.405924818699  0.401986555975  0.396002935215  0.378053079951  0.338042331899  0.264179628818  0.148345371567  -0.0384436979685  -0.172669608457  -0.306968829276  -0.427203982232  -0.531260120208  -0.619021201514  -0.691086782778  -0.748661842753  -0.793324056478  -0.826778864569  -0.850686301403  -0.866559661957  -0.87570809124  -0.879183776266  -0.879253446651  

-8.72270027135e-19  2.78065753212e-05  0.00142516774068  0.00681455214174  0.0177550810048  0.0295529305682  0.0433248859034  0.0579411256284  0.0748667367183  0.0951580653731  0.120592522668  0.136370364837  0.15326543156  0.17087909985  0.205126450169  0.254441424228  0.316813827001  0.3916298114  0.479385585693  0.579979975207  0.68318767638  0.784093267128  0.880794292648  0.983224744422  1.09123557996  1.20828075207  1.3416936679  1.49033515499  1.65572133786  1.84597002911  2.05952592737  2.3297726951  2.50174171106  2.6691589028  2.82379638122  2.96953912724  3.1101716642  3.24854646415  3.38703809255  3.52780134786  3.67292958487  3.82462854203  3.98549012373  4.15902397158  4.35096005567  4.40473296984  

1.44206918985e-19  0.00104974858638  0.0144497758026  0.0408516264879  0.0766105882051  0.106416491827  0.135969329581  0.164291576659  0.195158681078  0.230434114511  0.272448656676  0.297423138931  0.32335716507  0.34959300852  0.3985807705  0.465300724402  0.544726549588  0.634480506773  0.73390079651  0.841756741433  0.946871738183  1.0450775082  1.13566060392  1.22862618553  1.32416471457  1.42551860801  1.53858149643  1.66100130923  1.79160231563  1.9326238103  2.07656698859  2.23242597284  2.31393719322  2.37898635704  2.42658891039  2.46142533154  2.48738654664  2.50747893227  2.52408339309  2.53908919708  2.5540011999  2.57005204015  2.58832728218  2.60992910384  2.63627655223  2.6441163334  

-2.35193521557e-18  0.026454446975  0.0982283968835  0.166376640791  0.233699688991  0.285516597638  0.337687698806  0.387973352603  0.440683422912  0.496798297778  0.558535685304  0.59322920404  0.628032333117  0.662254840754  0.724240444765  0.805987844292  0.900933093082  1.00657743349  1.12262853754  1.24799829602  1.36977855317  1.48301217748  1.58679176607  1.69246931429  1.79998213619  1.91255147767  2.03599800205  2.16680865562  2.30262174768  2.44374661255  2.57872255721  2.70466911289  2.75282475794  2.77229388568  2.76534271663  2.73807305301  2.6955444311  2.6419591462  2.58075532826  2.51461327697  2.44550863591  2.37479468226  2.30326756314  2.23116032751  2.1579384196  2.13864280509  

-0.0196367635075  -0.0196373495939  -0.0196687789211  -0.0197739677593  -0.0199412003779  -0.0201383417597  -0.020482402035  -0.0210189866834  -0.0218142615881  -0.022890087311  -0.024254851537  -0.025048275958  -0.0258226525897  -0.0265515694159  -0.0277861097816  -0.0292408214754  -0.0306881742626  -0.0320286618608  -0.0332547325927  -0.034416016072  -0.0355050107314  -0.036536592578  -0.0374529849704  -0.0382394776488  -0.0387546691398  -0.0388926689953  -0.0385651368901  -0.0377766927881  -0.0366738553323  -0.0355122683277  -0.0348428509646  -0.0357578183395  -0.0378014455261  -0.0411844679616  -0.045736503872  -0.0514327849768  -0.0583227601651  -0.0664893094382  -0.0760439001428  -0.0871263169825  -0.0999057587852  -0.114587508175  -0.131432819234  -0.150810277214  -0.173339557534  -0.1798047599  

1.04755977101  1.0475603055  1.04758132642  1.04762300528  1.04764087244  1.04761024995  1.04747828935  1.04715527337  1.04650479163  1.0453879969  1.043663242  1.04252246453  1.04131580314  1.04009639101  1.03784519409  1.03488444007  1.03158760411  1.02818992647  1.02475439922  1.02117670179  1.01751962533  1.01378887286  1.01025917111  1.00705429045  1.00484139719  1.00422337439  1.005800538  1.0097896792  1.01567426811  1.02222711428  1.02621823193  1.02021939876  1.00614695689  0.981703949203  0.947259682651  0.902241581895  0.845486244448  0.775474442781  0.69031862981  0.587709961765  0.464842693605  0.318266301851  0.143563584972  -0.0653972666666  -0.318468859582  -0.393033004815  

13.8739707005  13.0424086659  10.775678831  8.66342517186  6.67369527354  5.24461067824  3.93127872553  2.81721607226  1.83430753287  1.00327079838  0.328372151917  0.0454878222183  -0.178791684001  -0.34920285127  -0.554879750979  -0.67602867507  -0.679240702055  -0.587414046583  -0.43769266678  -0.269772979911  -0.131507375061  -0.0406925109695  0.00399996507844  0.0106814772227  -0.0181018606687  -0.0762619343199  -0.156641972355  -0.241806563512  -0.314396290599  -0.36763220952  -0.419668174741  -0.589872727006  -0.855396100774  -1.31351698332  -1.96884826864  -2.82351752206  -3.87000394707  -5.08555011171  -6.43029807166  -7.84468810159  -9.24454179825  -10.5128411969  -11.4859217581  -11.9277026228  -11.4714366558  -11.1378816754  

1.19913606108  1.19950495167  1.20248455627  1.20492505229  1.20552898244  1.20514245832  1.20408725447  1.20187985638  1.19761326649  1.19068638386  1.18113737898  1.17560349467  1.17039435462  1.16564854306  1.15771690651  1.14805687851  1.13745614607  1.12596874273  1.1131309374  1.09817447149  1.08179158042  1.06479217279  1.04859225627  1.0332004858  1.02055352564  1.01180285963  1.00722270057  1.0056771881  1.003187685  0.992586401751  0.963169141507  0.889755431264  0.819399714173  0.734485006099  0.645540040702  0.558136770163  0.477001003003  0.406644687369  0.35116821132  0.314144139664  0.298571227054  0.306805237895  0.340410682082  0.39989436555  0.484273485499  0.509792280645  

-0.128720570304  -0.128341495417  -0.124279752172  -0.118563222506  -0.113767466043  -0.111039520268  -0.108266678366  -0.104692460233  -0.0996447231671  -0.0931749549927  -0.0858228489548  -0.0820817461934  -0.0788375449999  -0.0760881850546  -0.0718683500563  -0.0672486701247  -0.0626891668532  -0.0582005168588  -0.0535902635476  -0.0486145270911  -0.0435436555723  -0.0386268949443  -0.034214372753  -0.0302225729103  -0.0270324932455  -0.0247517800658  -0.0232191448207  -0.0219706469234  -0.0200063089475  -0.0157813655041  -0.00750678214835  0.00888495854889  0.022326890557  0.0367141509609  0.0499363873931  0.0609680991045  0.0689221610963  0.0729152204747  0.0720742978254  0.0655248823544  0.0523643807705  0.0316257021604  0.00221637599113  -0.03721636764  -0.0886621994408  -0.104297647972  

-0.403112006475  -0.303609454631  -0.0578016959054  0.146622650637  0.323915195237  0.438861530404  0.52713109783  0.579938476777  0.598693142146  0.578797391499  0.515103815273  0.463893305779  0.408255417576  0.356517381771  0.274012161559  0.187207450738  0.114607644535  0.0638176373078  0.037330559148  0.0350984514883  0.0506374221416  0.0709650547562  0.0856059206713  0.0918597195531  0.0902138307446  0.0855827034579  0.0861757326049  0.101430982723  0.137442807371  0.197820660953  0.277213290272  0.369235709463  0.406832556164  0.416538852194  0.395752064064  0.348418454531  0.280512055603  0.200147634451  0.117674811939  0.0457669188115  -0.00026229944848  -0.00180272044382  0.064263225233  0.227990732197  0.532311733965  0.641585521235  

0.0248246033029  0.0225731686207  -0.00462564144456  -0.048609326004  -0.0870150707645  -0.0993021178252  -0.0938566248722  -0.0772570691299  -0.056005392901  -0.0353870489889  -0.0177918757778  -0.0100728956615  -0.00357032701931  0.00174885938732  0.00909906791907  0.0154537966739  0.0195822397557  0.021198261022  0.0200463089642  0.0160194154784  0.010260864584  0.00427810728425  -0.00109507508302  -0.00639070058364  -0.0121844571724  -0.0198422690631  -0.0317554933616  -0.0503587959759  -0.0784530726184  -0.120144952603  -0.176616321683  -0.254811987221  -0.301525797418  -0.337895943752  -0.357212475578  -0.356791978594  -0.333715925013  -0.284509982195  -0.205189181995  -0.0912270995052  0.0625230741523  0.261995607925  0.514312488234  0.828796464231  1.21984700836  1.33622987134  

-0.025340827854  -0.0278365326717  -0.0334317371063  -0.0260427619212  -0.00538943140871  0.0122322877709  0.0256820798704  0.0335818866421  0.0385582870689  0.043105435967  0.0493189772835  0.0533799151946  0.0575030730282  0.0613622258383  0.067286293654  0.0719932953605  0.0725343695078  0.067888941756  0.0587743779745  0.047275376174  0.0369239222702  0.0291704276788  0.0236429452501  0.0190019129312  0.0147560240713  0.0107203548208  0.00747287424629  0.00718018980562  0.0135958195809  0.0336485719774  0.0777436271535  0.175445715  0.266434326076  0.378391453063  0.501868685365  0.633511002654  0.770381221757  0.908664743007  1.04347950363  1.16862993965  1.27620405648  1.35598744147  1.39453429447  1.37341319886  1.26506051721  1.21773753387  

0.777398416719  0.779855913289  0.788655737653  0.793517013074  0.786998283326  0.770649740054  0.743204004121  0.707169922608  0.661598401884  0.607921888425  0.547818120344  0.515720372539  0.486623068659  0.462055903912  0.426337731642  0.392006128829  0.364074634217  0.342234924273  0.324963970922  0.311145356599  0.300918007045  0.293443378049  0.28779863399  0.282882512977  0.278676399374  0.275276649942  0.272827528801  0.271498027279  0.271080794616  0.271097663234  0.270180004222  0.262400337269  0.248224169728  0.221435038874  0.179350167484  0.119006299794  0.0377623203163  -0.0661020212803  -0.193051188821  -0.34197545146  -0.509741699049  -0.690503762098  -0.874594514629  -1.04656949134  -1.18109403974  -1.20488015671  

2.64544478215  2.64544478215  2.64544478215  2.64544478215  2.64544478215  2.64544478215  2.64544478215  2.64544478215  2.64544478215  2.64544478215  2.64544478215  2.64544478215  2.64544478215  2.64544478215  2.64544478215  2.64544478215  2.64544478215  2.64544478215  2.64544478215  2.64544478215  2.64544478215  2.64544478215  2.64544478215  2.64544478215  2.64544478215  2.64544478215  2.64544478215  2.64544478215  2.64544478215  2.64544478215  2.64544478215  2.64544478215  2.64544478215  2.64544478215  2.64544478215  2.64544478215  2.64544478215  2.64544478215  2.64544478215  2.64544478215  2.64544478215  2.64544478215  2.64544478215  2.64544478215  2.64544478215  2.64544478215  

-1.56371960877  -1.563268201  -1.56167011156  -1.55938449546  -1.55585728921  -1.55159960355  -1.54475165785  -1.53350908281  -1.51140441469  -1.45721003922  -1.21701504749  -0.348386627947  0.945362986224  1.20749727514  1.32546046094  1.35780746399  1.34862486107  1.3046401778  1.20774824422  1.00299569148  0.637575478034  0.21917121012  -0.0213566791793  -0.0558082181988  0.0931473681636  0.373734838128  0.682226281504  0.907665023424  1.04278965748  1.12085203748  1.17732054378  1.27649999566  1.35333174576  1.41529032203  1.45516406149  1.47996765444  1.49558613259  1.50551839271  1.51173571943  1.51532125824  1.51681382737  1.51635135732  1.51364388978  1.50766185152  1.4953869128  1.49025328094  

0.0  0.0264544478215  0.0982306317048  0.166426811405  0.234045542684  0.286496290905  0.339733248401  0.391186524725  0.444719161451  0.500585664947  0.560024770397  0.592295432275  0.623771893596  0.653835427015  0.706111914232  0.77108551477  0.841613948682  0.914954865703  0.990650800941  1.06824862553  1.14088969367  1.20705185685  1.26705742435  1.3276753093  1.38869798726  1.45166289099  1.51961809059  1.59098854156  1.66591399344  1.74772960651  1.83596303665  1.94497568803  2.01387256771  2.0808486779  2.14240606283  2.1996838704  2.25370932251  2.30513892487  2.35447227367  2.40215479563  2.448618252  2.49430977134  2.53973580461  2.58555231558  2.63279488427  2.64544478215  

