-6.63765657735e-18  0.513833992844  2.6935362304  4.71067940481  6.5217804784  8.28327214354  9.91139698024  11.5775485669  12.3632293396  12.8421255823  13.2876623761  14.0217935772  15.295795636  17.3279269207  19.470023061  21.8177393138  24.4055702438  27.1412937791  29.9536300968  32.4909026918  34.6934422428  36.7349472731  38.262130042  39.6944803516  41.2143373956  43.1459015323  45.2445074941  47.4994616455  49.9228076443  51.577849852  

-1.15180091594e-18  -0.000439798058856  -0.0120845442068  -0.0369597543212  -0.0708379260596  -0.114258693504  -0.163555235765  -0.223033718081  -0.254084686185  -0.273587179362  -0.291581025071  -0.320087538239  -0.365508692003  -0.426924490815  -0.476845863281  -0.514048433399  -0.533824939117  -0.530524160412  -0.501215877368  -0.452289386793  -0.39268782766  -0.323908493562  -0.266645014517  -0.214541572718  -0.16486287025  -0.111475039134  -0.0662382866126  -0.0321926967662  -0.0105549810188  -0.00145753256096  

-7.14375630805e-18  -0.00171222136119  -0.00897515637223  -0.0156957409014  -0.0217286623208  -0.0275934658597  -0.0330061928097  -0.0385001124382  -0.0409114759114  -0.041295970063  -0.0401478994888  -0.0378157441104  -0.0336253886082  -0.0268846691739  -0.0197631422693  -0.0119529995885  -0.00334283836798  0.00575742330748  0.0151042010234  0.0235115593784  0.0307245806864  0.0368681304429  0.0381879942182  0.0350899178417  0.0307311744336  0.0248870499088  0.0185236601507  0.012011673606  0.00650355742819  0.00507208633887  

0.0  0.017123072318  0.0897036508285  0.156944455717  0.217681367599  0.277440805757  0.334227241114  0.395591156741  0.426197314278  0.445357155347  0.463602855509  0.494346275055  0.548991397492  0.637768718957  0.730564259139  0.827556237916  0.924832425085  1.01393430353  1.09101478125  1.15146004469  1.20178388628  1.25145419299  1.29309911466  1.33641000783  1.38445425347  1.44396325968  1.50247596071  1.55673727974  1.60759881398  1.64027402138  

0.0  -1.40523169638e-05  -4.54247651914e-05  0.00213539737155  0.0139858223073  0.0517144288458  0.126390391951  0.255633300334  0.337957758968  0.395038994324  0.453455524445  0.560778171097  0.777495012595  1.19585053027  1.71923358953  2.36688096878  3.13595633704  3.96501729375  4.77927321299  5.4361824493  5.92120001644  6.28907383865  6.51380884088  6.69911169637  6.89095510362  7.16378792715  7.54083515133  8.08198729288  8.85425269129  9.50355866835  

-1.03846439373e-19  4.86007477029e-06  0.000619770367064  0.00336355273934  0.0103745849538  0.024674637403  0.0458062671357  0.0753168755056  0.0918758137304  0.102624223896  0.112852111004  0.129758651033  0.158568825767  0.201565906892  0.240736078748  0.273627810352  0.294282879654  0.294371572644  0.26737650701  0.217401168679  0.154280975613  0.0813110686464  0.0225561964113  -0.0254585545794  -0.0619144322093  -0.0841572325993  -0.0784897029137  -0.0415450895435  0.0261552409045  0.0814868182476  

-2.94194660311e-18  7.53819287012e-06  0.00108790512127  0.00573601965331  0.0145464921822  0.0276739953075  0.0437740826734  0.064387729396  0.0756421031153  0.0829661563832  0.0901800797909  0.102938328002  0.127641580259  0.174181948678  0.233537752  0.311730143704  0.414829919597  0.543761938111  0.697600254805  0.854075760053  1.00235262177  1.14874102565  1.26277948608  1.37391634193  1.49617827397  1.65760920033  1.84140088992  2.05075116507  2.29296659372  2.47115231246  

1.02532524869e-18  0.000439838886788  0.0120710926328  0.036431795895  0.0672605156073  0.1023809936  0.138154255312  0.178163366851  0.198300667488  0.210924557936  0.223042668194  0.243808896925  0.28204464216  0.348861726721  0.427171483454  0.522193444946  0.637514336982  0.770160720989  0.915657244917  1.05202660555  1.17175573589  1.28154871088  1.36159365094  1.43538715569  1.51252574143  1.6095893538  1.71619335798  1.83595781414  1.97549971248  2.07962497891  

0.0  0.0171238558641  0.0897611288901  0.156946790713  0.217133587993  0.275491308442  0.329478997994  0.385194177683  0.411708863935  0.427877836476  0.443097119697  0.468561379056  0.513693515701  0.588251347402  0.67051397078  0.765116542124  0.874467738108  0.994710014313  1.1208544823  1.2335823978  1.32739021506  1.40800128748  1.46263652911  1.50961793185  1.55571501256  1.61059343261  1.66892305154  1.73451348023  1.81285892034  1.87270073948  

-0.0227295937993  -0.0227297374861  -0.022756660652  -0.0228938191738  -0.0231336119158  -0.023380936688  -0.0235626582167  -0.0236982064149  -0.023745172795  -0.0237675485884  -0.0237839136569  -0.0238017713546  -0.0238069037302  -0.0237605033979  -0.0236923881523  -0.0237280561752  -0.0241578559281  -0.0254552481038  -0.0281781377681  -0.032213877455  -0.0371011170719  -0.0427906713258  -0.0477022577728  -0.0527996161788  -0.0586952749609  -0.066873022574  -0.0766543408416  -0.0882762599868  -0.102060507945  -0.112160344188  

0.78417635161  0.784176484162  0.784192234262  0.784222549307  0.784191169218  0.7840755412  0.783932010873  0.783783323182  0.783720970571  0.78368868964  0.783663733403  0.783634727902  0.783626039513  0.783724823946  0.783891403451  0.783782877975  0.782352421849  0.777437205095  0.765743849294  0.746356656621  0.720539865126  0.687889587283  0.657729504002  0.624663046215  0.584365537302  0.525148006802  0.449752099677  0.354449347713  0.234371968515  0.142050149063  

8.40839277517  8.00699997149  6.32202320654  4.81680087645  3.53854522411  2.38585162281  1.41599147981  0.528440789909  0.149051507553  -0.0685029064568  -0.263756403745  -0.57003313924  -1.05167990864  -1.68529692549  -2.17041009932  -2.48273206999  -2.56160000978  -2.35848536987  -1.88959770616  -1.30958398247  -0.752162738425  -0.2470741635  0.0936387086268  0.370331905559  0.603499918675  0.786021168834  0.814609302021  0.641735054679  0.281625384275  0.0232720875492  

0.796514952092  0.796624065178  0.798561163103  0.800005253988  0.799303200362  0.797090295879  0.794581753698  0.792350167259  0.791629370079  0.79134559561  0.791193757773  0.791149580167  0.791506410205  0.792379182773  0.792069124306  0.787715312823  0.774323528344  0.74559046074  0.695572226834  0.62989033745  0.55685890273  0.477511244688  0.412867307106  0.3495207461  0.281784422463  0.199242094556  0.119659303534  0.0525817910506  0.00924572352178  0.000174941713233  

-0.0695096707465  -0.069397328684  -0.0664069457895  -0.0606175927543  -0.0547484213586  -0.0500179964071  -0.0469323179876  -0.0450201549412  -0.0445389602745  -0.044378197639  -0.0443104172697  -0.0443301231946  -0.0445881448248  -0.0450365747863  -0.0448345264118  -0.0430768029483  -0.0386015016426  -0.0305369221143  -0.0187665183603  -0.00581500562847  0.00628407152185  0.0172426255689  0.0246677562989  0.0306654138565  0.0355773766471  0.0389979502975  0.0383011489861  0.0314225608156  0.0158376193762  -0.000172895944308  

0.038327314079  0.073934275276  0.210635711905  0.316912529224  0.39055026004  0.433354135086  0.444836155176  0.431045876673  0.416819116766  0.406411084588  0.396665677387  0.381878489776  0.361140774571  0.342586002963  0.342912803772  0.364987759606  0.410388836905  0.472654733586  0.537824860927  0.583975441034  0.604680627891  0.601543125879  0.581329594386  0.543406432989  0.483269727973  0.384889037445  0.264065021947  0.138542661982  0.0362553470429  0.00180228601417  

-0.109785131986  -0.110300994173  -0.123434612326  -0.142255687821  -0.148211074275  -0.140347259144  -0.127894398267  -0.115761029048  -0.111022511826  -0.108513796155  -0.106417202853  -0.103484877583  -0.0999919139045  -0.0985152307246  -0.102002675979  -0.110695146902  -0.123554116741  -0.135595801047  -0.137870516979  -0.122472275317  -0.0895707855336  -0.0394259751913  0.0111557063462  0.0692873376218  0.142478276596  0.252796509027  0.395950535433  0.57976599504  0.81594440086  1.00198622924  

-0.0641412067696  -0.0584470995733  -0.0305304336001  0.00190185653144  0.0278163547356  0.0424177004223  0.047744366146  0.0491933519276  0.0494557390432  0.0496291600104  0.0498342532698  0.050305148588  0.0515946383088  0.0551481712583  0.0616031612944  0.0735145296902  0.0951659404432  0.13052799301  0.181043438922  0.236256247095  0.286802562155  0.330268087092  0.357005817951  0.375414694371  0.38577946302  0.381987507292  0.351145556593  0.278264896647  0.139486999931  -0.00169987768673  

0.726288578567  0.729410584927  0.737392895792  0.733609125845  0.718662396127  0.694280243328  0.665106627626  0.630862772481  0.613837591713  0.603470461854  0.594051946113  0.579300238953  0.555973678309  0.523641269741  0.494182654166  0.465385577742  0.436247073288  0.407298498922  0.378817561731  0.353701335064  0.331812106106  0.310754660318  0.292917402429  0.270410898803  0.238519082666  0.187887419844  0.125766261888  0.0614587728463  0.0119060732833  0.000250428713162  

1.7123855927  1.7123855927  1.7123855927  1.7123855927  1.7123855927  1.7123855927  1.7123855927  1.7123855927  1.7123855927  1.7123855927  1.7123855927  1.7123855927  1.7123855927  1.7123855927  1.7123855927  1.7123855927  1.7123855927  1.7123855927  1.7123855927  1.7123855927  1.7123855927  1.7123855927  1.7123855927  1.7123855927  1.7123855927  1.7123855927  1.7123855927  1.7123855927  1.7123855927  1.7123855927  

-1.55728113402  -1.55660361331  -1.55280034415  -1.54703625094  -1.53811993543  -1.52183634226  -1.48778554637  -1.35021714773  -0.898167160412  0.522916296735  1.14722003042  1.3649773642  1.45809085677  1.5004192259  1.51626998777  1.52304647088  1.52367738783  1.51688337729  1.49637283029  1.44841814823  1.32899232427  0.857116229094  -0.374107842949  -0.951485661341  -1.11817621572  -1.16859585777  -1.13102796682  -0.968309601808  -0.504284870287  -0.0414740927288  

0.0  0.017123855927  0.089762487042  0.156982725184  0.217335458073  0.276030782958  0.330269351549  0.385722212437  0.411775481884  0.427524034647  0.442240292131  0.466614480787  0.509003353825  0.576673729912  0.648023665926  0.726225070827  0.812421518763  0.903537135035  0.997189573538  1.08164841544  1.15488611609  1.22252706039  1.27272294027  1.31992066489  1.37019427768  1.43417101777  1.50367525712  1.57824633432  1.6580812616  1.7123855927  

