1.87780055318e-18  0.200050081887  1.94952198465  3.68091347604  5.65618049982  7.65604027567  9.50861576318  11.5086827435  13.5087794559  15.5088339534  17.5088442043  19.5087868612  20.0000033169  

1.18965032149e-19  -1.36478419518e-05  -0.00109848482458  -0.00331505743399  -0.00645601736409  -0.0095905983903  -0.0118023773529  -0.0128553262506  -0.0122434914427  -0.0100057436881  -0.00630741328248  -0.00133362614395  1.90956914686e-05  

5.30033861854e-20  -0.000132965654013  -0.00100470610297  -0.00145658818643  -0.00161251429112  -0.0014070570539  -0.000895170681087  -0.000116378296238  0.000712926402268  0.00147229579256  0.00215285570699  0.00268269407552  0.00272144536175  

0.0  0.00677907590001  0.0660401292249  0.124650697027  0.191586257304  0.259028216989  0.320491256224  0.385567476079  0.44957531735  0.512794888249  0.575403213826  0.637491859153  0.652677397494  

0.0  -4.52158891505e-07  -4.31631790568e-05  -0.000404544024581  -0.000513211861641  0.0108490553193  0.0501820591264  0.138167060667  0.279575918509  0.476182086934  0.72793538535  1.03402672401  1.11741361159  

-5.81477646925e-18  5.75785788087e-08  1.40019936476e-05  -4.51066742523e-05  0.000368161475207  0.00436370663221  0.0133439191394  0.0278288287833  0.0453780417687  0.0645400662189  0.0844304451576  0.104521718106  0.109477169508  

2.93923413874e-18  4.67348127446e-07  0.000432692472118  0.00289362307356  0.0101428912745  0.0232471505304  0.0404648737025  0.0647063097961  0.0955002696135  0.133707280767  0.180173999027  0.235691957661  0.250798924603  

0.0  6.89348275915e-05  0.00654627569451  0.0232248393076  0.0533854416542  0.0921064697078  0.132537690605  0.18095984043  0.235115120668  0.295533821025  0.362420213811  0.435803442655  0.454818027656  

4.12624596258e-18  0.00677912627526  0.0660720350503  0.124760334017  0.191717073924  0.259456579055  0.322154433077  0.390059333648  0.458630732989  0.528277801104  0.599323221538  0.672018855947  0.690151605445  

0.00203536076288  0.00203536074664  0.00203530996978  0.00203419992327  0.00203191129098  0.00205570342869  0.00211898496257  0.00219805198401  0.00223755272209  0.00219305211597  0.00202718348996  0.00170788174274  0.00160290942446  

0.000586678809191  0.000586678824942  0.000586713927703  0.000587130734512  0.000587452572689  0.000596876191851  0.000643070762002  0.000729488028374  0.000786551159302  0.000698657756436  0.000312870844856  -0.000554758377889  -0.000864568941326  

0.00209562460432  0.0019763321145  0.00110248975347  0.000506349378693  -2.74470322822e-05  -0.000599963555331  -0.0010844786562  -0.00136125144045  -0.00133662873973  -0.00116307213959  -0.000968981300368  -0.000364737566811  -2.05400713231e-06  

0.00150898522233  0.00150902122362  0.00151337386282  0.00152440693003  0.00152775950399  0.00149771660571  0.00142207900255  0.00125285430959  0.000970894364383  0.000602708268802  0.000234491748786  1.11995411867e-05  -5.53852549523e-08  

0.000286993618438  0.000287029013115  0.000289810474557  0.000305946094063  0.000369126769456  0.000484857005287  0.000626780616712  0.000797598133166  0.000934787875164  0.000954536993311  0.000750783587302  0.000202355980921  2.35006013163e-07  

0.00289139163628  0.00290033844623  0.0028907200619  0.00252718862242  0.00173625799184  0.00120644007731  0.00126186155689  0.00155862904089  0.00164206194058  0.00128828465095  0.000599932039435  3.30740787833e-05  -2.53387816415e-07  

-0.0331532163304  -0.0331533825667  -0.0336160475074  -0.0363533172427  -0.0431770719375  -0.051262187585  -0.0566284991682  -0.0584195387817  -0.0551678262473  -0.0460813080255  -0.0303107851215  -0.00698605338636  -7.06183177176e-06  

-0.0629534080097  -0.0622788280621  -0.0563579333171  -0.0505705812611  -0.0445014948464  -0.0389684638079  -0.0335050268917  -0.0265295957055  -0.018604453066  -0.0105887920053  -0.00384157534027  -0.000180905590241  -6.66569572976e-06  

-0.0615308535859  -0.0602574443027  -0.0497087515929  -0.0403048543506  -0.0307763010893  -0.0222964174789  -0.0154601950085  -0.00933683654797  -0.00473577887772  -0.00177249336543  -0.000337142098828  2.92345657451e-06  6.20056217656e-06  

0.677912627531  0.677912627531  0.677912627531  0.677912627531  0.677912627531  0.677912627531  0.677912627531  0.677912627531  0.677912627531  0.677912627531  0.677912627531  0.677912627531  0.677912627531  

-2.93850970256  -2.94978048638  -3.0336772329  -3.0918500811  3.13889106267  3.0832881772  3.03958958462  3.01836047058  3.02268389062  3.03591895895  3.04628352089  3.09890632484  3.14133636873  

0.0  0.00677912627531  0.0660720515178  0.124760242487  0.191718093142  0.259509355895  0.322304943878  0.390096206631  0.457887469384  0.525678732137  0.59346999489  0.661261257643  0.677912627531  

