-4.52178889396e-18  0.260833898523  1.66783072038  3.00953245478  4.42687511368  5.97642240261  7.54463363256  9.00917743093  10.8597401238  12.9017668852  15.2998408232  17.9220200633  20.2949844275  22.473536912  24.4646254626  26.315761423  

3.73515615542e-19  -0.0001111998695  -0.00452817217532  -0.0146513505452  -0.0312885011633  -0.0547923454781  -0.0784093749035  -0.0956321781458  -0.108841971517  -0.111893338399  -0.100736233854  -0.0746498264934  -0.0476601025443  -0.0266121388565  -0.0115928212606  0.000137428484913  

-6.1024267129e-19  -0.000854825637281  -0.0054347997615  -0.00970154164659  -0.0138448456861  -0.0161911369456  -0.0137777376364  -0.00986931472246  -0.00449025827824  0.00144597144643  0.00773890443505  0.0116464000853  0.01092617325  0.00863210834125  0.00684062977146  0.00624297941893  

0.0  0.0086701995011  0.055394979012  0.0998601263406  0.146753723662  0.197885318582  0.249704177083  0.298078345651  0.358595220071  0.424003079195  0.498249313877  0.575984835208  0.644449100718  0.706820708889  0.763614683211  0.816091463193  

0.0  -3.66608691306e-06  -9.41947402026e-05  3.42507944211e-05  0.00137549004585  0.00780139955707  0.0277356008777  0.0665111665757  0.149817569072  0.287404329424  0.503982229026  0.796296934135  1.10611352049  1.43513068067  1.78178891773  2.14914956979  

-3.86730699775e-18  6.32134289951e-07  0.000150390845936  0.000824476224341  0.0026016977288  0.00680714172013  0.0141228849058  0.0232957707813  0.0366334302433  0.0511674404695  0.0650377692729  0.0752005971437  0.0837159336338  0.0952481028456  0.110016221032  0.126401074479  

2.1228959526e-18  9.78108277699e-07  0.000255866868587  0.00149935340382  0.00471009872303  0.011160885797  0.0211302012263  0.033593126989  0.0537333402753  0.0820515938398  0.124352156556  0.182959776006  0.248333154385  0.319650958948  0.394891249807  0.473980446904  

-1.0735933501e-18  0.000112761275616  0.00460555334488  0.0149482553539  0.0319807366361  0.0565462929136  0.0859442027778  0.116443515787  0.158776940896  0.210811903133  0.279589397125  0.364314489461  0.44949483044  0.534726348524  0.618369277933  0.701086536802  

0.0  0.0086703057761  0.0554151636462  0.0999274005915  0.146794755627  0.19764246098  0.248978270861  0.297111773382  0.358285611279  0.426480700205  0.507657689019  0.597636113261  0.680285577528  0.757510548455  0.829469738814  0.897824918573  

-0.0181480236727  -0.0181480262397  -0.0181488207859  -0.0181537649862  -0.0181743599158  -0.0182535491222  -0.0184619531568  -0.0188232169229  -0.0195581421421  -0.0208075982072  -0.0229996598117  -0.0264498213371  -0.0306169516963  -0.035333166166  -0.0403097687581  -0.0453463891033  

0.10362791515  0.103627917616  0.103628509898  0.103630980599  0.103635611376  0.103630149272  0.103553587951  0.103316696759  0.102595976615  0.100897109261  0.096957331028  0.0890328842832  0.0773741519855  0.062001030013  0.0436675877965  0.0231418601688  

0.548599251562  0.521859896206  0.378283646566  0.246105016015  0.117261187166  -0.00351042305292  -0.0980749066923  -0.157097308968  -0.189186414752  -0.17485270309  -0.110801998612  -0.0202007064213  0.0429184803562  0.0615030174144  0.0403349280285  -1.21433282265e-05  

0.113788224475  0.113792316829  0.113919794539  0.114129031142  0.114336610011  0.114226616449  0.112987777414  0.110016263775  0.103135195693  0.0914830376924  0.0732964289273  0.050181475757  0.0293270841006  0.0131605132098  0.00327652287739  -8.78693167072e-06  

-0.0270887110609  -0.0270849702011  -0.0269367308339  -0.0265557300296  -0.0257004975569  -0.0237731682815  -0.0203627968707  -0.015928912268  -0.00925619878239  -0.00150744813197  0.00679327479682  0.0133367719355  0.0157037147867  0.0139806371482  0.00857820611967  3.89091854056e-06  

-0.0235415708964  -0.0159199626892  0.0247991310504  0.0641044979754  0.107094803781  0.153935874084  0.196471822758  0.22749583694  0.251242439374  0.256865094897  0.238035758747  0.191254692646  0.13269756997  0.0747804112547  0.028359746539  -1.10035281334e-05  

-0.229471833362  -0.229523517441  -0.231689501602  -0.236467474696  -0.242120423872  -0.243286269821  -0.233403439497  -0.212482362084  -0.170615031261  -0.104572651437  0.00214145839432  0.159716460306  0.343529433695  0.549550008908  0.769524954728  0.999941072822  

-0.0505824870822  -0.0446167318306  -0.0122425275467  0.0197601647404  0.055507840952  0.0963678232324  0.138186750338  0.176411509268  0.222210558487  0.267706498417  0.309651565054  0.330884298463  0.314453118945  0.255421749204  0.151521183855  2.57123981716e-05  

0.486256880918  0.487497032714  0.491450091122  0.490498865216  0.483788228399  0.469116342221  0.446838050479  0.420355307283  0.380547561124  0.330034368062  0.263942126541  0.186073237707  0.114338604034  0.0545468668483  0.0145557776074  1.09135259261e-05  

0.867030577713  0.867030577713  0.867030577713  0.867030577713  0.867030577713  0.867030577713  0.867030577713  0.867030577713  0.867030577713  0.867030577713  0.867030577713  0.867030577713  0.867030577713  0.867030577713  0.867030577713  0.867030577713  

-1.40687713685  -1.39863919948  -1.33536125709  -1.21745338228  -0.911516204487  0.038443959179  0.815670451841  1.03104313158  1.09371925149  1.03405873586  0.766816179679  0.151575796659  -0.273340304167  -0.335009649958  -0.197515585472  5.35580817705e-05  

0.0  0.00867030577713  0.0554152370353  0.0999299139609  0.146818435283  0.197760813523  0.249305736453  0.29765554511  0.3588564761  0.42638797238  0.505531352932  0.591688456246  0.669510894738  0.741004479768  0.806329915261  0.867030577713  

