1.66478331177e-18  0.230497520863  1.90038598708  3.53201455777  5.54460499981  7.78101207231  10.0947692778  12.4097096064  14.7267940762  17.0447347872  19.3624182689  21.6800566674  23.1578920274  

1.70699221726e-18  -6.55928580297e-05  -0.00413359574906  -0.0127628924242  -0.025577332203  -0.0367403859344  -0.0411005271866  -0.0378731733519  -0.0293318344382  -0.0190056873622  -0.00990707969519  -0.00327974479959  -2.67052466745e-05  

2.99820910334e-20  -0.000573050228159  -0.00417772307666  -0.00626503426698  -0.00620649964923  -0.00365312068526  -0.000159693817097  0.00281631080744  0.00440300793451  0.00442516881793  0.00346324847548  0.00241430275543  0.00214314462431  

0.0  0.00759998249228  0.0625476021721  0.116056503339  0.182062918055  0.255237554178  0.329686267902  0.402314825953  0.473230800359  0.542841946804  0.611718772745  0.680376887325  0.724135278445  

0.0  -2.16811139413e-06  -7.95171992316e-05  5.44846035754e-05  0.0022631824224  0.0193540426142  0.0773672938483  0.191911389483  0.367296861566  0.604983288773  0.908017563574  1.28121116388  1.55784886354  

-1.84028473498e-18  3.25756164021e-07  0.000143549900562  0.000714020067832  0.00244266895546  0.00791592626822  0.0190405601839  0.033780229133  0.050268338644  0.0683823984703  0.0889348520523  0.112414041232  0.128631533627  

9.78183987988e-19  6.58673013296e-07  0.000368183772776  0.00234554540974  0.00879622807052  0.022461532765  0.0439389123386  0.0733011907491  0.111581131446  0.159954225789  0.219555405549  0.291470640836  0.344241690641  

0.0  8.66412177726e-05  0.00587195808043  0.0201553540646  0.0484597466107  0.0898214331841  0.139684226444  0.196447444269  0.260905286981  0.333451938988  0.414157077693  0.503012165343  0.563933474146  

0.0  0.00760005386708  0.0625748349544  0.116142688057  0.182104265239  0.255374820736  0.331246642363  0.407576283725  0.484856398881  0.563478493943  0.64381053556  0.726264893333  0.780144063903  

-0.0040114556634  -0.00401145573188  -0.00401148302908  -0.00401133334872  -0.00401526933696  -0.00407468744538  -0.00425325020315  -0.00452529471752  -0.00484346174064  -0.00516617566584  -0.00544947482316  -0.00563885512125  -0.00567916976421  

0.0057505269641  0.00575052703021  0.00575054672727  0.00575049146496  0.00575036493909  0.00572711043377  0.00558311150415  0.00524301047954  0.00470048673749  0.00400186987638  0.00325836416755  0.00267611718154  0.00253761726167  

0.023677076356  0.0223798290006  0.0130247602248  0.00441919252997  -0.00432001012943  -0.00997645505491  -0.0107145530242  -0.00746544773517  -0.00243415917013  0.00207458610727  0.0042158927037  0.00288896469725  1.73113219032e-05  

0.00453406525603  0.00453418950618  0.00454000901274  0.0045509023705  0.00455683222273  0.00440601092689  0.0038678843816  0.00299286829119  0.00198987839692  0.00107058076909  0.000397209804947  5.32821755091e-05  -2.57063032687e-07  

-0.00205481835304  -0.00205471210336  -0.00204520167157  -0.00201066875102  -0.00187781508371  -0.00150335698083  -0.000944666731891  -0.000427082822844  -7.30354625596e-05  9.02624657561e-05  9.56901290895e-05  2.5259475588e-05  -5.34201842774e-07  

-0.0025836898508  -0.00212141530589  0.00134365223881  0.00530481234448  0.0110153553823  0.0163485004717  0.0184569628535  0.0172571089273  0.013925617131  0.00961622687072  0.00529754759014  0.00170596424533  3.28078958964e-06  

-0.0973715306252  -0.0973737903386  -0.0971270420451  -0.095011288475  -0.0876265662177  -0.0741882008835  -0.0584026413508  -0.0430687223517  -0.0290139991305  -0.0167875927615  -0.00714668690712  -0.00119087624017  1.46405403019e-05  

0.0631623278023  0.0631020931381  0.0626881633497  0.0625106711049  0.0631193174405  0.0646983326218  0.065286899369  0.0629457686059  0.0568598754794  0.0466992191903  0.0323333168167  0.0138242953902  7.48657758215e-06  

0.118912643971  0.117473367696  0.107101552546  0.0970171652456  0.0844953769017  0.0702729493886  0.0553364783722  0.0407095261386  0.0271097739098  0.0153468008789  0.00632535979652  0.00101019379342  -1.02819925135e-05  

0.760005386744  0.760005386744  0.760005386744  0.760005386744  0.760005386744  0.760005386744  0.760005386744  0.760005386744  0.760005386744  0.760005386744  0.760005386744  0.760005386744  0.760005386744  

-0.867977774976  -0.840072850825  -0.575934895425  -0.216870143371  0.211947336725  0.455357193394  0.466706079084  0.318696203502  0.100176744501  -0.0801421713103  -0.153509272864  -0.10210998867  -0.000609642622794  

0.0  0.00760005386744  0.0625749394966  0.116146308849  0.182142687201  0.255546828933  0.331547367608  0.407547906282  0.483548444956  0.559548983631  0.635549522305  0.71155006098  0.760005386744  

