2.90986916161e-23  0.492754502983  1.35034217234  2.17279911659  2.9623049873  3.71642862227  4.41301333435  5.07365447326  5.72284081792  6.40206352254  7.08387029279  7.74769736152  8.40810541254  9.07390776997  9.75041040125  10.4411436775  11.1488559095  11.5529842035  11.7826388978  12.011261843  12.2003379817  12.3569070476  12.5449568052  12.7948960743  13.2052863154  13.6797786943  14.3349179852  15.1677720289  16.0329803567  16.9411516869  17.8954619579  18.9035609577  19.9714610136  21.0526563508  22.1479339675  23.2577898339  24.3833747777  25.5063807564  26.54258551  27.5159062178  28.4462463424  29.3443647432  30.2167823909  31.067971329  31.9012135041  32.7189461662  33.5227970822  34.3131839939  35.0877350007  35.835370944  36.5204943186  37.0950546107  37.7223279727  38.410166853  39.169553973  39.9679948769  40.7991488519  41.6597819851  42.5490889343  43.4680412303  44.4199715804  45.4125976487  46.463479027  47.6195781661  48.6269777808  49.4736773346  

1.93599501888e-22  -0.000404410830089  -0.00303694730138  -0.00786279902576  -0.0146145694511  -0.0230020345869  -0.0324319505181  -0.0428678208052  -0.05453787483  -0.0682490206642  -0.0835554752965  -0.0999426913623  -0.117697159362  -0.137059634044  -0.158232765963  -0.181399748691  -0.206728140265  -0.221875971243  -0.230674481042  -0.239524212343  -0.246865664384  -0.252936345659  -0.260185724774  -0.269701594275  -0.284951650059  -0.301941878773  -0.324217444591  -0.35051481228  -0.375415610212  -0.398890036189  -0.420611605143  -0.440274928465  -0.457423476285  -0.470925703968  -0.480643139105  -0.48642353551  -0.488105545718  -0.485589412337  -0.479552993315  -0.470637496782  -0.459179738625  -0.44540025875  -0.429463372737  -0.411498670677  -0.391614389095  -0.369910407199  -0.346498356631  -0.321546711339  -0.295406511756  -0.268984373213  -0.244411569397  -0.224088901476  -0.202593277582  -0.180104291407  -0.15675748359  -0.133988288628  -0.112281732387  -0.0919811587369  -0.0733388927336  -0.0565554367194  -0.0417863149324  -0.0291304871122  -0.0185902960097  -0.00992870204136  -0.00419357002036  -1.19868324617e-05  

1.09886919476e-22  -0.00164186469056  -0.0044992623905  -0.00723948434212  -0.00986978873277  -0.01238206312  -0.0147024822667  -0.0169029647612  -0.0190650289517  -0.0213267320373  -0.0235964473767  -0.0258054437485  -0.0280017195819  -0.030213644722  -0.0324567180319  -0.0347368503246  -0.0370406037158  -0.0382997244295  -0.038943092511  -0.0393962670191  -0.0394229133455  -0.0391755670425  -0.0387097760465  -0.0379798745786  -0.0366905075153  -0.0351532416347  -0.0330028108556  -0.030251145711  -0.0273836240265  -0.0243690238822  -0.0211985063575  -0.0178475525761  -0.0142967199289  -0.0107010741091  -0.00705836129488  -0.0033672427897  0.000375779522308  0.0041094235099  0.00755329854427  0.010786547986  0.0138747426283  0.0168526925049  0.0197405068028  0.0225503534409  0.0252881970651  0.0279523037595  0.0305263216637  0.0329564006016  0.035071847621  0.0363721161057  0.0362818625507  0.0353604693432  0.03390813571  0.0320691068468  0.0298985870899  0.0275393697316  0.0250439609029  0.022445391799  0.0197666539052  0.017028877373  0.0142581608645  0.0114970785638  0.00883329071844  0.00647671933127  0.00523438343834  0.00491528271804  

0.0  0.0164200699976  0.0449871345952  0.072367784834  0.0986462315008  0.123762017978  0.146994672316  0.169072746327  0.190819633321  0.213637682478  0.236628927806  0.259133928619  0.281699234099  0.304708823577  0.328460975418  0.353227095641  0.379280289541  0.394508349463  0.403273451964  0.412063783496  0.419381293029  0.425493009711  0.432901134881  0.442841167141  0.459343909157  0.478649858552  0.50561950085  0.540284693032  0.576551048308  0.614663235446  0.65449613623  0.696035740956  0.739106399441  0.781411363533  0.82263926389  0.862502541087  0.900786984502  0.936739742565  0.967925705071  0.995550989026  1.02056385941  1.04357338371  1.0650378274  1.08534365423  1.10483619361  1.12383165435  1.14261791981  1.16144035058  1.18045018462  1.19953302132  1.21784528279  1.23388907296  1.25202893374  1.27245132744  1.29533252133  1.3194170196  1.34416987633  1.36915341691  1.39404209543  1.4186259789  1.44283982594  1.46681691145  1.49100649296  1.51657610365  1.53829151198  1.55628674412  

0.0  -1.2965270966e-05  -7.5071498604e-05  -0.000102754314946  2.61201274674e-05  0.00047238844968  0.00144629019071  0.00329986878938  0.00662380511731  0.0125882512275  0.0222352813446  0.0362816921869  0.0558750661997  0.0822790955876  0.116851414795  0.161052874816  0.216464058822  0.252949979931  0.275274664087  0.298615681023  0.318774938148  0.336130404031  0.357806593499  0.387986128352  0.440810291006  0.506793283417  0.606254898838  0.746102011312  0.906400212291  1.08998739323  1.29841309917  1.53409028399  1.79890130058  2.08031786161  2.3761911217  2.68396503774  3.00092091491  3.31849864557  3.60967068905  3.87901754948  4.13060760127  4.3662655736  4.58686838705  4.79291744035  4.98475604235  5.16265828052  5.32685331338  5.47748259947  5.61441587999  5.73666723851  5.84110982322  5.92441872105  6.01228590303  6.10665232606  6.21081762325  6.32323817615  6.44664143468  6.5846083132  6.74138561328  6.92180638211  7.13154499866  7.37794427825  7.67235160319  8.03856967161  8.39501018526  8.72154348272  

4.39856015762e-23  4.29129330256e-06  8.36564495655e-05  0.000332725527563  0.000817513311576  0.00160114424843  0.00272533563333  0.00429867851344  0.0065009611221  0.00969924105588  0.0140128023239  0.0194054560043  0.0260125039374  0.0339580642946  0.0433535066805  0.0543051859228  0.0669196493098  0.0747325386907  0.0793542489804  0.0840644416589  0.0880234583978  0.091338498161  0.0953514638543  0.10071314919  0.109535255597  0.119705861561  0.133606139665  0.150889572369  0.168204051208  0.185479627965  0.20243160632  0.218770468961  0.234058225335  0.247141331831  0.257653556551  0.265205009083  0.26938935184  0.269804433419  0.266638702163  0.260401814838  0.251369824718  0.239723343081  0.225607208563  0.209151894229  0.190486170159  0.169749867105  0.147114964796  0.122834609579  0.0973816962574  0.0718585350304  0.0486629804644  0.0302290706092  0.011816937759  -0.00587012206181  -0.0220300752717  -0.0350029019218  -0.044032580834  -0.0485734517018  -0.0482202766125  -0.0426539203392  -0.0315956395944  -0.0147350887597  0.00842660818721  0.0391014942247  0.0688463745434  0.0947450880455  

-2.48005710731e-22  6.6470375331e-06  0.000136956474497  0.000570891276839  0.00144555648038  0.00284530664789  0.00473349122337  0.00712047938749  0.0100698817027  0.0138132057132  0.0182467583343  0.0232067842973  0.0287656896513  0.0350016136513  0.0419966782745  0.0498413146973  0.0586364765107  0.064007808123  0.0671704717496  0.0703929236664  0.0731158909668  0.0754211161794  0.0782558241858  0.0821317722669  0.0887555664789  0.0968135859647  0.108654310023  0.12493992675  0.143376471741  0.164462473078  0.188611375252  0.21642442492  0.248561887346  0.283993655658  0.322938143732  0.365602232885  0.412214616046  0.462107739689  0.511154386213  0.559846689543  0.608741802061  0.658094858076  0.708021525359  0.75857544997  0.809775572822  0.861612420017  0.914037324773  0.966919290966  1.01991162771  1.07203729826  1.12069939888  1.16231212865  1.20859446842  1.26030708029  1.31850393851  1.38090760678  1.44718750604  1.51727196198  1.59132015456  1.6696921696  1.75302488968  1.8424547649  1.94021688139  2.05180371298  2.15288713063  2.24098129941  

-3.13002175283e-23  0.00040446159561  0.00303715165264  0.00785995661058  0.0145884411127  0.0228854782523  0.0320819424947  0.0420355230412  0.0528299664579  0.0650214212021  0.0780158773896  0.0912770703928  0.105000231689  0.119346544152  0.1344535575  0.150451121293  0.167467225981  0.177469427354  0.183238966213  0.189034021776  0.193869280395  0.197921067422  0.202853634958  0.209513708307  0.220686695299  0.233957873623  0.25289810999  0.278016801719  0.30536146574  0.335450182302  0.368606851702  0.405345327651  0.446168109217  0.489463633389  0.535287039312  0.583663877598  0.63462747968  0.687261561782  0.737286206143  0.785429579798  0.832375966201  0.878443166024  0.923780552048  0.968459688646  1.01250801044  1.0559200479  1.09865357628  1.14060187243  1.18150349529  1.22066159092  1.25629210934  1.28608494337  1.31853102118  1.35398689205  1.39297839817  1.43384701542  1.47634709224  1.52045546928  1.56633609027  1.61430846394  1.66488507681  1.71889939093  1.77786403672  1.84528122626  1.90656517593  1.96014569355  

1.33880956539e-22  0.016420763624  0.0449989497827  0.0724056934882  0.0987123991191  0.123835037387  0.147031172097  0.169015267899  0.190596935027  0.213148531071  0.235754693557  0.257740017488  0.279601189955  0.301650449927  0.324090321083  0.347069652341  0.370710011069  0.384251429506  0.39195032394  0.399603630897  0.405929745764  0.411190170255  0.417545796784  0.426046456476  0.440109401724  0.456512272594  0.479404412269  0.508925519747  0.540112593709  0.57344224114  0.609142108949  0.647622296605  0.689249447791  0.732287807588  0.776769639062  0.822692753708  0.870053931048  0.917980393647  0.962671435406  1.00492994164  1.04544452996  1.08453584355  1.12235313312  1.15896278536  1.19438238301  1.22859383534  1.26154398027  1.29312830944  1.32313415102  1.35106621739  1.37576700291  1.39589783372  1.41730552865  1.44013033898  1.46461729627  1.48968916244  1.51523548349  1.54131720951  1.56812976924  1.59597384523  1.6252701566  1.65662950356  1.69106141591  1.73075295715  1.76712082884  1.79908522616  

-0.0230457466254  -0.0230458613265  -0.0230483855554  -0.0230577863704  -0.0230784550252  -0.0231133526327  -0.0231611285386  -0.0232200031072  -0.0232881124437  -0.0233656235976  -0.0234445593451  -0.0235182801288  -0.0235860034916  -0.0236474991374  -0.0237028519281  -0.0237522466538  -0.023795677154  -0.0238171811471  -0.0238282655827  -0.023838415508  -0.0238461160233  -0.0238520386838  -0.0238586312266  -0.0238665272987  -0.0238773970396  -0.0238868567439  -0.0238949077514  -0.0238982327968  -0.023896550883  -0.0238942975111  -0.0238991618619  -0.023923638457  -0.0239871528248  -0.0241108783674  -0.0243207900496  -0.024647022595  -0.0251240037152  -0.0257771050999  -0.0265631343  -0.0274830380852  -0.0285435956297  -0.0297489369205  -0.0311010287286  -0.0326002197945  -0.034245353866  -0.0360335574675  -0.0379594813896  -0.0400131205524  -0.0421733827143  -0.0443883081626  -0.0465276112074  -0.0484062918306  -0.0505447349995  -0.0529905566983  -0.0558093229131  -0.0589047907566  -0.0622703691579  -0.065911398127  -0.0698443693808  -0.0740953809074  -0.078703690465  -0.0837330802507  -0.0893038998366  -0.0957115946957  -0.10151409894  -0.10653129594  

0.706505690026  0.706505796205  0.706507787781  0.706513738729  0.70652358689  0.706534925855  0.706543637211  0.706546504111  0.706541044977  0.706524734675  0.706497646704  0.706462721883  0.70642198979  0.706377197354  0.706329830028  0.706281219416  0.706232844032  0.706206668008  0.70619252924  0.706179160485  0.706168726213  0.706160515813  0.706151172813  0.706139673629  0.706123211808  0.706108147647  0.706094552187  0.706088558818  0.706091923384  0.706096692514  0.706085359046  0.706024578301  0.705855553135  0.705503211754  0.704865306067  0.703810050747  0.702171415348  0.699794207178  0.696777068602  0.693073106508  0.688610646506  0.683325567056  0.67716106575  0.670066506745  0.661997827416  0.652919510085  0.642809702509  0.631673980501  0.619585590196  0.606810740844  0.594120786369  0.582703287649  0.569408295065  0.553827828652  0.535396992872  0.514597430694  0.491349295989  0.465491090394  0.436775301241  0.404869837869  0.369320698898  0.329446353488  0.284044269779  0.230311218305  0.180332648807  0.13614738913  

7.35126662568  7.00437842094  6.40224973051  5.82875792755  5.28399614234  4.7707006367  4.30415546308  3.86965999759  3.45141161121  3.0242811107  2.60754067592  2.21449458044  1.83690496922  1.47065492039  1.11410412033  0.766932043074  0.429588915514  0.245657302501  0.144147312173  0.0454528956686  -0.0344542738817  -0.0997459317753  -0.177232259033  -0.278478842944  -0.439978338272  -0.618951377654  -0.851976551897  -1.12415208139  -1.37790759571  -1.61201036421  -1.82194170761  -2.00311513795  -2.14919875384  -2.24896872549  -2.30098753867  -2.30425649194  -2.25842100777  -2.16591664372  -2.04212816662  -1.89543528804  -1.73092987042  -1.55291097751  -1.36526777529  -1.17157144706  -0.975136042499  -0.779071903458  -0.5863546604  -0.399962162716  -0.223222237782  -0.0607830668402  0.0794977531163  0.190091781066  0.302388750106  0.413896529701  0.520994239061  0.613396150431  0.68545469097  0.73215901715  0.749028821015  0.732165248505  0.678487991182  0.585985756708  0.453739803928  0.280675677092  0.122845285418  0.000150314948464  

0.723653232911  0.723744343662  0.724250781401  0.724978294255  0.725713218063  0.726295294257  0.726629688589  0.726719579622  0.726586186601  0.726236287102  0.725714542444  0.725093642809  0.724413568226  0.723708321896  0.723011417246  0.72235892279  0.721792523589  0.721531856121  0.721408285615  0.721304982512  0.72123512167  0.721187717449  0.721142661454  0.721101393149  0.721073648198  0.721089818643  0.721162513495  0.72126219917  0.721260840404  0.721001566413  0.72027342391  0.718789104384  0.716160691421  0.712106649232  0.706264045062  0.698242893194  0.687624392622  0.674228651294  0.659144244378  0.642422054935  0.62401178443  0.603920130887  0.582192410469  0.558899509203  0.53413454947  0.508015109826  0.480692813985  0.452380714448  0.423432553019  0.394581913887  0.367492232271  0.344344721605  0.318763868172  0.290565336779  0.259553072321  0.227431475484  0.194910095223  0.162636272777  0.131227580277  0.10131436284  0.0735536154789  0.0486396466556  0.0273375763222  0.0106055643202  0.00225183711677  1.57544486089e-06  

-0.0640690259346  -0.0639755977636  -0.0633675066584  -0.0622658288216  -0.0607739797837  -0.0590294861332  -0.0572375890203  -0.0554756481153  -0.0537720008723  -0.0520939472011  -0.0505690585566  -0.0492638658368  -0.0481480213923  -0.0472035166282  -0.0464204723492  -0.045794635041  -0.0453269722655  -0.0451367098102  -0.0450533001488  -0.0449880472139  -0.044947190159  -0.0449217311266  -0.0449002531202  -0.0448852262006  -0.0448874649986  -0.0449190008362  -0.0449863478254  -0.0450620225279  -0.0450693545462  -0.0449388946791  -0.0445917326815  -0.0439348752645  -0.042858757023  -0.0413220051799  -0.0392673142475  -0.0366468092054  -0.0334222721832  -0.0296395140019  -0.0256663246773  -0.0215407142055  -0.017276333419  -0.01290275214  -0.00845767982152  -0.00398243483169  0.000479630100288  0.00488345456094  0.00918157684752  0.0133215278675  0.017238212449  0.0208322193216  0.0239287672838  0.0263603622102  0.0288130802046  0.031220117431  0.0334839047953  0.0353616988613  0.0367079633877  0.0373829398307  0.0372430573741  0.0361312522873  0.033864955783  0.0302108366257  0.0248176602613  0.0169757196763  0.00844083117193  -1.18106362076e-06  

0.0061988404831  0.0377225961321  0.0899850524187  0.137141562527  0.179839196727  0.218340967308  0.251818474681  0.2814365455  0.308106638683  0.332912798571  0.354133528984  0.370911020464  0.383639974216  0.392467676652  0.397431242917  0.398531500945  0.395767654499  0.392554203221  0.390249151879  0.387666666111  0.385390159823  0.383475746309  0.381202001269  0.378282613741  0.373834773293  0.369315516626  0.364286092659  0.360055254766  0.358324810127  0.359460309025  0.363855328552  0.371902281852  0.383950834607  0.399422803902  0.417910760103  0.438872748815  0.461643797545  0.485014631785  0.506353794183  0.525501219762  0.542382858011  0.556823991134  0.568625387623  0.57759657944  0.583567033772  0.586390515515  0.585947895937  0.582151945908  0.574961888983  0.564449958563  0.551217380065  0.537053890521  0.518277394651  0.493883219329  0.462760967788  0.425956551281  0.384061276771  0.337871712214  0.288366517988  0.236732548294  0.184371610792  0.132903264242  0.0841892497299  0.0404238575668  0.0132371616259  1.24097696805e-05  

-0.105163953744  -0.105602078214  -0.108490468568  -0.113684595805  -0.120441774806  -0.12772314981  -0.134260848906  -0.139488637859  -0.143124809336  -0.145032374426  -0.145031337252  -0.143480473542  -0.140831617817  -0.137468966951  -0.133722585526  -0.129868550975  -0.126129341137  -0.124155139723  -0.123097222416  -0.122094676195  -0.12130387937  -0.120673078524  -0.119944389154  -0.119028550575  -0.117664557578  -0.116314523628  -0.114862208728  -0.113711128231  -0.11332806706  -0.113782066725  -0.11513939654  -0.117446617832  -0.120701965168  -0.124613751754  -0.128901633771  -0.133196006595  -0.137030413849  -0.139793447349  -0.140884452375  -0.140171742131  -0.137507062962  -0.132727162674  -0.125676428311  -0.116215412839  -0.104225535565  -0.0896145574449  -0.0723274114023  -0.0523738192553  -0.0299087362984  -0.00548458683192  0.0193088953743  0.0419737928169  0.0687094071567  0.100419815227  0.138345154758  0.181555063733  0.230235556989  0.284733753589  0.345582585886  0.413514165018  0.489558862855  0.575300351991  0.673561724044  0.790889714442  0.901249454475  1.00001358558  

-0.0679347915729  -0.0627286272769  -0.0532781431096  -0.0433089176858  -0.032639737355  -0.0215117895925  -0.0107655359517  -0.000641612343511  0.00874627640803  0.0175261865823  0.0249830600709  0.0308646971952  0.0354586536647  0.0390136362361  0.0417621731961  0.0439287737894  0.0457273722024  0.0466465762019  0.0471501866646  0.0476434463419  0.0480484187666  0.0483848220007  0.0487925058635  0.0493424924531  0.0502711826186  0.0513952386353  0.0530586979601  0.0554050166865  0.0581819416128  0.0615556564757  0.0657210633139  0.0709605276825  0.0776402060929  0.0857963068117  0.0956975993118  0.107601731286  0.121744221345  0.138008450222  0.154915279431  0.172377441313  0.190367526091  0.208762719926  0.227385367281  0.246025894633  0.264451931914  0.282411807682  0.299634165401  0.315821601597  0.330630508859  0.343617216736  0.354168753333  0.36189471758  0.369004309973  0.37501267424  0.379219885996  0.380592072012  0.37833681105  0.371612764006  0.359453660216  0.340683154705  0.313784464726  0.276636562399  0.2258524578  0.154481754027  0.0772156948781  -1.20087382396e-05  

0.702936130545  0.706143772603  0.710942292967  0.714362406514  0.716287895673  0.716656298091  0.715558242177  0.713145012401  0.709432139581  0.704131756414  0.697409637  0.689601926255  0.680701845351  0.670699070367  0.659596900348  0.647412995262  0.634182419559  0.626354228592  0.621842586553  0.617330635446  0.613602823276  0.610524912728  0.606849392917  0.602019007235  0.594251409379  0.585536108317  0.573955878215  0.559930684607  0.546088625055  0.532243995492  0.518334658287  0.504234389045  0.489846506459  0.475752542978  0.461874947909  0.44815319508  0.434528298576  0.421176343374  0.409029841151  0.397737535876  0.387017969852  0.376706687733  0.366692699753  0.356890398657  0.34722812333  0.337642789004  0.32807711448  0.318478150675  0.308795961465  0.298989033509  0.289179123578  0.279959968479  0.268646579013  0.254685640044  0.237448555426  0.217450291628  0.194908261792  0.170162972368  0.143687056027  0.116115518939  0.0882649815052  0.06115629487  0.0360711587977  0.0147430627369  0.00327528468882  1.79322540755e-06  

1.64207636728  1.64207636728  1.64207636728  1.64207636728  1.64207636728  1.64207636728  1.64207636728  1.64207636728  1.64207636728  1.64207636728  1.64207636728  1.64207636728  1.64207636728  1.64207636728  1.64207636728  1.64207636728  1.64207636728  1.64207636728  1.64207636728  1.64207636728  1.64207636728  1.64207636728  1.64207636728  1.64207636728  1.64207636728  1.64207636728  1.64207636728  1.64207636728  1.64207636728  1.64207636728  1.64207636728  1.64207636728  1.64207636728  1.64207636728  1.64207636728  1.64207636728  1.64207636728  1.64207636728  1.64207636728  1.64207636728  1.64207636728  1.64207636728  1.64207636728  1.64207636728  1.64207636728  1.64207636728  1.64207636728  1.64207636728  1.64207636728  1.64207636728  1.64207636728  1.64207636728  1.64207636728  1.64207636728  1.64207636728  1.64207636728  1.64207636728  1.64207636728  1.64207636728  1.64207636728  1.64207636728  1.64207636728  1.64207636728  1.64207636728  1.64207636728  1.64207636728  

-1.5551229329  -1.55434677106  -1.55279804672  -1.55101957465  -1.54896172781  -1.54657678873  -1.54389727271  -1.54080268439  -1.53707203416  -1.53218547937  -1.52587126575  -1.51774536682  -1.5066839229  -1.4905710323  -1.46481858566  -1.4171642106  -1.30061004545  -1.11941134814  -0.880089681248  -0.364318790941  0.281308713463  0.696529133212  0.978360381782  1.16595137926  1.30582905512  1.38017684981  1.4314726648  1.4648994753  1.48429950509  1.49681822813  1.50530306424  1.51115107382  1.51504927439  1.5172432821  1.51799685468  1.51736572159  1.51523064365  1.51136018886  1.50584992395  1.49842498373  1.48853078756  1.47530322978  1.45738425031  1.43255345843  1.39697563158  1.3435320381  1.25774932174  1.10697967329  0.81385312329  0.267315091883  -0.329282073328  -0.665775583683  -0.874629081574  -1.00138200821  -1.07907282342  -1.12315207289  -1.14443301024  -1.14784536849  -1.13452545708  -1.10235884538  -1.04521758719  -0.950429165512  -0.793418241516  -0.530436103054  -0.237459809868  -0.000282198658  

0.0  0.0164207636728  0.0449989712372  0.07240606875  0.0987147934586  0.123844182808  0.147055936826  0.169069644583  0.190701231098  0.213333005467  0.23604987664  0.258166219598  0.280166432432  0.302342790595  0.324869443288  0.347858303874  0.371385342221  0.384790016847  0.392384153479  0.399912257029  0.40611812617  0.411266522002  0.417471738722  0.425744651989  0.439361416406  0.455129768573  0.476921819327  0.504641812565  0.533448348411  0.56369070066  0.595472554866  0.629047397286  0.664614592741  0.700624564361  0.737103032306  0.774066116772  0.811551729981  0.848949657611  0.883454779281  0.915863237  0.946837205313  0.976733975358  1.00576922319  1.03408964678  1.06180109335  1.08897915973  1.1156685465  1.14186597656  1.16746171725  1.1920568506  1.21454044548  1.23343144336  1.25410855272  1.27682700434  1.3019416087  1.32836882029  1.35589005132  1.38439076272  1.41383710345  1.44425319699  1.47573895988  1.50853464048  1.54319708715  1.58123942998  1.61431128675  1.64207636728  

