-1.92147324673e-18  0.292270108598  1.71707469326  3.06703319886  4.48346377828  6.0030997876  7.05811200392  8.04606192234  9.29269197722  11.0782780833  13.0406042294  15.2630837294  17.8863638442  20.5907424642  22.9484628973  24.9329203845  26.9343208371  29.0018643727  29.4736598297  

2.93151918581e-19  -0.000140979057954  -0.00485760619041  -0.0154598271032  -0.0328852773655  -0.0582408164541  -0.0784944593062  -0.096846688345  -0.116736249522  -0.137347932262  -0.148703466377  -0.147217665125  -0.126834230243  -0.0901537916565  -0.056648630406  -0.0336858548614  -0.01637277295  -0.00282708450127  2.09782031737e-06  

3.60636343254e-18  -0.000966407920477  -0.00566496546823  -0.0100803258496  -0.0146036475661  -0.0188287126926  -0.0196106970654  -0.0177804238789  -0.0143193874813  -0.0088752398639  -0.00276080263327  0.00406840471802  0.0113577113351  0.015086982999  0.0132182852345  0.0102142343344  0.00749675631596  0.00612796433288  0.00608068618274  

0.0  0.00972417783089  0.0570934902868  0.101911530745  0.14893183281  0.199380925812  0.234318753622  0.267156270962  0.308718634567  0.368001811427  0.432184056337  0.502762733621  0.582127396071  0.659601325836  0.725762382563  0.781515382499  0.837810626915  0.895775526875  0.908923806452  

0.0  -4.63482024683e-06  -9.75244338383e-05  5.91110919858e-05  0.00154252593653  0.00840054556611  0.0207304337076  0.0414639372524  0.0835833923677  0.178227761722  0.328617307198  0.551159853018  0.869431396735  1.24018431413  1.59523775558  1.92744547656  2.30574985356  2.75281302416  2.86352609945  

4.60245756865e-18  8.97180671654e-07  0.000166027619025  0.000889498745851  0.00279967063783  0.00740406420846  0.0128991180731  0.0196116968394  0.0295750470952  0.0452448461604  0.0620378610884  0.0776836522464  0.0886106725284  0.0915448888051  0.0940601877061  0.101359938276  0.114924268125  0.134157071847  0.138948951115  

-8.99167758848e-19  1.38002207277e-06  0.000280165978131  0.00159352353639  0.00491887768177  0.0113977840987  0.0177870235553  0.0252020700072  0.0365530291654  0.0567605678922  0.084722560176  0.124444907435  0.183457192343  0.259097409593  0.338432746147  0.415605340056  0.503487384832  0.605444263139  0.630386259715  

-2.83591474141e-18  0.000141843756593  0.00489237266396  0.0155658697608  0.0329106188664  0.0573203380173  0.076743991436  0.0963755879345  0.12293613416  0.164385161558  0.214969864748  0.279120180622  0.364266863769  0.462056897155  0.555337693667  0.639527738328  0.729567735357  0.828150998226  0.85147994  

0.0  0.00972432702363  0.0571152565787  0.101980281369  0.148964000786  0.199087916557  0.233578305076  0.265901364147  0.306896936004  0.366069088787  0.431944026248  0.507836299628  0.59903537091  0.694225767507  0.778179099004  0.849848009078  0.923368300761  1.00108003003  1.01911602491  

-0.0200911066718  -0.0200911120682  -0.0200923584321  -0.0200988821888  -0.0201201827411  -0.0201889192192  -0.0202910367555  -0.0204419436165  -0.0207189905052  -0.0213052264983  -0.0222670509831  -0.0238821931382  -0.0267025388121  -0.030826937551  -0.0355351231473  -0.0403307948753  -0.0458896883735  -0.0522438542751  -0.0537533066916  

0.15018939128  0.150189396439  0.150190317115  0.150193534873  0.150198185636  0.150193086501  0.150161302956  0.150084689053  0.149883635636  0.149283973939  0.147952184823  0.145058831974  0.138658553877  0.127103704053  0.111495333974  0.0934631255168  0.0702795546137  0.0411270415846  0.0338118271813  

0.920264705791  0.876714275248  0.664027723806  0.46669681698  0.271197597322  0.0837282006784  -0.02790542362  -0.116970236157  -0.205815643611  -0.284094812478  -0.304990242921  -0.258395875219  -0.140956090804  -0.00401835968293  0.082029060582  0.106611434436  0.0807207431882  0.0161233548546  0.000125133709887  

0.168958098752  0.16896563919  0.169149460718  0.169398280389  0.169591291594  0.169490155423  0.168943568581  0.167807742832  0.165188504203  0.158630059959  0.147251018624  0.129189252621  0.101959098551  0.0700571821215  0.0425023924237  0.0223655585954  0.00749697321121  0.000276208037233  2.75218707153e-06  

-0.0349180235595  -0.0349109872786  -0.0346947690122  -0.0342418651386  -0.0334329631685  -0.0318357311407  -0.030058225715  -0.0278280147088  -0.0242733433787  -0.0180581907827  -0.01031272073  -0.00125831004572  0.00849564478044  0.0158187703492  0.0185812996178  0.0174332377392  0.0124511944233  0.00284734935799  -3.93423841196e-06  

-0.0611057887416  -0.0503528822713  0.00125808336359  0.0501881429283  0.102802138008  0.15892413868  0.194958637109  0.22543392712  0.258382898335  0.293138288419  0.313653052784  0.314773445291  0.287386551115  0.230609148139  0.163602423715  0.102468111132  0.0462458770345  0.00551404675362  2.41042826715e-05  

-0.208530756234  -0.208614977338  -0.21165658807  -0.218630291592  -0.228390844809  -0.236381459534  -0.237466659847  -0.234403618893  -0.225097323767  -0.202189645415  -0.164264294714  -0.102914860432  0.000330824867177  0.148447649445  0.317223869267  0.490775181282  0.696142348231  0.940069384885  1.00007063833  

-0.0758490791433  -0.0697775354908  -0.0400953715359  -0.0107260925839  0.0223767224775  0.0598873482763  0.0860830816214  0.110339321274  0.140343688897  0.182000644629  0.225983958354  0.272264369095  0.316694786262  0.339565535572  0.327398318451  0.282787275255  0.194587662316  0.0443408778682  -1.25610908154e-05  

0.526347588118  0.528479320317  0.536383321783  0.539528677763  0.537377505554  0.527845221042  0.516669898492  0.503234101699  0.482927504403  0.44862909939  0.405348903398  0.350701441454  0.279946864653  0.201337618034  0.129893434435  0.0727128985073  0.0261397246182  0.0010177642432  -1.91219051916e-05  

0.972432702571  0.972432702571  0.972432702571  0.972432702571  0.972432702571  0.972432702571  0.972432702571  0.972432702571  0.972432702571  0.972432702571  0.972432702571  0.972432702571  0.972432702571  0.972432702571  0.972432702571  0.972432702571  0.972432702571  0.972432702571  0.972432702571  

-1.46206743654  -1.45671199287  -1.42064347692  -1.3587035698  -1.21558052579  -0.692440362938  0.268414301448  0.85264092025  1.10448142705  1.21205473357  1.22078149708  1.13790585012  0.812510801322  0.0260645395854  -0.432523442264  -0.486331410661  -0.338280512254  -0.0616452451817  -0.000465585127191  

0.0  0.00972432702571  0.0571153456013  0.101983159044  0.148990326193  0.199215954495  0.233851506504  0.266350592555  0.307541352649  0.366681155642  0.431723612796  0.50534884748  0.592024504959  0.680879227585  0.758238518085  0.823427565689  0.889147284577  0.956963558222  0.972432702571  

