-5.36278727603e-19  0.805829345182  2.45742612602  4.04682708034  5.62389099866  7.32646416854  9.10838291192  10.6446565033  12.5279743589  14.2233246648  16.3725783362  18.7970040572  21.5802210603  24.8728688882  28.8987852603  32.5764837635  34.9590816119  37.398480378  39.5434726489  41.6947225582  43.9790560471  46.5037937946  49.5104886904  52.8129643735  55.2986774225  57.8501446581  60.0840027335  62.1626028423  64.1803355618  66.2495265953  68.7694358439  70.8817461994  72.5818744023  74.2435417697  76.0133099394  78.0215742703  79.8797459945  79.9913364515  

1.60151771026e-19  0.00107916163533  0.0100305726522  0.0271808264595  0.0524290718897  0.0887415031384  0.135926095789  0.179525568582  0.226358980136  0.259429348899  0.288237588689  0.302859591112  0.296183829899  0.256039660591  0.160539118303  0.032689158536  -0.0651900025716  -0.170197254288  -0.261398295986  -0.348696372282  -0.434839912053  -0.520392977969  -0.606306001815  -0.67638234362  -0.70971789564  -0.725071775358  -0.722175653679  -0.705473557736  -0.676181805067  -0.632650798578  -0.561072180053  -0.485295145583  -0.413834757776  -0.334981631122  -0.241286604165  -0.123461927485  -0.0113460676329  -0.00489722020057  

-2.95229177265e-19  0.00267258260619  0.00813873172017  0.0133721133932  0.0185028635983  0.0238206515629  0.0280060060077  0.0269976888093  0.0219634468381  0.0167414934404  0.00990167598187  0.00209770884319  -0.00686662880992  -0.0173511760747  -0.0295452746869  -0.0385912963011  -0.0418276501529  -0.0423509292944  -0.0410278243461  -0.0386770188366  -0.0354595844233  -0.0311795904068  -0.0249837168332  -0.0167374304301  -0.00974760479641  -0.00213802177687  0.00473984853843  0.0112488370968  0.0176327563947  0.0242258123587  0.0322965997638  0.0390758158443  0.0445190452449  0.0497912626332  0.0552399785071  0.0601514173062  0.0574570539806  0.0571224388434  

0.0  0.0269110515955  0.0820441107276  0.135169462501  0.188166377114  0.245577891131  0.305279015584  0.355711569167  0.414871067918  0.465606149667  0.527184984787  0.594816255201  0.674294658636  0.780324173233  0.950456876475  1.17544588922  1.36991034323  1.61019154518  1.85117723917  2.11441344961  2.40970153022  2.74316865537  3.12672664141  3.48939366076  3.69186787051  3.81754970101  3.85570778375  3.84005787352  3.79804789434  3.75954664463  3.77405384494  3.8757617262  4.02391452538  4.21594369114  4.45066492444  4.7198150025  4.92010885628  4.92919280531  

0.0  3.17018109645e-05  -8.83447123454e-05  -0.0022890602452  -0.00859860529724  -0.0169433594765  -0.0174762532916  -0.00412765099709  0.037182250253  0.105709378203  0.247506509411  0.499404382083  0.938357096439  1.71818729469  3.17485182856  5.15819277565  6.87074606112  9.02732500518  11.2798852073  13.877486356  16.9972498716  20.8463720591  25.8836546009  31.7431944626  36.1191473866  40.2727702868  43.3569663576  45.542928764  46.8854207317  47.4121688801  47.0469273445  46.238718688  45.555930983  45.0762360108  44.9233665925  45.2846322791  46.099509735  46.1608628378  

8.05441675533e-19  -2.03360506214e-05  -0.000623584677027  -0.00281653877203  -0.00684951129459  -0.0119054883805  -0.0162838261998  -0.0181681143322  -0.015527544033  -0.00759076311457  0.0104912719727  0.0423079471813  0.0951106616895  0.183081648441  0.335667826868  0.527205936713  0.678983009671  0.85214112903  1.01380537158  1.1802028313  1.35702084669  1.54584984634  1.74655351741  1.90360361337  1.94635804453  1.88985706431  1.7316661778  1.47709907933  1.12672978477  0.674373110295  0.0489312427257  -0.46748366244  -0.829207663694  -1.10807113811  -1.31004874649  -1.42024274662  -1.39972075726  -1.39437725815  

-4.80794738267e-19  2.9202982634e-05  0.000825296259594  0.0036459184071  0.00949620260223  0.0197411662007  0.0348588644537  0.0515785954287  0.0769487497729  0.104950244063  0.148410563572  0.209447424763  0.297325955238  0.429677188682  0.641737823559  0.895952744888  1.09919851149  1.34511462831  1.59797160849  1.8909428982  2.25057126902  2.71250899918  3.35878063142  4.19504632992  4.9098381881  5.70965342944  6.44886313544  7.14894453827  7.81639774223  8.46218325064  9.16242628433  9.66340242696  10.015778418  10.3310925934  10.6563251379  11.0421544865  11.4377576837  11.4628567165  

1.01964596708e-19  0.00108653062875  0.0101004924874  0.0272264785553  0.0514822260954  0.0835376009297  0.121603031186  0.157759432079  0.206254996036  0.254269419173  0.321452465893  0.406025806663  0.515226726545  0.662873673432  0.875800625474  1.11012857262  1.28776047528  1.49482120352  1.70074651822  1.93215256188  2.20754741697  2.54998818265  3.01226848079  3.58707330485  4.05939673736  4.56533277365  5.00614132736  5.39038418233  5.71226580457  5.9601800499  6.11414724416  6.10841677912  6.02667252116  5.90119679096  5.74476202226  5.57253065029  5.44579615103  5.43970931111  

9.61398288852e-19  0.0269139366641  0.0820945320654  0.135250061707  0.188130552854  0.245462921274  0.305770425828  0.357806413132  0.420977027029  0.477587509441  0.549656889066  0.632375346568  0.730953844763  0.855832337041  1.02761170454  1.21201047587  1.35051589615  1.51131433172  1.67098578255  1.85082510053  2.06660348328  2.33957662725  2.7200599524  3.21877095419  3.65507026455  4.15451058384  4.62191962448  5.05919661135  5.45278392457  5.7799318955  6.0031219685  5.9986817821  5.86459312719  5.63819598902  5.32430337549  4.92310846708  4.55560871433  4.53483109728  

0.0408632187343  0.0408632843235  0.0408634670117  0.0408441353612  0.0407451325727  0.0405304755293  0.0402883938202  0.0401292282568  0.0400227036263  0.0400113819135  0.0401056569847  0.040349814598  0.0407989976378  0.0415342123958  0.0426427671667  0.0437200365401  0.0443806426465  0.044993610761  0.0454790189443  0.0459337221821  0.0464163372724  0.0470075163334  0.0478923735108  0.049227095879  0.0505367998007  0.0521239845177  0.0536132819956  0.0549358279701  0.0559929586454  0.056663456222  0.0566856816533  0.0559071722283  0.0547199521187  0.0530713574328  0.0507789110125  0.0474736813955  0.0437018612739  0.0434536026701  

-0.181888610765  -0.181888668442  -0.181888850116  -0.181883258159  -0.181882889606  -0.181949330461  -0.182107593046  -0.182266281451  -0.182409185627  -0.18242672432  -0.182216611004  -0.181556981871  -0.180096423529  -0.177247266965  -0.172170679214  -0.16651507273  -0.16272801302  -0.158995923427  -0.155882397475  -0.152830327178  -0.149443596279  -0.145098740411  -0.138251884474  -0.127317501447  -0.116026713161  -0.101706523008  -0.0876667272307  -0.0746834325468  -0.0638899250598  -0.0567698267484  -0.0565698014707  -0.0657401992463  -0.080296525233  -0.101300168942  -0.131725166437  -0.177698816857  -0.232792231738  -0.236506889058  

-1.79457051986  -1.64593127905  -1.3292604298  -1.01498236677  -0.703262833751  -0.380581627068  -0.072928653475  0.15768488337  0.386737633089  0.540809486176  0.66646846555  0.721643548835  0.689890080757  0.559702853538  0.339208406512  0.148617645361  0.0522951302207  -0.0192529381307  -0.0621417897043  -0.092321122447  -0.118985051132  -0.153844265669  -0.218388082326  -0.329346363961  -0.437278306673  -0.558645755274  -0.663524940676  -0.753658726536  -0.830971512947  -0.895782741447  -0.939855248308  -0.921841464205  -0.849134588626  -0.71135684179  -0.47792664496  -0.0876360412632  0.411392962689  0.445977599205  

-0.0986881427308  -0.0987098024754  -0.0986606781921  -0.0983325378418  -0.0982850079759  -0.0992817810047  -0.100917096837  -0.101765291961  -0.101202868144  -0.0989292463704  -0.0936826900441  -0.0849958457998  -0.0723220967027  -0.055323840237  -0.0345799518922  -0.0181099858174  -0.00928608283222  -0.0017223271493  0.00394288365649  0.0090150606268  0.0141067009049  0.0198531547427  0.0275112831171  0.0375376150178  0.0461263955401  0.0551415026791  0.0621103688212  0.0666349439798  0.068150534945  0.0659316224273  0.0576760592251  0.0466620270979  0.0360241207081  0.0251109798212  0.0141532206794  0.00432885581348  -0.000401614098275  -0.000511668567833  

0.0183911731898  0.0183702018818  0.0184840356355  0.0195480149085  0.0220197194327  0.0253289487051  0.0278444973828  0.0287334396659  0.0284701264056  0.027382963348  0.0253281594908  0.0225592005989  0.0192404764942  0.0155793218112  0.0119753694979  0.00973811836939  0.00880665843034  0.00819631035124  0.0078704567485  0.00766883559826  0.00751710661825  0.00733677748747  0.00699058086146  0.00634620276446  0.00568749850885  0.00495552765472  0.00440067762462  0.00407727169819  0.00401773912292  0.00422642713551  0.00471839417683  0.00509514286027  0.00517015966791  0.00486945518313  0.00394475114685  0.00184684433382  -0.0013991003011  -0.0016395228615  

0.216376020873  0.200463248453  0.16396342856  0.1184358936  0.0599197560265  -0.011818094032  -0.0842354694465  -0.138276569189  -0.190471048583  -0.224842250821  -0.253178748881  -0.267484824898  -0.265088474467  -0.243367609274  -0.20179162087  -0.162010431292  -0.140093534671  -0.122694432931  -0.111882358839  -0.104905157651  -0.101009206331  -0.0997374783158  -0.100236850349  -0.0998279996069  -0.0963832605835  -0.0883178959141  -0.0769013275842  -0.0628997703898  -0.0471273388938  -0.0302372820559  -0.0113555880353  0.000944140935528  0.00765425658471  0.0113565370624  0.0127234335927  0.0127982263969  0.0145575887174  0.014811285264  

0.100465148808  0.100813526084  0.104046523985  0.111219743887  0.122339774523  0.134633790169  0.141186095439  0.139974092554  0.131888117544  0.121046254511  0.105440081525  0.0878126251723  0.0691671504898  0.0497334525957  0.0289114548394  0.0115872889567  0.000965796021733  -0.00942252260375  -0.0181156592394  -0.0263741738718  -0.0345594887139  -0.0427595669837  -0.0511053026538  -0.0582169993085  -0.0621473693534  -0.0651234377941  -0.0670886115103  -0.0684974743544  -0.0693786796985  -0.0693979115764  -0.067215626478  -0.0624480124395  -0.0559747474669  -0.0468847492248  -0.0336896273456  -0.013519987558  0.0109257683731  0.0125817218522  

0.0298657232251  0.0221166824115  0.00781300297832  -0.00596262328221  -0.0224764967898  -0.0446255225919  -0.0699525461757  -0.0908922912127  -0.113599863593  -0.131018106021  -0.149362103852  -0.165928340961  -0.180763245933  -0.193611512514  -0.202431055502  -0.202531071519  -0.197859677565  -0.1891754955  -0.178642983329  -0.165914863841  -0.150749404827  -0.132996485892  -0.112025233884  -0.0911930700073  -0.0780563710364  -0.0671704300761  -0.0595394512167  -0.0534784471237  -0.04791129983  -0.0419160871646  -0.0337157028246  -0.0261769918014  -0.0200683733034  -0.0145632349276  -0.00987694373052  -0.00717491868794  -0.00868601351433  -0.00893962419733  

-0.946592060409  -0.948463843831  -0.949312270208  -0.947070771333  -0.942634188062  -0.936113153031  -0.928132590763  -0.920437612971  -0.908649356926  -0.894609624863  -0.871141131233  -0.836471424855  -0.786130335021  -0.713844512828  -0.612120039119  -0.513447758329  -0.450202266563  -0.388373941291  -0.337555637473  -0.290426456928  -0.24482715793  -0.199901986663  -0.154016352856  -0.113142609788  -0.0886788968389  -0.0686260587748  -0.0546326831614  -0.0439834811309  -0.0352958778248  -0.0276087166194  -0.0194464353223  -0.0134378711846  -0.0091598398786  -0.00550714910615  -0.00220794958603  0.000968930405955  0.00388551823148  0.00407927537915  

2.69139356303  2.69139356303  2.69139356303  2.69139356303  2.69139356303  2.69139356303  2.69139356303  2.69139356303  2.69139356303  2.69139356303  2.69139356303  2.69139356303  2.69139356303  2.69139356303  2.69139356303  2.69139356303  2.69139356303  2.69139356303  2.69139356303  2.69139356303  2.69139356303  2.69139356303  2.69139356303  2.69139356303  2.69139356303  2.69139356303  2.69139356303  2.69139356303  2.69139356303  2.69139356303  2.69139356303  2.69139356303  2.69139356303  2.69139356303  2.69139356303  2.69139356303  2.69139356303  2.69139356303  

1.68416054857  1.69429878602  1.72331023198  1.76935136019  1.85276443171  2.06008961639  2.79423843076  -2.47551759369  -2.04829838883  -1.92510695802  -1.86306198905  -1.84340520035  -1.8582961705  -1.92608900075  -2.13195365993  -2.54451134323  -2.91014926798  3.05621990838  2.87482925051  2.75938454111  2.66784775967  2.56202424535  2.40218973856  2.21259630478  2.09477449886  2.00730378404  1.9547492404  1.92029538004  1.8957647767  1.87712028322  1.86368921852  1.86521961877  1.88250281222  1.92783794721  2.0591237912  2.78791797427  -2.0590483688  -2.02412936013  

0.0  0.0269139356303  0.0820935333249  0.135229558447  0.188010452198  0.245118243995  0.30522413662  0.357265527332  0.420692111895  0.477589587093  0.549613365421  0.630802365664  0.724001767166  0.834337012055  0.969536455688  1.09359335328  1.17430332032  1.25706142355  1.32981538804  1.40273151441  1.48010155675  1.56553883582  1.66714240879  1.77849270376  1.86212109775  1.94782800085  2.02278651714  2.09249104887  2.16012832247  2.2294748897  2.31391982588  2.38471541257  2.4417182549  2.49747117992  2.55694103822  2.62474424541  2.68763935968  2.69139356303  

