4.93997077496e-19  0.793585438021  2.93372845431  4.96352625496  6.97768368754  8.53171353946  10.1047358038  11.6315795857  13.2038001061  14.8489532197  16.6072914991  17.6338255295  18.6664339604  19.6155667003  21.2116213965  23.1993809463  25.3542395493  27.5915046949  29.8966869164  32.2762122082  34.482213742  36.4722384382  38.2825651349  40.1259528814  41.9969213488  43.9328986745  46.0587902548  48.23564943  50.5509211341  53.0452169017  55.7496892447  58.1794350488  60.5119528398  62.5955431525  64.5029324927  66.2899789432  67.9837532405  69.5985773051  71.1452792209  72.6345544564  74.0777317189  75.4868940895  76.8752772055  78.2584773942  79.6574219298  79.7263922891  

3.98464799943e-19  -0.00104933817221  -0.0143405277723  -0.0410496758766  -0.0811259192033  -0.121287652916  -0.170136955024  -0.225435896014  -0.290483418745  -0.367315867291  -0.459151491345  -0.516839396611  -0.575548040142  -0.627649350804  -0.709193886959  -0.799410052273  -0.882771614333  -0.953436352492  -1.00953977097  -1.05036752399  -1.07451515883  -1.08844166207  -1.09841360633  -1.10830326612  -1.1182861119  -1.12674978454  -1.13030037538  -1.12414763542  -1.10425666713  -1.06601253062  -1.00404972117  -0.929731256141  -0.841235299902  -0.747485690001  -0.649218754733  -0.546227358476  -0.438796171564  -0.32744716662  -0.21260829758  -0.0944504818335  0.0271570435984  0.152656168238  0.282841502987  0.418998055789  0.563263403655  0.5705465645  

1.09312431623e-18  -0.00264487963071  -0.00977756053757  -0.0165425807196  -0.0232556449841  -0.0284351537534  -0.0336776386887  -0.0387650295476  -0.0439997480058  -0.0494623711729  -0.0551943593611  -0.0578834981338  -0.0566182106392  -0.0538145476395  -0.0487400172882  -0.042303000981  -0.0353126092978  -0.02810914042  -0.0208520448576  -0.0138470746689  -0.00860350139243  -0.00599809854827  -0.00541188499103  -0.00551474030293  -0.00517299585259  -0.00343152153115  0.000328533201487  0.00555236653551  0.0118750882526  0.0190788208112  0.0271037319765  0.0344899377539  0.0418033643407  0.0485140031331  0.0547549422495  0.0606510167741  0.0662646771474  0.0716308932011  0.0767794920528  0.0817428281415  0.0865568187685  0.0912606511349  0.0958977617064  0.100519663518  0.105195680559  0.105426239978  

2.37818087542e-18  0.0264467195412  0.097690558016  0.165291390015  0.232911862527  0.285954807663  0.341215007124  0.397607656856  0.460219495756  0.532801002256  0.621020130945  0.678484673704  0.740336092003  0.799859273221  0.903103224573  1.03336034566  1.17147916323  1.30619499923  1.43140848824  1.543779364  1.63349450143  1.70640508792  1.77049279634  1.83616751328  1.90356413505  1.97255796085  2.04447937917  2.11127710883  2.17412759026  2.23540837925  2.30234653559  2.37257118989  2.457756879  2.5541172493  2.66147726915  2.77859238878  2.90263951767  3.03007956219  3.15752799789  3.28223688411  3.40221970788  3.51618062958  3.6233861753  3.72355681069  3.81682811309  3.82119891066  

2.64361311506e-18  -3.16357261261e-05  -1.79964720827e-06  0.00204272997613  0.0130398862556  0.0401848155618  0.0990545945773  0.197029528814  0.347261927153  0.564343199457  0.871398893562  1.08900197452  1.33762656383  1.59372576199  2.07634696607  2.75343621525  3.55888026104  4.44348663212  5.37155733528  6.30952369341  7.13207770779  7.82462664185  8.42032962665  9.00921814556  9.6071709976  10.2409047975  10.9573298672  11.6963832026  12.4532999035  13.1901243919  13.8568153504  14.3295240083  14.6907791866  14.9705237442  15.2264694415  15.4974547057  15.8071954789  16.1684646703  16.5861621712  17.0601464099  17.5876281302  18.1649515193  18.788909588  19.4579604289  20.1740240322  20.2101790992  

-2.01847704648e-18  1.75902152998e-05  0.000780111469922  0.00359236221704  0.0108860043649  0.0223562205003  0.0408931766747  0.0656924682423  0.0977412497684  0.137946600373  0.188393949701  0.221285517189  0.255677496637  0.286825733429  0.336321317437  0.391162067688  0.440036635765  0.476942609835  0.49809755434  0.500522752763  0.486094409391  0.463969927675  0.442782300456  0.425354482197  0.413622194399  0.405077048526  0.39235801141  0.366535951303  0.317147495648  0.234122492909  0.109471168038  -0.0280976919809  -0.175158978279  -0.311206205186  -0.432837880754  -0.538921270316  -0.62862427711  -0.701951631768  -0.759864156839  -0.803983415964  -0.83621782995  -0.858482939131  -0.872541526778  -0.879929199356  -0.881922125153  -0.881899947524  

3.86612087771e-18  2.77911298749e-05  0.00140559924924  0.00669490799542  0.0174533307608  0.0290816400408  0.0428204466999  0.0577126191521  0.0749656465434  0.0957636871893  0.121878237855  0.139210654017  0.158373701062  0.177821688053  0.214562361608  0.267709922234  0.334987618278  0.415689742735  0.5102558294  0.619367606653  0.729944408581  0.836622539299  0.938977135093  1.04818843308  1.16420067579  1.29016138319  1.43625332183  1.59490640292  1.77350522273  1.97581905444  2.20380329867  2.41336173146  2.61685782447  2.80011359434  2.96972212593  3.13156578448  3.28932289585  3.44559068886  3.60254801852  3.7622221582  3.92661060186  4.09779407755  4.27811613822  4.47051376237  4.67920847132  4.68988390654  

2.08825547319e-18  0.00104935993978  0.0143173897785  0.0403733869845  0.0757556242028  0.105354185212  0.13508199558  0.164090297777  0.195521648129  0.231424815726  0.274100582377  0.301174662567  0.330118840154  0.358555478037  0.410078716773  0.480507727507  0.564346450401  0.659014549362  0.763694595001  0.87788591825  0.987709393268  1.08891081223  1.18233221734  1.27882163142  1.3785500346  1.48431748234  1.60401481384  1.72991988432  1.86530411997  2.00856319309  2.15439729383  2.271322272  2.36714527067  2.43752727994  2.48937822981  2.52806808442  2.55747590315  2.58071836892  2.60037022383  2.61851483621  2.63680454131  2.65655783132  2.67888038337  2.7048091902  2.73551786418  2.73715986796  

-3.34221033022e-18  0.0264495496026  0.0977768029184  0.165384350574  0.232237869634  0.283452034765  0.334941437583  0.384861105576  0.436709178883  0.492062661747  0.553136241194  0.589835869825  0.62770797836  0.663851754761  0.727396291675  0.811532504517  0.909240804887  1.01785152232  1.13692902172  1.26626902629  1.39025961913  1.50401078  1.60841142429  1.71546967428  1.82507278939  1.93982083766  2.06738978258  2.19843999458  2.33500008858  2.47293119047  2.60244826773  2.69208179786  2.74720109034  2.76685024968  2.75901511684  2.72979124926  2.6842161293  2.62683275408  2.56157315724  2.49158220086  2.41918898533  2.34599205501  2.27297556467  2.20059373899  2.12876641593  2.12527562358  

-0.0219581995141  -0.021958858807  -0.0219941603375  -0.0221156033195  -0.0223241173069  -0.0225775456259  -0.0229935685496  -0.023603446078  -0.0244586276468  -0.0255871184531  -0.0270039644946  -0.0278821519202  -0.0287606877763  -0.0295587343839  -0.0308626794729  -0.0323901131675  -0.0338856305284  -0.0352384986377  -0.0364403406987  -0.0375574573996  -0.0385804800392  -0.0395335213367  -0.0403758659043  -0.0410936021797  -0.0415487906895  -0.0416402771693  -0.0412935494543  -0.0405798877215  -0.0396914259615  -0.039005076419  -0.0391520334882  -0.0405613668266  -0.0434035700883  -0.0473807110396  -0.0523364210707  -0.0582204049369  -0.0650157730513  -0.0727326883951  -0.0814153272558  -0.0911432761541  -0.102028148636  -0.114210683015  -0.127863786872  -0.143208685662  -0.160561283017  -0.161464677599  

1.14923743732  1.14923803641  1.14926125232  1.14930691924  1.14932302104  1.14927509455  1.14909984748  1.14870647038  1.14796653936  1.14673780917  1.14486970752  1.1435524272  1.14211828184  1.14071519147  1.13821520226  1.1349484995  1.13137051201  1.12777072894  1.12423741834  1.12062728639  1.1170249723  1.11341562828  1.11002282893  1.10696728771  1.10492572451  1.10450024451  1.10624446201  1.1100208598  1.11498151833  1.11902941636  1.11806154794  1.10857264241  1.08835844821  1.05855590497  1.01958197136  0.971146783145  0.91270219843  0.843449215174  0.762230149607  0.667453609971  0.557055357108  0.428448729503  0.278398507086  0.102709474614  -0.104539403319  -0.115572112879  

15.0012540889  14.0895620285  11.6235002147  9.3350308933  7.18321396321  5.64954323761  4.24574541883  3.0504161502  2.00548145362  1.1166456811  0.388516580373  0.0623471492284  -0.199817717864  -0.389828324691  -0.609149415611  -0.73472920915  -0.731284222762  -0.626177591191  -0.461606990077  -0.280105600434  -0.135856879775  -0.0446922207035  -0.0016402171005  0.00207168451268  -0.0307276591304  -0.0928685073671  -0.1770208005  -0.260358015805  -0.328324755812  -0.373914800763  -0.419449700789  -0.515832354969  -0.734585674919  -1.10619261101  -1.65192994709  -2.38919816059  -3.32597560873  -4.45766443233  -5.76582462952  -7.2166068885  -8.75762386865  -10.3126223252  -11.7731100382  -12.9846243099  -13.7210662126  -13.7393724826  

1.2968125794  1.29721141721  1.3004062946  1.30300757505  1.30356516109  1.30287714277  1.30113469445  1.29783230992  1.29212649335  1.28348043397  1.27200314678  1.26499567523  1.25828617227  1.2524428866  1.24315647811  1.23217920923  1.22062688367  1.20860745855  1.19558232736  1.18050678054  1.16418793143  1.14742872837  1.13139411709  1.11595657611  1.10298573335  1.0935594374  1.08751216316  1.08336743445  1.07620203096  1.05802465917  1.01715216179  0.955443417391  0.87132671386  0.776362721529  0.67601617572  0.57468634315  0.477256704064  0.388733186715  0.313751903481  0.256355016779  0.219957184964  0.207353750811  0.220672631565  0.261224465811  0.329222599687  0.333215909934  

-0.141951488845  -0.14154069696  -0.137118969111  -0.13070745221  -0.124839972494  -0.120982561858  -0.116836281792  -0.111835968882  -0.105443602635  -0.0977409974458  -0.0892729097647  -0.0847329497915  -0.0807448610607  -0.0775254477312  -0.0728322081505  -0.0678520254829  -0.063149358007  -0.0587119877082  -0.0542893184526  -0.0495312738077  -0.0447170198575  -0.0400729237351  -0.0358652474434  -0.0319831295833  -0.0287821130634  -0.0263546272313  -0.024446269699  -0.0226069417948  -0.0197278949064  -0.0143492584075  -0.00478027968834  0.00743907103422  0.0219923279697  0.0365199902035  0.050110297257  0.0620650554089  0.0716312965025  0.0780456939652  0.0805734703694  0.078504993055  0.0711315952309  0.0577172515783  0.0374663389885  0.00946982362194  -0.0274212145219  -0.0294693034195  

-0.405444318088  -0.295454429086  -0.0245243483461  0.201426189509  0.397171411976  0.521930877117  0.615814133726  0.670538235906  0.687656388275  0.663444824234  0.592429210648  0.531912657907  0.463892373995  0.402565450903  0.307627212158  0.207092203171  0.122720723719  0.0633780663665  0.031942916879  0.0283418443054  0.0450879391557  0.0673417423357  0.0845218397924  0.094298775161  0.0971572238825  0.0983166667538  0.106742643962  0.131034809077  0.177327057098  0.247277452329  0.334875784278  0.408776741598  0.460162223911  0.478114586594  0.463422627748  0.418225102589  0.346284833066  0.253735776671  0.149112833635  0.0431957841411  -0.0509598059647  -0.117684508271  -0.137991497879  -0.0882928036732  0.0621999776378  0.0727810978741  

7.40367333664e-05  -0.00241388987979  -0.0323101671502  -0.0800728681459  -0.119543380906  -0.129195811968  -0.119372855968  -0.0983800583283  -0.0735802744235  -0.0501726071745  -0.0304786639297  -0.0214041785948  -0.0136986649183  -0.00766292472389  0.000464025935497  0.0077925767778  0.0130822902053  0.0159984676152  0.0161393795443  0.0131568617671  0.00801964210564  0.00223668445146  -0.00340276898786  -0.00944878547118  -0.0164263166238  -0.0255943375585  -0.0394820767854  -0.0594132804163  -0.0880368508666  -0.127182077202  -0.176400677715  -0.2215643931  -0.259779022179  -0.28445337739  -0.294951233652  -0.290574903911  -0.270024772624  -0.231520897314  -0.172795239178  -0.0910475335618  0.017072135664  0.155476305211  0.328722871063  0.542305964718  0.803490217286  0.817583174533  

-0.0416037591572  -0.0421204706673  -0.0416064462376  -0.0269978339968  0.000646520904439  0.0217450817968  0.0366433603715  0.0444984508711  0.0484713752067  0.0515538976918  0.0561981810583  0.0597993378033  0.0637733573896  0.06751353376  0.0732659887832  0.0779829901355  0.0784766750449  0.0734939551552  0.0636738595109  0.0510860034391  0.0397728694012  0.031293487797  0.0252148266205  0.0202502745083  0.0160869215804  0.0127488248793  0.0111278222686  0.0137091121618  0.0244714626968  0.0499673754187  0.0996044557215  0.167735273716  0.256083763916  0.354317027317  0.45971022909  0.570975895028  0.68636233583  0.803505788389  0.919399955196  1.03020013944  1.13090066088  1.21492470377  1.27358864604  1.29527043201  1.26380322145  1.2605404903  

0.862107718926  0.865772014581  0.876630167221  0.881200399498  0.871648135006  0.851216591448  0.818526508195  0.776491716803  0.724754928513  0.664386327395  0.597023167879  0.558653858183  0.523118883134  0.494362328554  0.454225853572  0.41602419565  0.385464076161  0.361949764849  0.343570036949  0.328854073207  0.318129886921  0.310423891064  0.304652507828  0.299654721463  0.295363492659  0.291810005171  0.28900303223  0.287175922911  0.286080308496  0.285389463169  0.284056885305  0.280091382527  0.270088760593  0.251316046643  0.220658461594  0.174578320065  0.109669132974  0.0231629079403  -0.0867184259542  -0.220490491898  -0.377092621939  -0.553425465797  -0.743636418358  -0.9379707911  -1.12072951377  -1.12893496664  

2.64495504497  2.64495504497  2.64495504497  2.64495504497  2.64495504497  2.64495504497  2.64495504497  2.64495504497  2.64495504497  2.64495504497  2.64495504497  2.64495504497  2.64495504497  2.64495504497  2.64495504497  2.64495504497  2.64495504497  2.64495504497  2.64495504497  2.64495504497  2.64495504497  2.64495504497  2.64495504497  2.64495504497  2.64495504497  2.64495504497  2.64495504497  2.64495504497  2.64495504497  2.64495504497  2.64495504497  2.64495504497  2.64495504497  2.64495504497  2.64495504497  2.64495504497  2.64495504497  2.64495504497  2.64495504497  2.64495504497  2.64495504497  2.64495504497  2.64495504497  2.64495504497  2.64495504497  2.64495504497  

-1.56347766952  -1.56300388644  -1.56133553456  -1.55895139062  -1.55525849034  -1.55081724127  -1.54372457751  -1.53212671797  -1.50989230134  -1.45672238531  -1.23632673342  -0.420538891212  0.946988591589  1.20841411305  1.3226897495  1.3538434302  1.3431274506  1.29651041792  1.19485708134  0.98020249418  0.61359121102  0.222359144901  0.00812456141401  -0.0100824177156  0.146846496028  0.419565370515  0.708761519793  0.908799572617  1.02710844415  1.09003644852  1.13413593755  1.19619670366  1.28353844436  1.35982202869  1.41369182945  1.4495530427  1.47336638802  1.4893949877  1.50031165063  1.50773177601  1.51261103336  1.51547860119  1.51654629233  1.51570663783  1.51235391458  1.51210396981  

0.0  0.0264495504497  0.0977789881049  0.165432984691  0.232569825695  0.284372981875  0.336812097234  0.387712902223  0.44012282061  0.494945193377  0.55344992381  0.587400576766  0.621398538119  0.652849976578  0.705867308393  0.771945926441  0.843568696599  0.917878071253  0.994340853304  1.07307663167  1.1457850251  1.21112975575  1.27049227419  1.3309322713  1.39227900653  1.45579758569  1.52568378128  1.59742937833  1.67389277261  1.75637683743  1.84588927787  1.92638626124  2.00377291012  2.07301346205  2.13648571329  2.19601649749  2.25248733063  2.30636309662  2.35799695147  2.40774054597  2.45596859471  2.5030823843  2.54952278816  2.59581052353  2.64264549097  2.64495504497  

