-1.92910197138e-19  0.794099653677  2.98093678258  5.06719898904  7.13451444083  8.78797197872  10.4711284117  12.0569513968  13.7124657633  15.4653529944  17.3262302283  18.4127971255  19.4745844802  20.6295503381  22.4292502618  24.4320075263  26.5452050167  28.7464311531  31.0383204328  33.2772225512  35.41054967  37.3727075406  39.2234235817  41.075588305  42.9588184635  44.9079241369  47.0560854216  49.2362108432  51.5302483885  53.9260596055  56.4444052861  59.4241614555  61.3672833548  63.230436854  64.8983718262  66.421320322  67.8429003045  69.190176057  70.4818467538  71.7326743547  72.9556984012  74.1638468015  75.3718576832  76.5998358442  77.8828555619  79.3139704521  79.7268231364  

4.00225861594e-20  -0.0010507271999  -0.0148062336149  -0.042784018307  -0.0848177146811  -0.128690610453  -0.182712186752  -0.242247832405  -0.313330549225  -0.398494051045  -0.49976582852  -0.562946831233  -0.624059411417  -0.68710787794  -0.777015135893  -0.864769747409  -0.943234732825  -1.00962204169  -1.06243020721  -1.09888079075  -1.1221717203  -1.13819303856  -1.15269935851  -1.1684451203  -1.18516729755  -1.2005431397  -1.21074759082  -1.21000300181  -1.1947880257  -1.16183430252  -1.10759736209  -1.0167085367  -0.941586364743  -0.857728903916  -0.772816890876  -0.687158090404  -0.600194706542  -0.511529062171  -0.420810616388  -0.327628417115  -0.231442248288  -0.131497722978  -0.026667843789  0.0849086010087  0.206868613486  0.349304446013  0.391587193586  

-2.30232766193e-19  -0.0026466362211  -0.0099350887143  -0.0168885118506  -0.0237790907777  -0.0292904227045  -0.0349006368527  -0.0401855295701  -0.0456991468073  -0.0515209374267  -0.057544250528  -0.0592610333616  -0.0566266098325  -0.0530108136911  -0.0471966674982  -0.0406796543492  -0.0338204691788  -0.0267583725212  -0.0196449139135  -0.0133788406105  -0.00916229148536  -0.00784030677029  -0.00825444844265  -0.00897902615847  -0.00883805939898  -0.00683953625842  -0.00247942096973  0.00332063211562  0.0101184271939  0.0175890608739  0.0256878940273  0.0354779388751  0.0419237895305  0.0481231779076  0.0536807238083  0.0587589368697  0.0635014470139  0.0679977287422  0.072309738598  0.0764864536302  0.080571153496  0.0846067099944  0.0886418601023  0.092742678026  0.0970228834354  0.101770477605  0.103112424994  

-4.71464384274e-19  0.0264641162988  0.0992542454852  0.168691981038  0.238048378081  0.294549816328  0.353975607762  0.413121724843  0.480043144027  0.559077740235  0.655122308265  0.717652823785  0.782537399467  0.855633082669  0.971655203035  1.09971049536  1.22902836714  1.35337674425  1.46885174969  1.56733629288  1.65039848073  1.72229892929  1.79032068282  1.86027141744  1.93292209318  2.00761355811  2.08556752125  2.15662113158  2.22164747639  2.28169900989  2.34363183365  2.4306932906  2.50440993472  2.59235568661  2.68693757525  2.78622891416  2.88898992361  2.99386469277  3.09958497807  3.20510943387  3.30967134395  3.41280147675  3.51437577473  3.61476424232  3.7153399855  3.82097869676  3.84995970335  

1.34724997332e-19  -3.16737092734e-05  5.70045266205e-06  0.00199408140379  0.0117960365484  0.0375563101713  0.0968762553536  0.195209563003  0.349374899572  0.576066318185  0.895222838027  1.12078100833  1.3710463435  1.67441481717  2.20026191463  2.84340757881  3.56421528718  4.33375236726  5.12571080945  5.86418432446  6.52016426211  7.08482126548  7.59997061101  8.12062610861  8.67601177272  9.29096541639  10.0109769371  10.7579775456  11.5143237751  12.2193805513  12.8244339244  13.344302409  13.5890339064  13.7848539919  13.9560019458  14.1318559777  14.3301123866  14.5607856763  14.8294851373  15.1393670071  15.4924462962  15.8906762509  16.3371627351  16.8382148724  17.4086175681  18.094704559  18.3010153534  

6.39144319974e-19  1.7623395294e-05  0.000811927222971  0.00369267000961  0.0108105065515  0.0224199163771  0.0418143054396  0.0673508373362  0.100886562744  0.143436828844  0.196312879895  0.230412042919  0.263937735253  0.298632835299  0.347423192612  0.392696287232  0.428663144302  0.451845224433  0.459427156501  0.450651408939  0.430427088807  0.408487557387  0.392327466083  0.384872894174  0.386118362656  0.391620505435  0.39224365479  0.376193033702  0.333040944976  0.254951774544  0.13684266735  -0.0419507832624  -0.172486786137  -0.300152402819  -0.410974117773  -0.505440612095  -0.585349953078  -0.652223579159  -0.707462139395  -0.752402271982  -0.788299952594  -0.816306016496  -0.837447470656  -0.852609959617  -0.862502155694  -0.867499354744  -0.867919983573  

3.52841207477e-19  2.78461498939e-05  0.00147460775109  0.00711705693765  0.0185410583567  0.0310432616175  0.0451599665437  0.0591538758465  0.0749704346489  0.0940639772769  0.118038185649  0.134066714097  0.151495628106  0.172616747027  0.210105954094  0.258576045556  0.317531410906  0.387341901893  0.468683823361  0.55591557108  0.645324182104  0.732494703136  0.818961102239  0.909729542909  1.00679907318  1.11319160374  1.23854507899  1.37494697635  1.52780574981  1.69564818291  1.87781340527  2.09592249767  2.23753400465  2.37235397217  2.49267635015  2.60307304713  2.70757845671  2.80895274828  2.9092837127  3.01033327973  3.11374136341  3.22120940937  3.33475329698  3.45719390721  3.59347563937  3.75642994281  3.80566310446  

-5.47015007903e-19  0.00105074403635  0.0147815361402  0.0420479410681  0.0788157673837  0.109761887022  0.139330243814  0.16603699981  0.194973857628  0.228811333486  0.269514147103  0.295616909953  0.323077741316  0.355196933618  0.409569010573  0.475893887539  0.551976082575  0.63712358203  0.731110736258  0.826904094993  0.920637835503  1.00840492401  1.09265055162  1.17886928174  1.26931174018  1.3668130782  1.47934354345  1.59796099787  1.72463585431  1.85425752828  1.9813985102  2.11131304023  2.18056766526  2.23446694819  2.27261450834  2.29993206344  2.31997787428  2.33516551431  2.34724857724  2.35756206267  2.36715986517  2.37691430367  2.38760772539  2.40005024098  2.4153216426  2.43570747213  2.44232084505  

-6.95022861747e-20  0.0264669866935  0.099351356299  0.16883705229  0.237422008814  0.291780317417  0.346504135593  0.397731488507  0.451440939946  0.509339312098  0.572791630774  0.610896955454  0.649405534828  0.692992232066  0.764408874668  0.849087469355  0.944462246845  1.05012628553  1.16617500865  1.28406885154  1.39889542403  1.5056323326  1.60714724947  1.70989468525  1.81622968308  1.92904789933  2.05687595793  2.18890649927  2.32664488116  2.46302415696  2.58923829032  2.70174895858  2.74653834466  2.76502389987  2.76050403936  2.73946346104  2.70634840792  2.66432135593  2.61575049753  2.56241343194  2.5056081978  2.44621540441  2.38470691932  2.32105366576  2.25433117355  2.18072789991  2.15981379851  

-0.0153875560853  -0.0153880015518  -0.015412199621  -0.0154897589651  -0.0155925957593  -0.0156976407982  -0.0159112433644  -0.0162995217558  -0.0169436498424  -0.0178876001326  -0.01912135742  -0.0198914741274  -0.02064558067  -0.0214599000045  -0.0226978464362  -0.0240074989449  -0.0252908150904  -0.0265195542442  -0.0277172307746  -0.0288726147723  -0.0300147354672  -0.0310863416573  -0.032020995373  -0.0327445888169  -0.0331286673967  -0.0330550260493  -0.0323828076678  -0.0311216438052  -0.0293186676891  -0.027183013057  -0.0250870660697  -0.0236553406176  -0.0239856735598  -0.0258665449596  -0.0294391332506  -0.0348483912674  -0.0423228906454  -0.0521286526755  -0.0645555758285  -0.0799197443401  -0.0985748693306  -0.120937939771  -0.14754517595  -0.179185877516  -0.217295118152  -0.2657306116  -0.280782889611  

0.841936105664  0.841936515094  0.841953280711  0.841987359602  0.842005086053  0.841996284025  0.84193029245  0.841729631126  0.841265204314  0.840385814333  0.838968605669  0.837952052526  0.836863118074  0.835584394567  0.833434731485  0.830883087195  0.828090372568  0.825123221596  0.821931759624  0.818558928863  0.814942394412  0.811300762707  0.807923749854  0.805160446981  0.803617499371  0.803939847713  0.806965746798  0.812944272869  0.821960610854  0.833245896715  0.844967344307  0.853455617234  0.851334197608  0.838848799672  0.814160188872  0.775347248755  0.719787362515  0.644400055666  0.545697953575  0.419720473115  0.261877290732  0.0666358798434  -0.173129875942  -0.467661920281  -0.834711464797  -1.31912185186  -1.4735566697  

11.5313789137  10.8621178066  9.00427597308  7.257244521  5.60332040697  4.37298591878  3.2381422466  2.3006778278  1.47279388462  0.768417970636  0.207354270137  -0.0373067971833  -0.225419372907  -0.378392629792  -0.522230279235  -0.572689574371  -0.535233746106  -0.43433035085  -0.299107669348  -0.168179609797  -0.0663135926242  -0.00445318582009  0.0206821362412  0.0129251914536  -0.0251678742842  -0.0889064000079  -0.174790790001  -0.263758365218  -0.349890550342  -0.443878882194  -0.606925521708  -1.06487901453  -1.66663160646  -2.58926018492  -3.7804216797  -5.21131969019  -6.84751816444  -8.6332933113  -10.4870887982  -12.2964159011  -13.9093045539  -15.1201097508  -15.6442658687  -15.0667569712  -12.7101952822  -7.11030280072  -4.76402792037  

0.997246314125  0.997553749318  1.0001006218  1.0022238447  1.00282319494  1.00278139485  1.0026877814  1.00218367277  1.00044274774  0.99664965971  0.990692232396  0.986872196154  0.983220890564  0.979260190728  0.972842200578  0.965038045102  0.955818507245  0.944927654668  0.931847411967  0.916903270337  0.900458151397  0.883964233049  0.868598419138  0.855273568695  0.845544773914  0.84046890818  0.840163946315  0.842813927667  0.843940058754  0.836661081844  0.81211446366  0.75291728853  0.696172430087  0.631756270987  0.571136417833  0.519657888423  0.481566458122  0.460980649392  0.461806319873  0.487621502634  0.541565857998  0.626196907384  0.743299264048  0.893666872894  1.07705285964  1.29414834409  1.35467118905  

-0.101784584293  -0.101470059502  -0.09810318188  -0.0936061433087  -0.0905423932067  -0.0896901702386  -0.0893812687783  -0.0884740266978  -0.086178882141  -0.0822548925108  -0.0772185313858  -0.0744097441321  -0.0719602637721  -0.0695151067943  -0.0659125366187  -0.0619679622159  -0.0577405888732  -0.0531733734367  -0.048128756779  -0.0428109922831  -0.037398557129  -0.0323538443098  -0.0279477215888  -0.0243189001175  -0.0217231001779  -0.0202093958595  -0.0194851563896  -0.0188385975455  -0.0169238790161  -0.0120465856044  -0.00234749030267  0.0159154382046  0.031051179138  0.0464168722588  0.0590222146481  0.0675280822548  0.0707373347441  0.0673600381333  0.0560223136276  0.0352591583575  0.00348151513383  -0.0410925261159  -0.100586975919  -0.177834764989  -0.277485167883  -0.411113204503  -0.453727845777  

-0.376156477956  -0.297887252752  -0.103251237424  0.0571624709278  0.196124937642  0.290847033966  0.365859724157  0.411645678854  0.430724222502  0.417737683839  0.36727119757  0.322847437284  0.276970571187  0.23028964396  0.166954903339  0.111406228059  0.0704525799883  0.0467287578394  0.0410047533255  0.0508166530926  0.0682335571497  0.0825727817277  0.0878541613072  0.0834409647505  0.0720368597931  0.0596952560544  0.0549179615148  0.0664849924848  0.0981075529408  0.14751362052  0.204868700817  0.252916434142  0.255653942084  0.227189840227  0.173093093934  0.10273253713  0.0264730659339  -0.0432634432322  -0.0914240912517  -0.0997786342373  -0.0461011505973  0.0971813767281  0.365477076754  0.807392255568  1.49938927369  2.60837757991  3.00209046968  

0.0613230845738  0.0595521408281  0.0379592334475  0.00256488254766  -0.0310050414053  -0.0459747834641  -0.0467973288046  -0.037363454964  -0.0227725067124  -0.00726623566403  0.00656412344465  0.0132292057228  0.0188395897331  0.023822709326  0.0292507315341  0.0323016820731  0.0325860417556  0.0300661523769  0.0248367391551  0.0179771997951  0.0110533056407  0.00542861308434  0.00117141930038  -0.00252453141806  -0.0069761177258  -0.0143524278022  -0.0288474872488  -0.0542733745294  -0.09711093206  -0.163437972216  -0.258547840496  -0.39873833585  -0.496296705478  -0.581457903966  -0.636858556812  -0.655370027307  -0.629576449637  -0.550804569184  -0.409366800907  -0.194551170643  0.105641508568  0.505115959421  1.02105711074  1.67726947083  2.51404926072  3.63282829898  3.99067572453  

0.00458992661701  -0.000795947427266  -0.0156408698015  -0.0200563065406  -0.0119143236105  -0.00115316409363  0.0088221898777  0.0159971891567  0.0222062256342  0.0291477550612  0.0379583411219  0.0434328698087  0.0485347648776  0.053446556146  0.0589416791004  0.0610916778056  0.0586774358301  0.0520371569617  0.0426632519233  0.0333622966851  0.0259529162271  0.0206957863623  0.0164826642621  0.0121261377308  0.00697298744272  0.00092648449308  -0.00539695440481  -0.00862532321436  -0.00331086697964  0.0202673882862  0.0776137426271  0.21042728139  0.347642583504  0.524405069268  0.723364877544  0.938364814993  1.16418278737  1.39365574052  1.61729858344  1.82294648679  1.9951000979  2.11382572435  2.15276722703  2.07497734651  1.82191619593  1.26840958885  1.04539369992  

0.617543182079  0.617726710597  0.622075648051  0.626432401833  0.624353097939  0.614625750257  0.596038673656  0.570740992641  0.537442712147  0.496603514123  0.450392430746  0.424188119931  0.401023407897  0.379173784668  0.35123347518  0.327025065056  0.307270152255  0.291258350866  0.278198868659  0.2681549227  0.260575429931  0.254878975478  0.25025080227  0.246276978387  0.243188896633  0.241412083033  0.241334133071  0.242998140327  0.24586059065  0.248397161237  0.246641997639  0.227103582911  0.192981359903  0.132998500828  0.0466970106471  -0.0674881738205  -0.210994701517  -0.383953148384  -0.584691515503  -0.809237526968  -1.05058525441  -1.29756265135  -1.53294671348  -1.72988041755  -1.84337880979  -1.7793008612  -1.70848135197  

2.64669875394  2.64669875394  2.64669875394  2.64669875394  2.64669875394  2.64669875394  2.64669875394  2.64669875394  2.64669875394  2.64669875394  2.64669875394  2.64669875394  2.64669875394  2.64669875394  2.64669875394  2.64669875394  2.64669875394  2.64669875394  2.64669875394  2.64669875394  2.64669875394  2.64669875394  2.64669875394  2.64669875394  2.64669875394  2.64669875394  2.64669875394  2.64669875394  2.64669875394  2.64669875394  2.64669875394  2.64669875394  2.64669875394  2.64669875394  2.64669875394  2.64669875394  2.64669875394  2.64669875394  2.64669875394  2.64669875394  2.64669875394  2.64669875394  2.64669875394  2.64669875394  2.64669875394  2.64669875394  2.64669875394  

-1.56412438935  -1.56371311131  -1.56223826871  -1.56012480338  -1.5568835139  -1.55284983009  -1.54623279327  -1.53538782873  -1.51333750877  -1.45492530648  -1.13876704473  0.358861313094  1.141361509  1.29448341656  1.35680711747  1.36418432467  1.33879108512  1.27449118595  1.13691098716  0.861453683708  0.416075475783  0.0286425981353  -0.12846716714  -0.0787821148935  0.150786867467  0.493528974862  0.823622977549  1.03778813704  1.17404495225  1.2736625453  1.36699239686  1.46017916738  1.4989616091  1.52088812297  1.53187967631  1.53737349327  1.53990234162  1.54061501496  1.54002744342  1.53831058896  1.53537628039  1.5308252129  1.52367492251  1.51140228252  1.48552298223  1.3860637396  1.28421759226  

0.0  0.0264669875394  0.0993537205305  0.168891130106  0.237802051418  0.292922275167  0.349036853983  0.40190898128  0.457102300121  0.515521761015  0.577419784763  0.613252642398  0.648340534451  0.68668611645  0.746516708904  0.813111353964  0.88334838981  0.956442825394  1.03241777244  1.10640947072  1.17660179247  1.24096629936  1.3016507605  1.36238693897  1.42413717928  1.48810224991  1.55878800032  1.63075278279  1.70666172164  1.78608225152  1.86970210037  1.96881994527  2.03354263916  2.09564889753  2.15127818298  2.2020930875  2.24954247044  2.29452609633  2.33766609676  2.3794540213  2.42032442848  2.46070846517  2.50109784828  2.54216322082  2.58507317377  2.63291666346  2.64669875394  

