8.49953846242e-21  0.79361503996  2.75248957621  4.58632701088  6.16154702543  7.74435336957  9.08120826252  10.4159324294  11.733195779  13.1143051097  14.5827530353  16.1579119099  17.4801071427  18.574325197  20.1189216725  22.0258555696  24.1953461605  26.508385097  28.9548330669  31.3807516182  33.2084054735  35.0139440274  36.6237336224  38.1163998304  39.6084075156  41.2041652743  43.0362468043  45.1087000438  47.5208092574  49.9544439724  52.2723646216  54.2829632149  56.185121873  58.0656154444  59.9710904256  61.9395381437  63.9985696532  66.1228119218  68.1381093495  69.8933157593  71.4349502403  72.8399368176  74.1539507631  75.4029744683  76.6038799016  77.7690087912  78.9082645766  79.7699327497  

2.00175472617e-21  0.00104898716864  0.0126175342847  0.035028785413  0.0632184357874  0.0998597770339  0.137294444646  0.180584533676  0.229081633556  0.286034446348  0.353256553067  0.431835151515  0.498825272153  0.551577817899  0.620163501409  0.694640132881  0.765343821797  0.824209924979  0.868081574768  0.893426955124  0.901326781474  0.900972857723  0.89553646791  0.887879397173  0.87889134117  0.868206475407  0.853814609863  0.832420182056  0.796946482414  0.74670485776  0.683936946846  0.617241989867  0.543542369449  0.460553645343  0.366242255816  0.258001644388  0.132727604812  -0.0101650303777  -0.159273547848  -0.300193566388  -0.432536821399  -0.560149768102  -0.68554803003  -0.810167861806  -0.934975365193  -1.06074306297  -1.18817754123  -1.28749335744  

-1.27864224699e-19  0.00264428822258  0.00917069373454  0.0152797003793  0.0205260658494  0.0257956228402  0.0302431668211  0.0346777763171  0.0390420952825  0.0435843855083  0.0482744869261  0.051914520705  0.050093652271  0.0470083750221  0.0422451489426  0.0361926174866  0.0292536202553  0.0218803054057  0.014204779876  0.00691253143023  0.00191733730647  -0.00211786453315  -0.00453089838969  -0.00575908297771  -0.00644530753142  -0.00722849631865  -0.00892028223422  -0.0122720217366  -0.0177037890827  -0.0240954469454  -0.0305711432651  -0.0363152534908  -0.0417774945479  -0.0471603382654  -0.0525858309598  -0.0582152311115  -0.0642866742011  -0.0708876875365  -0.0774145662202  -0.0832082210823  -0.088334810868  -0.093022296256  -0.097413902044  -0.10159289418  -0.105614113102  -0.109518076983  -0.113337534089  -0.116227713693  

4.40857008488e-20  0.026443805134  0.0916616219095  0.152781758967  0.205549645291  0.259021021004  0.304965322153  0.352339064966  0.401594441574  0.457229474045  0.522557771894  0.601480855302  0.67481130613  0.739267754317  0.833998903813  0.953880134751  1.08922020562  1.22594769271  1.3553881829  1.46359523415  1.53113961396  1.58776211222  1.63261764267  1.67216476977  1.71149852166  1.75406377335  1.80320818339  1.85800271975  1.92031789847  1.98439702114  2.05205243234  2.12099049647  2.19855625558  2.28904200216  2.39503887507  2.51808146108  2.65810952831  2.81005284974  2.95634134828  3.08138876555  3.18654550034  3.2766619243  3.35471792096  3.42246058044  3.48108361721  3.5315011621  3.57445870602  3.60274756507  

-6.88855270329e-20  3.16392826221e-05  3.86838941729e-05  -0.00174331289652  -0.00973471461149  -0.034813745622  -0.0793156709136  -0.152639285049  -0.258974541394  -0.412129653938  -0.627810213594  -0.926299567829  -1.23713623959  -1.54026103816  -2.03681586001  -2.7539350107  -3.69387654991  -4.81219830742  -6.07768832689  -7.35356689773  -8.2854127983  -9.14977100812  -9.8571559327  -10.4555491264  -11.0023492723  -11.5405193154  -12.1147856699  -12.7241411734  -13.3834068622  -13.9796306526  -14.4679605149  -14.8277287004  -15.1247753714  -15.397107551  -15.6782202905  -16.0051316346  -16.4178618174  -16.9432736598  -17.5441050835  -18.1451597482  -18.7245351585  -19.285145994  -19.8282357056  -20.3521360765  -20.853980816  -21.3304066487  -21.7777214357  -22.0985525976  

3.99481048783e-20  -1.75861687818e-05  -0.00065995366976  -0.00308423193387  -0.00846096233526  -0.0194469708122  -0.0342963156413  -0.0545323076975  -0.0798527220521  -0.112203738209  -0.153347318057  -0.205167638887  -0.252861513667  -0.293089379078  -0.3491665056  -0.415091873805  -0.482326647098  -0.540273355313  -0.580213384071  -0.592245481424  -0.580708517271  -0.552249609798  -0.515404920322  -0.475544685303  -0.433904395878  -0.389861150302  -0.339981174451  -0.280147067818  -0.197272502071  -0.0925815959019  0.0274926008919  0.144296507607  0.260590925177  0.375451136794  0.485918053458  0.588489229519  0.679514345614  0.754748115727  0.809095438918  0.843792986479  0.865457111683  0.878892542152  0.886830175534  0.890979179223  0.892528051913  0.892357021706  0.891145761194  0.889855377613  

-9.96328207182e-20  2.77111584474e-05  0.00115104570241  0.005233845067  0.0121899191914  0.0226210607764  0.0340149610012  0.047747713037  0.0637426348241  0.0833529905346  0.107709760455  0.138180079632  0.167707503107  0.195425924138  0.240118728718  0.305327740603  0.394731146157  0.509955939078  0.656065787781  0.826439711791  0.971206661139  1.12704535134  1.27559547005  1.42037364847  1.57079148169  1.73683077315  1.93289799936  2.16101119949  2.4349586862  2.72077803735  3.00161166768  3.25154388303  3.49307903248  3.73679311068  3.98947366948  4.25827434541  4.55098722625  4.86992372946  5.19335636933  5.4954369231  5.77907284509  6.05435526037  6.32771132295  6.60291569332  6.88257073522  7.16878780662  7.4635176421  7.69658184849  

-9.72903980744e-20  0.00104912081248  0.0126023072107  0.0345916901947  0.0606760472646  0.0915038554142  0.120280670374  0.151532820526  0.185183669292  0.223871952764  0.269245655764  0.323067162524  0.37289602502  0.41794134089  0.487534764282  0.583453200064  0.706342701236  0.853408096741  1.02587182893  1.2114587317  1.35825821728  1.50652203627  1.63935508316  1.76160332498  1.88186643032  2.00760328331  2.14788363268  2.30127690899  2.47215527347  2.6337482831  2.77363404901  2.88061189529  2.96744617438  3.03866571074  3.09636656729  3.14247622031  3.17936156222  3.20986777459  3.23637696112  3.26098058331  3.28598253251  3.31298335828  3.34287908875  3.37618989958  3.41326788858  3.45440028184  3.49986788134  3.53787392809  

-1.1329748158e-20  0.0264465383972  0.0917231778323  0.152850968863  0.205492209901  0.258886124528  0.304842893162  0.351981406684  0.400153222006  0.452858401993  0.511856661028  0.578956244711  0.639001553279  0.691940180946  0.771740158037  0.878719065694  1.01225359574  1.16873374673  1.34941019897  1.54156484923  1.69209145043  1.8426073826  1.97588618677  2.09702759409  2.21464879492  2.33578112339  2.46814007252  2.60796805596  2.75398014578  2.87654829294  2.96268838449  3.00796435032  3.02265412223  3.00929586964  2.96842389324  2.90029772377  2.80590222577  2.69020343861  2.56940645378  2.45978904009  2.36277443322  2.27536462753  2.19549309281  2.12190684085  2.05371814859  1.99021711289  1.93079579886  1.88764381535  

-0.0788162808677  -0.0788179793486  -0.0789196429375  -0.0795211076408  -0.0808082065739  -0.0824193726823  -0.0834848408669  -0.0841221476188  -0.0844282495271  -0.0845617724731  -0.0846253669495  -0.0846574216615  -0.08463326064  -0.0845749005697  -0.0844295826084  -0.0840972828059  -0.0833992166313  -0.0821657940104  -0.0803166495625  -0.0781524036104  -0.0765593141375  -0.0752433822949  -0.0744044579725  -0.0739261319523  -0.0736877371895  -0.0736181099929  -0.0737048057882  -0.0740615675052  -0.0751401033859  -0.0774882081732  -0.0813578163658  -0.0861664067876  -0.0918926275208  -0.0984511029387  -0.105646694747  -0.113192891772  -0.120674453258  -0.127441760178  -0.132640925681  -0.136111353268  -0.13840596408  -0.140002165243  -0.141202898661  -0.142212914423  -0.143175849086  -0.144186942947  -0.145296482319  -0.146218632647  

-2.32859517502  -2.32859666947  -2.3286542401  -2.32878832075  -2.32867549158  -2.32805904707  -2.32735775576  -2.3267795654  -2.32642730419  -2.32624126702  -2.32613630743  -2.3260756819  -2.32612892545  -2.32626699714  -2.32664188948  -2.32759095356  -2.32980804142  -2.33415478418  -2.34135853812  -2.35062302239  -2.35799115241  -2.36447331679  -2.36884859467  -2.37147062621  -2.37283823659  -2.37325429105  -2.37270056875  -2.37030382601  -2.36260532576  -2.34475219821  -2.31346368429  -2.27233330709  -2.22075116735  -2.15859315884  -2.08678178551  -2.00730663984  -1.92387312266  -1.84364870743  -1.77801939087  -1.73151091741  -1.69903382664  -1.67526336659  -1.65648647302  -1.63991589079  -1.62334752042  -1.6051022253  -1.58409517411  -1.56586924655  

-24.6316580079  -22.8016062997  -18.4076113579  -14.5632893833  -11.5471097223  -8.82785074784  -6.79462958202  -5.01427568202  -3.50214105526  -2.17089617607  -1.02532830877  -0.0811566207839  0.512425354119  0.885170374401  1.24815652235  1.47368610436  1.49844299918  1.33569686788  1.03975128843  0.701277292924  0.46002428006  0.261850504496  0.134804584461  0.0662601125965  0.0461416475406  0.0729434678569  0.151042002506  0.27486552766  0.430492021412  0.571726526908  0.679857134954  0.751079459252  0.800456579074  0.838624580233  0.888220837859  1.0078005884  1.33412861396  2.12847141996  3.65657909971  5.94811247995  8.98356392446  12.8037728984  17.4544878904  22.9638942173  29.3406395291  36.5728019967  44.6254957187  51.3203863943  

2.43650308721  2.4372908097  2.44397613106  2.45031464423  2.44744604679  2.43124911532  2.40764323727  2.37743443847  2.34345841055  2.30568053663  2.26572362027  2.22664824907  2.19915992968  2.18035256506  2.15970399965  2.14303576415  2.13453119421  2.13530898002  2.14304890073  2.15184776887  2.15496025031  2.15200309231  2.14293334651  2.12906673729  2.11080279004  2.08771585955  2.05796100803  2.01986124266  1.96528675212  1.89101634103  1.79450301406  1.68611544184  1.56081301649  1.41523820195  1.2471037515  1.05434396142  0.836531920662  0.602041810028  0.381695465036  0.204673529177  0.0737597218304  -0.0129963028655  -0.0539415395448  -0.0450886766926  0.0186832796896  0.143106904743  0.334269172842  0.530033737017  

0.368026339041  0.367202707349  0.356506883745  0.330810822308  0.295607330815  0.254022773859  0.219336392999  0.187528875605  0.159563568125  0.134013671244  0.111168369448  0.0919356815501  0.0800345031272  0.0726732151381  0.0654146838227  0.0604340351522  0.05871165535  0.0599260086875  0.0628276636641  0.0654730134874  0.0662698956047  0.0654776191286  0.0633060880846  0.0601802781142  0.0562455533321  0.0514564978049  0.0455105470689  0.0382713007722  0.0287661683254  0.0173681654144  0.00446945441249  -0.00830075989332  -0.0215423340968  -0.0355356019481  -0.0504939140897  -0.0667681999298  -0.0848464527493  -0.104865232959  -0.125166957534  -0.143523869804  -0.159521946959  -0.173210576543  -0.184376459067  -0.192616653038  -0.197442569634  -0.198329624448  -0.194741712824  -0.188623184983  

-0.554654516885  -0.83480575041  -1.46735574667  -1.94321315747  -2.21591052774  -2.34830342997  -2.36317343214  -2.30668278882  -2.19373880845  -2.02412276887  -1.79516573983  -1.5067380659  -1.25417925726  -1.05511367835  -0.797942713725  -0.523391598583  -0.27264053287  -0.0809830356218  0.0349062664707  0.064289632776  0.0361554146175  -0.0245394878846  -0.0952483383982  -0.164831041997  -0.231410908459  -0.296452383918  -0.365588598081  -0.445164822032  -0.55063834752  -0.673813255871  -0.799824690763  -0.906134542259  -0.994167242338  -1.05898621627  -1.09074914638  -1.07406945824  -0.985482240625  -0.795856427624  -0.501153697954  -0.138301248819  0.267275434673  0.704787722681  1.16284532634  1.62599854968  2.0745084532  2.48396794141  2.82457941317  3.01678151068  

-0.782464636679  -0.788938314656  -0.853766192978  -0.923898479531  -0.913266062343  -0.816959570385  -0.700664047954  -0.582518808489  -0.478752253479  -0.388954341042  -0.31428510894  -0.253990049384  -0.21497056751  -0.18824779046  -0.156670813792  -0.124143005825  -0.0924201616136  -0.0634968893627  -0.0397962168758  -0.0260770693679  -0.0234827277867  -0.0275054570495  -0.0359200564148  -0.0469209925476  -0.0601780981299  -0.0761046633471  -0.0958189433558  -0.118904732114  -0.144697440568  -0.165966836105  -0.177783557755  -0.178904801715  -0.171475299882  -0.15706015435  -0.138151213534  -0.118921763714  -0.10592400838  -0.107946896835  -0.130448785907  -0.168772908773  -0.216343227774  -0.269020868461  -0.323563159821  -0.376988298172  -0.426527310491  -0.469639586202  -0.504023544662  -0.523185230033  

-0.204854593625  -0.141317850205  0.038674441781  0.232554808796  0.374229389794  0.453489587926  0.470708822925  0.456427606669  0.425053009054  0.384653312604  0.341461086122  0.300465090113  0.271966201908  0.252510184618  0.230730804022  0.210169351989  0.190027035301  0.166897013499  0.137622746582  0.105082792796  0.0811903415121  0.0609869836547  0.0475978293556  0.0398955191296  0.0369571840494  0.0390300242212  0.047959441338  0.066672460083  0.100532312957  0.147808512984  0.203181219546  0.256267097523  0.307366562608  0.355526160011  0.399607293508  0.439766836145  0.479141370044  0.525668227165  0.588682605092  0.67156311714  0.775645971193  0.902416637996  1.05216785254  1.22370058211  1.41447783165  1.62071660813  1.83739943081  2.00677979388  

2.39146666011  2.40444288855  2.40105169848  2.33731313867  2.22975105145  2.07924364692  1.92864691762  1.76529842686  1.59792866607  1.42186404047  1.2403230871  1.06057673314  0.930840937053  0.841518364645  0.740969548037  0.650053641933  0.578790655727  0.527340006985  0.489320178782  0.461439203012  0.445049234035  0.432469572293  0.424266170119  0.418903958074  0.415112117929  0.412049643452  0.409096768986  0.406253189979  0.404316046261  0.40550738656  0.411739225085  0.423019404262  0.440047834342  0.46361739897  0.493910701189  0.52957594778  0.565465658011  0.587956686637  0.57442969171  0.510532530543  0.391672077754  0.212680618778  -0.0321989327939  -0.347755138211  -0.73706850281  -1.20089662029  -1.73692433029  -2.19316580206  

2.64465383373  2.64465383373  2.64465383373  2.64465383373  2.64465383373  2.64465383373  2.64465383373  2.64465383373  2.64465383373  2.64465383373  2.64465383373  2.64465383373  2.64465383373  2.64465383373  2.64465383373  2.64465383373  2.64465383373  2.64465383373  2.64465383373  2.64465383373  2.64465383373  2.64465383373  2.64465383373  2.64465383373  2.64465383373  2.64465383373  2.64465383373  2.64465383373  2.64465383373  2.64465383373  2.64465383373  2.64465383373  2.64465383373  2.64465383373  2.64465383373  2.64465383373  2.64465383373  2.64465383373  2.64465383373  2.64465383373  2.64465383373  2.64465383373  2.64465383373  2.64465383373  2.64465383373  2.64465383373  2.64465383373  2.64465383373  

1.55479871164  1.55351462049  1.54936292187  1.54350120267  1.53581993286  1.52414874239  1.50943900933  1.48710959028  1.4508370242  1.3784419944  1.1794116418  0.189430645096  -0.880514137066  -1.12512101858  -1.24465681674  -1.29285226429  -1.29937748962  -1.27240318892  -1.20221661789  -1.06243087686  -0.876773044973  -0.608042681059  -0.347639886364  -0.177376385344  -0.124586983624  -0.19563261752  -0.388974454412  -0.638530526478  -0.85325711033  -0.975215715099  -1.0315946654  -1.05000194142  -1.04971290107  -1.04000567034  -1.03427589517  -1.05910314373  -1.14606503403  -1.27991403024  -1.39137382127  -1.45687612566  -1.4939152772  -1.5161784713  -1.53036948439  -1.53984175784  -1.54640226955  -1.55108656112  -1.55451822765  -1.55655162279  

0.0  0.0264465383373  0.0917226995935  0.152830677857  0.205319477542  0.258058389424  0.302598022596  0.347059215215  0.390924710964  0.436885213232  0.485666147019  0.537668522764  0.581178145757  0.617381941868  0.668606845192  0.731911262478  0.803944111956  0.880714451552  0.961839153863  1.04214948085  1.10250974068  1.16197060998  1.21484919682  1.2638163797  1.31274357723  1.36507453379  1.42518611767  1.49328705471  1.57273675718  1.65306594251  1.72967670147  1.79617550725  1.85910790509  1.9213323521  1.98439102055  2.04955882316  2.11780264207  2.18835912187  2.25546295078  2.31401833671  2.3655148893  2.41248994934  2.45645511075  2.49827142092  2.53849889394  2.57754796306  2.615748682  2.64465383373  

