5.98931736557e-19  0.793120125489  2.88682630637  4.85659505787  6.7156605672  8.60104491164  10.1610883546  11.597027869  13.0772582914  14.6587598655  16.3786378509  17.4179845075  18.4274686085  19.4554021694  21.0977739555  23.1690649355  25.4733428052  27.8518024316  30.2736270669  32.7419120705  35.0527375155  37.0410624942  38.8384953457  40.6359293049  42.6073099088  44.6838615645  47.1034156649  49.6501040274  52.1415367682  54.6889164038  56.9888995627  59.1027071877  61.1360709092  63.1380058816  65.1311449956  67.1228705492  69.106032719  71.0565072732  72.939135  74.7296846765  76.4263057043  78.0401847269  79.5861810384  79.8494038625  

-1.57415341216e-18  -0.00104803756068  -0.0138846005417  -0.039296526319  -0.0751394506879  -0.123251108445  -0.172012549194  -0.224053706183  -0.284867718329  -0.357833157154  -0.446294753433  -0.503609509334  -0.559694154948  -0.614683462016  -0.696083321755  -0.786602432735  -0.871107096786  -0.940453964382  -0.992680876168  -1.0276107435  -1.04535901116  -1.05179149975  -1.05326838947  -1.05236512459  -1.04899916775  -1.04143937267  -1.02435638671  -0.993424962771  -0.948307747385  -0.886199225444  -0.816249542936  -0.74063550961  -0.657963574  -0.567252556039  -0.467759350766  -0.358877088652  -0.24038176306  -0.113099278064  0.0206970851584  0.158457666221  0.298715123276  0.441037794246  0.585575542983  0.610986762401  

-4.67961470105e-19  -0.00264322165839  -0.00962078651205  -0.0161852630661  -0.0223807285593  -0.0286634760074  -0.0338609913514  -0.0386426572889  -0.0435654322527  -0.0488017795138  -0.0543323831839  -0.0567093687191  -0.0553210486017  -0.0523502808577  -0.0471824744254  -0.0405203315344  -0.0330896656361  -0.0254837844198  -0.017926675575  -0.0107165775815  -0.00506991080293  -0.00176729700607  -6.39561294907e-05  0.00105554547424  0.00252515823967  0.00506907122296  0.00947447670473  0.0152447375322  0.0214157598043  0.0278588607622  0.0335899789374  0.0387069758759  0.0434941309252  0.0481371670437  0.0528069461005  0.0576891872685  0.0629353105692  0.0685412312994  0.074311152965  0.0800181259259  0.0855419844315  0.0908565489023  0.0959799637798  0.0968544756544  

1.09380316429e-18  0.0264305551189  0.0961380293593  0.161790181355  0.224199819883  0.28848474337  0.34341446905  0.396683518656  0.455880313953  0.525915268505  0.612643591237  0.671262715252  0.732325556309  0.797657973548  0.905975801112  1.04522603123  1.19735215844  1.34452248551  1.47832177401  1.5946068571  1.68558484489  1.75353065317  1.81055570432  1.86590357032  1.92552225937  1.98631587326  2.05285245101  2.11754353713  2.17827687011  2.24340762085  2.31057637572  2.38333175541  2.46534198814  2.55796817853  2.6609361885  2.77278348829  2.8911187295  3.01258635728  3.13301288379  3.24869291211  3.35740330873  3.45805409555  3.55013262012  3.56526151467  

-9.71501995789e-19  -3.15998755596e-05  -5.80820424744e-06  0.0021958516045  0.0138038698017  0.0542469931283  0.126451328342  0.233763741123  0.392199329094  0.622025767088  0.951573026544  1.19396028503  1.46256374338  1.7711944159  2.33077354966  3.13772496794  4.14108393869  5.25604426626  6.42863983911  7.61165357658  8.66555978828  9.51017702382  10.2215667635  10.8903023671  11.5870888793  12.2920260295  13.0812058257  13.8629737004  14.5582523417  15.1822707988  15.6718635715  16.0757590008  16.4460986934  16.8201171235  17.2284999772  17.6958597338  18.2374014381  18.8540507189  19.5311145605  20.247312655  20.9853782922  21.7336515946  22.4839271728  22.6142078775  

-2.62575426479e-19  1.75601326629e-05  0.000751764680074  0.00354568540594  0.0106439252881  0.0261101869169  0.0467011628581  0.0718575132541  0.10374653499  0.144401734423  0.196474498573  0.231738132394  0.267479710969  0.303738341837  0.359440358292  0.423666952637  0.484410114774  0.531980582113  0.56119848138  0.568205514334  0.553624681404  0.527785861834  0.49843588385  0.467361301093  0.433348626507  0.396207847649  0.345382143111  0.275465588541  0.186201951427  0.0737913119111  -0.0419625969365  -0.154682314374  -0.263228640165  -0.365287978842  -0.458458400388  -0.541106666936  -0.612690566916  -0.673431107695  -0.723772939333  -0.764420263147  -0.796431838947  -0.82099707171  -0.839271547681  -0.841889764966  

1.57096913278e-18  2.77400108277e-05  0.00133910812529  0.00627602827472  0.015744070714  0.0300556494504  0.0450494202313  0.0613780079311  0.0810351097863  0.105656374949  0.137246237106  0.158936746546  0.182097509178  0.208165728116  0.255179253219  0.324425894092  0.415355692609  0.52526308354  0.654138478571  0.802571765224  0.955980677276  1.09800668754  1.23359965087  1.37542853596  1.53762515186  1.71574804244  1.93280165691  2.17236278323  2.41723859934  2.67724649181  2.91931092642  3.14740685371  3.37212975359  3.59942536329  3.83340012447  4.07730814939  4.33324622719  4.60106522553  4.87800954329  5.16115823468  5.44973813083  5.74471171947  6.04784887568  6.10159288099  

-2.92975498428e-19  0.00104807307293  0.0138627326521  0.0386743444134  0.0708256145818  0.107830184709  0.14028182238  0.171924079373  0.206976165108  0.247768656674  0.296538855194  0.328273087288  0.360909590479  0.39634411321  0.457397611987  0.542107402188  0.646309946039  0.764379324402  0.894534512018  1.03575283832  1.17366559388  1.29508752271  1.40609495141  1.51773584344  1.64060599693  1.77044390936  1.92201393034  2.08049082302  2.23162048782  2.37818897599  2.50025681721  2.60182079488  2.68913939056  2.76542050623  2.83293458774  2.89375923847  2.94983993682  3.00277565319  3.05371669036  3.10368361107  3.15380715797  3.20521388733  3.25893046818  3.26858483901  

-4.02871923118e-19  0.026433327546  0.0962107854389  0.161819985014  0.22357141722  0.285886662944  0.337368559628  0.385040763897  0.43488895845  0.489419662158  0.550749794719  0.588923334413  0.627047587359  0.667397216271  0.734985601936  0.825897242112  0.934847519541  1.05612657426  1.18849088853  1.33141484476  1.47061093256  1.59277767662  1.70398237291  1.81515618393  1.93639909495  2.06263238677  2.20630497304  2.3502261193  2.47864753572  2.59083477933  2.67003456106  2.72074430643  2.74776015172  2.75318833648  2.73865990275  2.70615019192  2.65827893856  2.59849797398  2.53097892996  2.45963497104  2.38718636085  2.31523890689  2.24469149773  2.23259706883  

-0.0367219452612  -0.0367230295405  -0.0367830703941  -0.0370274194918  -0.0375228071718  -0.0383121395598  -0.0391561341814  -0.0400748625898  -0.0411728482492  -0.0425212314953  -0.0441572477519  -0.0451801861269  -0.0461575294255  -0.047129318697  -0.0486067483261  -0.050280505288  -0.0518052031552  -0.0529390427742  -0.0536481946522  -0.0540360283935  -0.0542795161204  -0.0545155887408  -0.0547680651638  -0.0550121236151  -0.0552042980058  -0.0553055320062  -0.0554333616173  -0.0559640580713  -0.0574040584525  -0.0603617663945  -0.0646713841094  -0.0701449876764  -0.0767724961676  -0.0845026186977  -0.0932257902645  -0.102773892845  -0.112909195496  -0.123309940255  -0.133612404543  -0.143554982102  -0.153058320588  -0.162165636774  -0.170970468384  -0.172479634156  

1.68622786554  1.68622883384  1.68626501205  1.68633284368  1.68630878096  1.68601636511  1.6854576793  1.68461850519  1.68335188416  1.68146558816  1.67875924929  1.67685692782  1.67489314028  1.67279821602  1.66933468348  1.66497817466  1.66055033867  1.65689341887  1.65437194824  1.65285938953  1.65182197047  1.65073965135  1.64951185054  1.64826042584  1.64722210444  1.64664459377  1.64586348297  1.64240605932  1.63243892536  1.61067560386  1.57705696647  1.53200253955  1.4745994527  1.40421427116  1.32071516509  1.22458311532  1.1171683801  1.00106356678  0.87990658319  0.756790373056  0.632983202641  0.508245991138  0.381513623867  0.359150075124  

20.6961406489  19.3624895866  15.8621928958  12.6800957513  9.86448405173  7.27963275064  5.39765873651  3.89440238605  2.58221247105  1.44222594849  0.491457276568  0.0513539706378  -0.290802651658  -0.56363589223  -0.857599369146  -1.02314209475  -1.00993729832  -0.858639939446  -0.636003310259  -0.401915329141  -0.219622643807  -0.112047256064  -0.060783401099  -0.0520439568436  -0.0827211071852  -0.144084796777  -0.226624905002  -0.29877873762  -0.340611971046  -0.357002947628  -0.36100018069  -0.366874969462  -0.38295520511  -0.417653505579  -0.48583094092  -0.61570756729  -0.854042458085  -1.26367212942  -1.90874887039  -2.83862311333  -4.08429190038  -5.65949572815  -7.55955378979  -7.92183271806  

1.79313278349  1.79368684036  1.79806003222  1.80145284238  1.80099066103  1.79569626969  1.78695030236  1.77508937141  1.7592238561  1.73907320632  1.71543255156  1.70161535149  1.68929692132  1.67791364335  1.66204540506  1.64568876977  1.63165776569  1.62084964183  1.61213672379  1.60328512162  1.59259308848  1.58025422751  1.56660084092  1.5513547808  1.53386801808  1.51498668443  1.49065207814  1.45719889949  1.40968697613  1.33904427834  1.25195487891  1.15104040591  1.03561612206  0.906179391469  0.764491353088  0.61371012072  0.458865880021  0.307355116495  0.168221377614  0.0495579862512  -0.0429534225871  -0.105247221316  -0.133948382389  -0.135280969233  

-0.208611120652  -0.208032736776  -0.20146428919  -0.190293233432  -0.177415020614  -0.162973054135  -0.150023207195  -0.137444653148  -0.124172295766  -0.110263712952  -0.0964351820113  -0.0892572576339  -0.0833456958362  -0.0782677220117  -0.0717816968863  -0.0658189710087  -0.0613284235286  -0.0583020331615  -0.0560984927226  -0.0539081232795  -0.0512385206059  -0.048205356169  -0.0449328423449  -0.0413529705743  -0.037290116858  -0.0329197259333  -0.0274245270913  -0.0204993684132  -0.0119245557647  -0.00100680082439  0.0105359751522  0.0221006587993  0.0335496593086  0.0445940714939  0.0548717049892  0.0639952136397  0.0715623611742  0.0771657747953  0.0804520537472  0.0811911636711  0.0792275977461  0.0743843138665  0.0664246999612  0.0647002326376  

-0.291576258522  -0.128214257501  0.269804011965  0.60268776981  0.871747260185  1.0756815858  1.17810660208  1.21705319029  1.20377551717  1.13364018142  0.998052740671  0.891115127473  0.779183066175  0.667309091434  0.501088215541  0.319329809071  0.158825846623  0.0427112938749  -0.0227720619434  -0.0375224492115  -0.0116719235317  0.0301748615092  0.0735105972913  0.115754632605  0.159250310469  0.205537448882  0.267976545497  0.349335330769  0.442792630726  0.543894015094  0.629230862595  0.693104437494  0.733643051665  0.747298808027  0.730006439074  0.677917015045  0.588197281047  0.460482914378  0.298611175939  0.110276841468  -0.0949543477541  -0.306211062457  -0.51076784602  -0.544596189051  

-0.190710296646  -0.194388121641  -0.237056107194  -0.297448525459  -0.32568491936  -0.301171151179  -0.254359907024  -0.206382512916  -0.161587079518  -0.123157701527  -0.0924676726627  -0.0784928435746  -0.0673085149951  -0.0577125656464  -0.0451588019262  -0.0323608071901  -0.0204220155264  -0.0103785752745  -0.00361128785325  -0.00184114420747  -0.00568813383592  -0.0131221838528  -0.0226778212811  -0.034534079498  -0.0499161252544  -0.0686307056363  -0.0931696069701  -0.120421209246  -0.145003967842  -0.162812981796  -0.167618352205  -0.159141792097  -0.137444011826  -0.102596701197  -0.0553064698029  0.0028499596237  0.0693465060268  0.140781496502  0.213499292936  0.284983726743  0.354628101168  0.423259541309  0.492470195033  0.504714603324  

-0.125977688098  -0.111072926206  -0.0645386134986  -0.000599210952348  0.0643929817403  0.108875262505  0.123588260772  0.124315376594  0.118581401288  0.110923447085  0.105108017659  0.103634651849  0.103546686457  0.104555550094  0.107488747517  0.110918514353  0.110801851981  0.103958058195  0.0901003713833  0.0715412809882  0.0539113487029  0.0412441076212  0.0330833337301  0.0286061035787  0.0283122092392  0.0338396182069  0.0492457230633  0.0779929283644  0.120120190956  0.177278326776  0.238720731564  0.299806437744  0.358726838345  0.412947888072  0.459738767641  0.496767966718  0.522636083162  0.537361950491  0.54260669925  0.54110735495  0.535436608419  0.527093088739  0.516166362603  0.513919850391  

1.3782226732  1.38781156542  1.405063791  1.40024566124  1.36732310177  1.3031514011  1.22952109981  1.14905355077  1.05718084738  0.953510081329  0.840455425129  0.775549025019  0.718391569782  0.668013501032  0.60315503726  0.54351087329  0.4978509015  0.465415076579  0.441534622152  0.422862710358  0.409070271739  0.399766613565  0.393177325191  0.387871857076  0.382906315184  0.378057581891  0.372434150716  0.366319087589  0.360147036943  0.353727676661  0.347736014139  0.341663385544  0.334626082113  0.325593434379  0.313242612542  0.295803639453  0.270861216691  0.235217543353  0.185137803631  0.116865616365  0.0269916536144  -0.0871363815967  -0.226903627375  -0.253846811765  

2.64333283966  2.64333283966  2.64333283966  2.64333283966  2.64333283966  2.64333283966  2.64333283966  2.64333283966  2.64333283966  2.64333283966  2.64333283966  2.64333283966  2.64333283966  2.64333283966  2.64333283966  2.64333283966  2.64333283966  2.64333283966  2.64333283966  2.64333283966  2.64333283966  2.64333283966  2.64333283966  2.64333283966  2.64333283966  2.64333283966  2.64333283966  2.64333283966  2.64333283966  2.64333283966  2.64333283966  2.64333283966  2.64333283966  2.64333283966  2.64333283966  2.64333283966  2.64333283966  2.64333283966  2.64333283966  2.64333283966  2.64333283966  2.64333283966  2.64333283966  2.64333283966  

-1.56192487039  -1.56131357701  -1.55920227342  -1.55619675696  -1.55177947624  -1.54448778806  -1.53454081476  -1.51938978049  -1.49124061725  -1.42443516569  -1.14856787242  -0.223530690105  0.899955967185  1.17479898442  1.29464830276  1.32985357785  1.31973071091  1.27176732657  1.17167289628  0.978951039268  0.680342770091  0.390008638528  0.218425322468  0.18699843946  0.291173120635  0.480345617346  0.685409705305  0.818152568432  0.870578616902  0.868981253916  0.840348078566  0.807899985168  0.784214993889  0.779614151366  0.806091448343  0.875311043531  0.986707581698  1.11687288903  1.23412154564  1.32312749376  1.38556974733  1.42849604074  1.45819229927  1.46235988412  

0.0  0.0264333283966  0.0962128133359  0.161863141996  0.223826426355  0.286669733925  0.338669890961  0.386531604708  0.435861795309  0.488540323514  0.545714516189  0.580028527616  0.613259208619  0.647299655671  0.701824854896  0.770646699965  0.847201093723  0.92616394611  1.00645983535  1.08811031332  1.1642949466  1.22963759695  1.28861228367  1.34756217676  1.41222594904  1.48039264184  1.55994535575  1.64382814153  1.72598604154  1.81002496711  1.88589827067  1.95561498648  2.02266793131  2.08868616581  2.15443643991  2.22019372136  2.2857636408  2.35038479261  2.41289902032  2.47247736657  2.52902424153  2.58288431447  2.63453405056  2.64333283966  

