9.39578747415e-19  0.793343681392  2.91020580569  4.91113734067  6.87726878057  8.81443794181  10.367033553  11.8623442951  13.3944339973  15.0178988033  16.7733014732  17.8645547151  19.0018102197  20.2039104347  22.0752775888  24.2203830138  26.4802669832  28.8035998753  31.1833058392  33.5443371553  35.6521319072  37.5175672345  39.2964193834  41.2011057838  43.1280382973  45.1955608622  47.4417302249  49.7478648264  52.2008116361  54.7546069724  57.3479553917  59.5976151538  61.6707996368  63.6590950233  65.5841428081  67.4506311706  69.261721088  71.0189264407  72.7225673907  74.3740034307  75.9773410496  77.5399057986  79.0720725637  79.7902392735  

-3.69222251476e-19  -0.00104867259747  -0.0141110802305  -0.0401863571672  -0.0788045555395  -0.129453211032  -0.179073365885  -0.234450005261  -0.298895203836  -0.37564335  -0.468112194379  -0.529404596513  -0.592628591199  -0.655789844335  -0.745191477411  -0.833848484756  -0.911173681328  -0.973591729936  -1.02001125802  -1.04976782669  -1.06518774425  -1.07354156183  -1.07966523271  -1.08544219631  -1.08969934385  -1.08993139571  -1.08159603665  -1.06094572369  -1.02389192168  -0.968137015817  -0.893601361938  -0.814453113246  -0.729420475687  -0.636486254619  -0.535322862566  -0.426272559827  -0.309835726949  -0.186674910299  -0.0575737046989  0.0767532413876  0.215861996348  0.35970602526  0.50870299054  0.581256479747  

-3.87841989699e-19  -0.00264403417535  -0.00969899257885  -0.0163676248375  -0.0229203455018  -0.0293763606265  -0.0345499732171  -0.0395307307791  -0.0446281458384  -0.0500063991693  -0.0556215686288  -0.0573119745428  -0.0546474480941  -0.0509361912408  -0.0449332168603  -0.0379892516591  -0.0306953597041  -0.0233032015263  -0.0160276436712  -0.00962368741872  -0.0055545278537  -0.0038197929159  -0.00328071227819  -0.00281534121174  -0.00146642810663  0.00149971192589  0.00621902430737  0.0119858549148  0.0185580188521  0.0255099885994  0.0324966609131  0.0385341953856  0.0442440398243  0.0499782011689  0.0557879257866  0.0616157565468  0.067399604594  0.0730931365197  0.0786649896056  0.0840996848854  0.0893984528601  0.0945778219779  0.0996672629232  0.102055678308  

-9.3056170349e-19  0.0264384169943  0.096911611631  0.163574486152  0.229592150512  0.295835590714  0.350815019444  0.406765364083  0.468843098367  0.541987398351  0.632275227621  0.694982986038  0.76490222698  0.84206049916  0.965446006507  1.10687294644  1.2498978954  1.38499796167  1.50678624603  1.60987076607  1.68945101537  1.75440696317  1.81498273414  1.87986148704  1.94494853707  2.01206339757  2.07926803662  2.14122616846  2.2015616442  2.26421253554  2.33619543826  2.412141508  2.49722521285  2.59446844352  2.70385110841  2.82356327309  2.9507494255  3.08182350467  3.21292487753  3.34050924814  3.46178020483  3.57482335737  3.67851181756  3.72414747038  

1.3516695354e-19  -3.16174449334e-05  -4.55749525903e-06  0.00209499675525  0.0136138067541  0.0541154700366  0.124849473919  0.235486216656  0.398837576752  0.633716637042  0.967238243484  1.21876202045  1.51996951746  1.88013784159  2.51485778614  3.33319222078  4.27065594267  5.27864467065  6.31613464367  7.31010838248  8.1429228804  8.83248115484  9.45682630758  10.1047519526  10.7543717431  11.4543112302  12.2121747292  12.9635656853  13.6981172291  14.361016542  14.9181635916  15.3226373863  15.6582324252  15.9768890161  16.3113683244  16.6853897694  17.1153103464  17.6097160708  18.1696935922  18.7905078493  19.46408561  20.1813342274  20.9337694289  21.3000315142  

1.48147558803e-19  1.75745949293e-05  0.000765220832043  0.00355752611245  0.0108781603738  0.0266538422642  0.0471177206297  0.0733393992579  0.10642783721  0.148151236741  0.201038756808  0.237585704889  0.276529842451  0.316529233991  0.374478318097  0.432295235703  0.48070409533  0.514389616597  0.529522936765  0.524164738197  0.504569346168  0.480841029032  0.458007096398  0.436817171171  0.418567427167  0.397916991225  0.366135644023  0.315664134622  0.237234576272  0.128152731951  -0.00610070630684  -0.134481294057  -0.256273805685  -0.37143601357  -0.477577941951  -0.572214900718  -0.653625478987  -0.720965405926  -0.774317482171  -0.814620789848  -0.843415286281  -0.86251554827  -0.873742476213  -0.876797518558  

-2.05039929616e-18  2.77648799642e-05  0.00137200470236  0.00648765306683  0.0167846775435  0.0316139375289  0.046060686379  0.0620253427335  0.0808252435842  0.104013004529  0.133537290938  0.154411426211  0.178633292797  0.207256322206  0.258223955336  0.326777953673  0.411234857055  0.511366880087  0.627615746649  0.755737469012  0.879776694077  0.996423440617  1.11324644934  1.24407993497  1.38249447085  1.53821732845  1.71646505573  1.90942228818  2.12489578998  2.35851045477  2.60294221691  2.81933662522  3.02205391948  3.22013000187  3.41672782252  3.6138171775  3.81344523533  4.01750824501  4.22760229051  4.44516034338  4.67168074662  4.90893726447  5.15918206928  5.28295171176  

-3.51788818582e-19  0.00104869924488  0.014088634792  0.0395377307197  0.0738466388048  0.111259357642  0.141923887823  0.172570418947  0.206150215225  0.245048404566  0.291577205624  0.322869323415  0.357823279613  0.397534959612  0.464777744407  0.54979055718  0.648114521149  0.757793178995  0.877884499433  1.00300920691  1.11809827702  1.22168734926  1.32162708572  1.4298662366  1.54098016287  1.66245175544  1.79693569301  1.93621588806  2.08236974496  2.22743934625  2.36195682805  2.46482171636  2.54682831116  2.61383440524  2.66857252297  2.71344884166  2.75101147193  2.78377313349  2.81405592779  2.84389631819  2.8750070328  2.90880832052  2.94651980701  2.96605824297  

-6.5435245958e-19  0.0264412221209  0.0969917580137  0.163638637073  0.228918034164  0.292803492988  0.34378818005  0.393076879012  0.444251650204  0.49977935711  0.561913755507  0.601701522283  0.644681888776  0.692101591198  0.769965369818  0.865545246593  0.973777000377  1.0929801747  1.22264518369  1.35728324231  1.48072746473  1.59136504232  1.69753842611  1.81170358854  1.92767783979  2.05251084166  2.18754079707  2.32276892596  2.45780996922  2.5815937298  2.68147080632  2.74121976852  2.7710048577  2.77552286432  2.75751580739  2.7201361911  2.66703195957  2.60209001001  2.52914465344  2.45162030955  2.3722506859  2.29297992176  2.21501724145  2.17877128244  

-0.0274578201331  -0.0274586446592  -0.0275030570368  -0.0276663498728  -0.0279805650855  -0.0285039958424  -0.0291344779828  -0.0299384898963  -0.0309630874514  -0.0322564629424  -0.0338357540412  -0.0348473259517  -0.0358851435005  -0.036954208247  -0.0385313610092  -0.040158778434  -0.0416123050892  -0.0428140171277  -0.043794780081  -0.0446416579174  -0.0453962605653  -0.0460768964288  -0.0466696140523  -0.0471286293325  -0.0473115055383  -0.0471741036127  -0.0467613367102  -0.0463479932157  -0.0463769394259  -0.0474759394341  -0.0502402262555  -0.054285016856  -0.0594897458616  -0.0658338154572  -0.0732019406901  -0.0814302626601  -0.0903596839682  -0.099850467331  -0.10979175894  -0.120114140982  -0.13079576374  -0.141858862358  -0.153361470771  -0.158981817412  

1.36772730513  1.36772804887  1.36775623411  1.36781086464  1.36781732735  1.36766457595  1.36731035142  1.36666993684  1.36561918465  1.36399173817  1.36162386593  1.35990887361  1.35799267837  1.35585192131  1.35237568479  1.34836418373  1.34436802895  1.34070797801  1.3374187234  1.33430953932  1.33131048623  1.32842226019  1.325761204  1.32358811907  1.32267906705  1.32341260321  1.32572261311  1.32816154663  1.32795695226  1.32058678216  1.30091640257  1.27045693372  1.22918418515  1.17633605961  1.11192625695  1.03649265756  0.950679987919  0.855096551414  0.750193075409  0.636080081922  0.51237484819  0.378130923042  0.231817419396  0.157779629076  

17.3657160351  16.2820991849  13.3923273719  10.7334123399  8.27004704757  6.06553088549  4.50491940949  3.19960197494  2.07279602574  1.10921873011  0.319037098974  -0.0506780196575  -0.35110523046  -0.584583149917  -0.798611689469  -0.86628063383  -0.793868835257  -0.629357991132  -0.42536894794  -0.235927590146  -0.106867134698  -0.0370759336793  -0.0127724788854  -0.0289516020855  -0.0794151034929  -0.154397533824  -0.237147263771  -0.30172841306  -0.335951048382  -0.341866055618  -0.34747349616  -0.386971078694  -0.481559378522  -0.649413621227  -0.906262644289  -1.2657615258  -1.74080627805  -2.34263094304  -3.07779486078  -3.94430003533  -4.9274641589  -5.99543617936  -7.09364494896  -7.6008108593  

1.50250049673  1.50296298201  1.50662760665  1.50957143065  1.50987969438  1.50747335304  1.50311105806  1.49621704298  1.48613487529  1.47251781714  1.4559275038  1.44583203588  1.43611068981  1.42667792056  1.41344327529  1.3999999731  1.38731876896  1.37513544412  1.36238089067  1.34794883874  1.33259177815  1.3171875018  1.30198428943  1.28680436489  1.27397546194  1.26322888512  1.25300973  1.2394675311  1.21486033699  1.17041074531  1.09921792764  1.01359360479  0.915176610935  0.804935657464  0.686254676291  0.563709606576  0.442241052204  0.326991449282  0.223073590085  0.135206940073  0.0674561761243  0.0231521788213  0.00491159260165  0.00594032193037  

-0.169881122614  -0.169402291685  -0.164161151133  -0.156037973869  -0.147512924428  -0.13897615066  -0.131308539815  -0.122888440297  -0.11336609115  -0.102874926693  -0.0921234953196  -0.0863483473354  -0.0812525170864  -0.0767028873349  -0.070913277007  -0.0656740737026  -0.0612549689944  -0.0573979305495  -0.0536416561886  -0.0496177453071  -0.0455441586392  -0.0416405657481  -0.0379246774034  -0.0342841530344  -0.0311556035959  -0.0283278140617  -0.0253601316326  -0.0215790430502  -0.0157802941208  -0.00708086643225  0.00465772182468  0.0167680562572  0.0288448425865  0.0405341686302  0.0512325220455  0.0603264011992  0.0672772039627  0.0716080811851  0.0728927935788  0.0707482641545  0.0648167442464  0.0547408553985  0.0401391462637  0.0315311612347  

-0.385023929115  -0.252779022896  0.0712406176487  0.34235842747  0.573425513331  0.750089756083  0.842696623513  0.88664750774  0.885874127569  0.836717526675  0.732183218374  0.645426940053  0.550501047696  0.454946586591  0.321570866817  0.195718592951  0.09722486381  0.033588250526  0.00677750599204  0.0137382118542  0.0392916429551  0.0666726424176  0.0893766460449  0.107381418862  0.121970351826  0.141091628057  0.174774003832  0.228118489115  0.304051329812  0.395480066145  0.486974834027  0.55244826734  0.592192764751  0.605481242626  0.590675528858  0.547218023308  0.476131188803  0.380373500545  0.265185988021  0.138166284207  0.00915640037832  -0.109788851649  -0.204156392014  -0.235328266355  

-0.0664268350048  -0.069414132893  -0.104851444275  -0.159387167316  -0.197586498271  -0.195174020734  -0.169459330148  -0.136814032129  -0.104329209488  -0.0757783812035  -0.0526600955218  -0.0416783648033  -0.0322069874071  -0.0239515559112  -0.01379271755  -0.00486958248061  0.00218751444975  0.00679029111523  0.00804657029717  0.00542883643394  0.00013889436027  -0.00631452778565  -0.0136807264404  -0.0229250700274  -0.0341730146772  -0.0491311775799  -0.0694830466962  -0.0947504681896  -0.124795539486  -0.155491993849  -0.179747123802  -0.189519408265  -0.185265997503  -0.166690836064  -0.133730113487  -0.0870756255841  -0.0278337483254  0.0428396356061  0.124042555808  0.215392394698  0.317174268038  0.430343846407  0.556446679551  0.621201679138  

-0.0774641279585  -0.0726306301068  -0.0559538293929  -0.023248326575  0.0200413200261  0.0541854290234  0.0685051193778  0.0733537664331  0.0736368217291  0.0730798487521  0.074518567857  0.0767879350155  0.0799296943368  0.083682486193  0.0890056669699  0.0920158661826  0.0896946508374  0.081210483453  0.0678533585396  0.0529803295232  0.0408998062997  0.0323356703943  0.0262636611595  0.0219277295332  0.0198826499252  0.0209825158742  0.0277339239643  0.0432794820967  0.0724944903601  0.119343319074  0.184592372856  0.253800786388  0.325004894746  0.396692950217  0.465995755539  0.530120364365  0.586965993269  0.63503996154  0.67321242198  0.700380556397  0.715038698653  0.714819565956  0.696044365683  0.679199846359  

1.05786205582  1.06412166921  1.07868590679  1.0811552629  1.06343023022  1.02201605929  0.972575112267  0.913776320333  0.845135054668  0.766881930527  0.681184268218  0.630775575462  0.584152617327  0.542627804843  0.491833825981  0.449551136754  0.417755063037  0.393909976532  0.375388202396  0.361033084292  0.350930346859  0.343805169936  0.338228797926  0.333178847934  0.328769658087  0.324654299006  0.320713907462  0.316991401433  0.31313070065  0.308838435046  0.303255037895  0.295938697213  0.285451473821  0.27018445716  0.248423321095  0.218190541622  0.177196550055  0.123048170829  0.0536235895964  -0.0325174677995  -0.135740745866  -0.254922524398  -0.386912354997  -0.452252134864  

2.64412229692  2.64412229692  2.64412229692  2.64412229692  2.64412229692  2.64412229692  2.64412229692  2.64412229692  2.64412229692  2.64412229692  2.64412229692  2.64412229692  2.64412229692  2.64412229692  2.64412229692  2.64412229692  2.64412229692  2.64412229692  2.64412229692  2.64412229692  2.64412229692  2.64412229692  2.64412229692  2.64412229692  2.64412229692  2.64412229692  2.64412229692  2.64412229692  2.64412229692  2.64412229692  2.64412229692  2.64412229692  2.64412229692  2.64412229692  2.64412229692  2.64412229692  2.64412229692  2.64412229692  2.64412229692  2.64412229692  2.64412229692  2.64412229692  2.64412229692  2.64412229692  

-1.56289073625  -1.56236436922  -1.56052847352  -1.55790908397  -1.55388112895  -1.54730394626  -1.53847129829  -1.52404570662  -1.4962455668  -1.4264064767  -1.083219721  0.283048161527  1.09836277478  1.26465951828  1.33407954053  1.34302995816  1.31447579791  1.24293196417  1.09539015518  0.813093773464  0.440031581376  0.159562589259  0.0546811734849  0.122249393579  0.323889455107  0.579592354223  0.792491264995  0.9158482436  0.966655119871  0.963862511563  0.944842289913  0.959125200059  1.01747946124  1.10166686022  1.18696065907  1.25958367735  1.31686480906  1.36082154025  1.39429133296  1.41969397664  1.43884631112  1.45303797626  1.46311665324  1.46659298759  

0.0  0.0264412229692  0.0969938608314  0.163684600859  0.229218973974  0.29379203933  0.345547963742  0.395393614789  0.44645832209  0.500541230346  0.558886347308  0.594851578847  0.632402295942  0.672286510728  0.734467509681  0.805763104136  0.880840641809  0.957948652301  1.03678460963  1.11475830261  1.18409286191  1.2452998945  1.30362780202  1.36607988581  1.42928385971  1.49718672419  1.5711142533  1.64716359193  1.72814959958  1.81250049272  1.89815557998  1.97246896781  2.04100239848  2.10681431527  2.17063244611  2.23260490673  2.29282112632  2.35131570555  2.40808608853  2.46316709525  2.5166875435  2.5688857419  2.62010363718  2.64412229692  

