-7.49357576908e-19  0.292380713657  1.91162858379  3.48743865103  5.37687049774  7.51767609124  9.82208088774  12.2030915554  14.6518929276  17.1549685416  19.7866623192  22.7406026624  25.1206224431  27.4362386687  29.4736702545  

-2.02960224627e-18  -0.000131484294437  -0.00551917753069  -0.0178315389565  -0.039527381952  -0.06595516654  -0.0871294600812  -0.0968286944435  -0.0935421803591  -0.0786113777227  -0.0559580494257  -0.0310148220333  -0.0157916736474  -0.0059619745247  -7.7251296495e-05  

-2.75840727432e-18  -0.000903755358358  -0.00574334560646  -0.00989941000252  -0.0128372170029  -0.0114843124317  -0.00687398289169  -0.00135479570288  0.00392655881177  0.00782340975552  0.00916126156806  0.00760881567735  0.00534651409633  0.00340359568783  0.00268557221291  

0.0  0.00968772361199  0.0632531679261  0.115209889255  0.177373756199  0.247790044576  0.323136875802  0.399660629263  0.476260588496  0.551943468967  0.629071874173  0.714135256628  0.782502500738  0.849350738094  0.908427869817  

0.0  -4.32323841302e-06  -9.77655443268e-05  0.000208569956785  0.00361249393734  0.0237905941005  0.0893694525106  0.220804385465  0.423794507246  0.694659667677  1.04103218245  1.50682217327  1.95181928668  2.45629228689  2.96553591054  

-7.96910333534e-19  8.32461517447e-07  0.000204158836714  0.00112101336414  0.00407503120365  0.0119216464122  0.0262240041747  0.044044210065  0.0615649370001  0.0764933916913  0.0899245338888  0.107053067772  0.125917888248  0.149656854987  0.173910117043  

6.6684530054e-19  1.36451387416e-06  0.000381034224104  0.00229781657969  0.00817281793244  0.0207251913665  0.0414415828021  0.0710291346815  0.111167263531  0.163652830124  0.232727498087  0.329011413547  0.422272927892  0.52745977286  0.632619965601  

0.0  0.000140782218035  0.00600514015091  0.0198623769847  0.0460778289385  0.0849575640878  0.133884531697  0.191567050386  0.259274680765  0.337657230087  0.430003145101  0.545560246993  0.647677879194  0.754802124612  0.855613914929  

0.0  0.00968787079866  0.0632810552499  0.115287677712  0.177326659034  0.247353518466  0.32292664777  0.401717991589  0.483957992544  0.569491548562  0.661136036366  0.76645447456  0.853658687774  0.941058115369  1.02050205267  

-0.00552501224788  -0.00552501261088  -0.00552509091347  -0.00552490275532  -0.00552668991965  -0.00557605051063  -0.00574962931745  -0.00604156764697  -0.00641802145709  -0.00685386756731  -0.00734111217064  -0.00787875957715  -0.00825519581291  -0.00851508540916  -0.00860177753901  

0.0132743402804  0.0132743406274  0.0132743971315  0.0132743344002  0.0132742222521  0.0132569433793  0.01312668434  0.0127785272122  0.0121535303872  0.0112176112164  0.00992165992351  0.00818967504601  0.00677413405296  0.00567579165484  0.00527495243071  

0.0734830017064  0.0696451730678  0.0480602330311  0.0273500648741  0.00477070258241  -0.0150559110589  -0.0271842410062  -0.0295392134679  -0.0234411164685  -0.0120986555554  0.000688746110278  0.0107184965797  0.0126981246319  0.00851933722427  6.60092659006e-05  

0.0115464336291  0.0115469252387  0.011557249135  0.0115628897469  0.0115647883328  0.0114664525133  0.0109290354391  0.00976104059683  0.0080452141205  0.00600485000261  0.00385715856246  0.00182485630619  0.000702760141364  0.000130578216236  -4.41046950891e-07  

-0.00381668992362  -0.00381625271401  -0.00380264219294  -0.00378561249208  -0.00373826200409  -0.00346905228435  -0.00283191316361  -0.00199754005823  -0.00117141801811  -0.000490277914986  -2.03492011569e-05  0.000192159839509  0.000165191382222  5.70196680625e-05  -1.47687103679e-06  

-0.0131232165839  -0.0119918011605  -0.00561670440432  0.00132598674286  0.0109616527513  0.0215253087204  0.0291097812508  0.0320862802102  0.0310630233632  0.0270234105968  0.020789266508  0.0129413416114  0.00711381701329  0.00264462862404  1.03164269169e-05  

-0.108342683652  -0.108350397565  -0.10833506254  -0.107090679409  -0.102326572645  -0.0929416890591  -0.0807708444219  -0.0679462450605  -0.0550715431313  -0.0422971512337  -0.0294340717568  -0.0163110614007  -0.0076213787715  -0.00184274986416  3.71655385324e-05  

0.0530994125058  0.0533390723108  0.0546393120287  0.0561705656121  0.0590727516819  0.0638725819404  0.0689660735304  0.0722604235581  0.0728308078591  0.0701877334149  0.0635850729415  0.0510096062157  0.0365709611472  0.0187142616188  -7.70363732744e-06  

0.162054352719  0.160509222869  0.151872901448  0.143258680714  0.132413124321  0.119046878704  0.103379087683  0.0864164177927  0.0689150207278  0.0516371484904  0.0347719330948  0.0184051600217  0.00822360613256  0.00190135945383  -1.1065352788e-05  

0.968787080058  0.968787080058  0.968787080058  0.968787080058  0.968787080058  0.968787080058  0.968787080058  0.968787080058  0.968787080058  0.968787080058  0.968787080058  0.968787080058  0.968787080058  0.968787080058  0.968787080058  

-1.2112034522  -1.19317742663  -1.04910559916  -0.780405917358  -0.170957123338  0.495149222176  0.75744480244  0.774207705662  0.630889494777  0.339385899188  -0.0187618790623  -0.265654973209  -0.298450758287  -0.197491582498  -0.00153478077677  

0.0  0.00968787080058  0.0632812066489  0.115292968507  0.177385221238  0.247624566341  0.323442829424  0.401881746869  0.482495118713  0.564731173385  0.651044351187  0.747923059193  0.826013112646  0.901977643166  0.968787080058  

