-1.34455144657e-17  0.731233014912  2.81068201418  4.74844517111  6.52367601283  8.30977249531  9.86748531979  11.3182892057  12.8352570733  14.4390216168  16.1454730242  17.2219283427  18.3484100879  19.5015180826  21.2572909918  23.3408328848  25.6653276317  28.1852484912  30.7370141115  33.3007518267  35.8849758818  38.2410549874  40.2751442756  42.1347947675  43.9116616976  45.6661575999  47.4410330903  49.2563974742  51.1122598708  53.0016285167  54.9196115117  56.8584850225  58.8015935985  60.7656636524  62.8328960298  65.0236624124  67.2728988827  69.5425297745  71.8805248119  73.6944013056  

-3.48919613295e-19  -0.00089076481091  -0.0131601721683  -0.0375604823153  -0.070892940129  -0.115021842412  -0.162177101169  -0.213351288643  -0.274320662081  -0.347004382733  -0.433286742351  -0.491487397231  -0.552460795373  -0.611984754726  -0.695032969121  -0.780960597413  -0.860364441925  -0.926770610115  -0.97324612166  -0.999121333425  -1.00453044797  -0.992080291134  -0.968888398627  -0.938578584386  -0.902406638014  -0.860439932539  -0.811985494004  -0.756237891074  -0.692813380099  -0.621910462754  -0.544473129071  -0.462929910202  -0.381676819673  -0.304196558158  -0.230946380069  -0.164409993804  -0.108282228574  -0.0622345820412  -0.0183095172935  0.0208799840067  

1.51674468407e-17  -0.00243680562014  -0.00936627417236  -0.0158233140303  -0.0217383382758  -0.02768857077  -0.0328760018242  -0.0377035135246  -0.0427410301842  -0.0480308352317  -0.0534192557744  -0.0554918023035  -0.0536219101614  -0.05025966024  -0.0447346002957  -0.0380341403975  -0.0305192891542  -0.0223856817303  -0.0142067487668  -0.00610410782464  0.00184456364891  0.00873123820878  0.0142019240214  0.0186751520638  0.0224832488317  0.0259537775879  0.0293680024207  0.0328609779338  0.0363702679052  0.0396288553392  0.0421136659314  0.0429839367106  0.0415633629104  0.0381520660852  0.0334119806317  0.0279577048321  0.0226409953245  0.0190230577208  0.0201013134194  0.0239010962474  

0.0  0.0243675510825  0.0936073637887  0.158215345411  0.217760625818  0.278377307254  0.332715600094  0.38586554873  0.44571714687  0.515872448459  0.6009657413  0.66107850169  0.728876174141  0.802077949999  0.917943217121  1.05791587952  1.21083627244  1.36502488114  1.50178118825  1.61479597985  1.702928269  1.76367900605  1.80586676879  1.8408988281  1.87523713459  1.91301615099  1.95724886974  2.01005221818  2.07249556129  2.14446410169  2.22434298998  2.30800963597  2.38816364056  2.4577108242  2.51268804472  2.54944520168  2.56816929419  2.57485857914  2.57700720174  2.57827539034  

3.17549185711e-18  -2.72644455795e-05  -1.84882205232e-05  0.0022395329858  0.0140142237991  0.0526072160211  0.123838256785  0.231846511452  0.395932634734  0.634837765917  0.972919732268  1.23434989488  1.5511536726  1.922486747  2.57165927475  3.45796605946  4.56815671058  5.8737350717  7.2479606061  8.61577277052  9.91122601134  10.9637232193  11.7433146729  12.3403600947  12.8091503611  13.1846484489  13.4926142771  13.7540872002  13.9899981755  14.2237842838  14.4811161368  14.788014793  15.1687577032  15.6533631126  16.293746549  17.1327511623  18.1709572345  19.3962312028  20.8270564571  22.0235041421  

6.40873238397e-18  1.38157300635e-05  0.000701578173723  0.00345312174476  0.0103883245452  0.0249658008677  0.0451597416416  0.0702824878328  0.102951751466  0.144653937685  0.19732478424  0.234686476791  0.275600387834  0.317460037553  0.379048084514  0.446497523726  0.511414701268  0.56529047935  0.597458018737  0.602068062499  0.574323184174  0.518826001055  0.448614330188  0.369013643944  0.282750944215  0.191492796558  0.0964329592311  -0.000617451060274  -0.0967257422627  -0.188066937139  -0.26984473714  -0.335357723156  -0.37627276883  -0.386760769399  -0.364163484931  -0.308389348238  -0.226193117948  -0.12946297274  -0.0368076826577  0.0122006286331  

-3.24096185142e-18  2.17350792964e-05  0.00123585303832  0.00587238654835  0.0145607545233  0.0279118951263  0.0433030665442  0.0609273038369  0.0830542324689  0.110984650539  0.146335823235  0.171773039897  0.201340714254  0.235165520118  0.293882865535  0.375633831987  0.483468883688  0.621378097184  0.783983414655  0.970365146851  1.1801198653  1.38817369052  1.57840035596  1.75902628721  1.93613309317  2.11421821068  2.29681183748  2.48569700454  2.68110383226  2.88309709535  3.09256887595  3.31073569038  3.53836781896  3.78042605055  4.05109930198  4.35901588839  4.70133178486  5.07729487961  5.50200482817  5.86269886985  

1.7650394891e-17  0.000890819418957  0.0131414192436  0.0370036782155  0.0673043906587  0.102954526004  0.13717742815  0.171761193167  0.211067049717  0.256482418844  0.309468305589  0.345357454027  0.38528327654  0.429046834517  0.501204137782  0.595550982738  0.712016948878  0.851282087846  1.00504304522  1.17041780147  1.34497135937  1.50727863961  1.64665855967  1.77107076945  1.88547954469  1.99287483481  2.09501144555  2.19227200482  2.28422027826  2.37065227454  2.45218854818  2.53017536838  2.60659582563  2.68557746535  2.77479891662  2.88084574115  3.00640503196  3.15352209562  3.32858434338  3.48082638214  

4.69456968301e-18  0.0243697164751  0.0936688504447  0.158212409127  0.217211585033  0.276395074625  0.328065938907  0.376575702582  0.428097806745  0.483919849476  0.545332953204  0.585220103174  0.628312779315  0.674309851429  0.747987169879  0.841392747027  0.953703713935  1.08543630132  1.22917746151  1.38281684097  1.54426809203  1.69333201869  1.81964766777  1.92996970129  2.02811903193  2.11586923374  2.19355942906  2.26008502376  2.31368252943  2.35310711476  2.3783105425  2.3907401187  2.39377882097  2.39260737422  2.39330900426  2.4028584794  2.42726436988  2.4696353491  2.53162773937  2.58993401086  

-0.0465540524653  -0.0465550325566  -0.0466262077736  -0.0469732992207  -0.0476889836254  -0.0486526497787  -0.0495298443222  -0.0503615399971  -0.0512899836943  -0.0523763007442  -0.0536392000875  -0.0544485816047  -0.0552654591725  -0.0560545973243  -0.0571202197431  -0.0580798216425  -0.0586248881923  -0.0584763625802  -0.0575564494552  -0.0560715278132  -0.0544557790331  -0.0534110607716  -0.0532537339962  -0.0539825671004  -0.055616151893  -0.0582132322105  -0.0618711717267  -0.0666815860184  -0.072673673042  -0.0798006560821  -0.0879591219364  -0.0969884300501  -0.106684427581  -0.117067005337  -0.128631561345  -0.141698026853  -0.156140527556  -0.171904127098  -0.1894627921  -0.203964227011  

1.76262368636  1.76262455813  1.76266467428  1.76273584886  1.7626352423  1.76217487093  1.76147693166  1.76057965065  1.75932487273  1.75755553652  1.75514238135  1.75341151231  1.75152092122  1.74955349444  1.74665977145  1.74377799821  1.74197058242  1.74254850609  1.74635246472  1.75306554835  1.76102383523  1.76658382186  1.76745868496  1.76300024903  1.75248210704  1.73488435799  1.70880974974  1.67272577327  1.62539564263  1.56608099863  1.49450462713  1.41098447375  1.31648042947  1.20998114683  1.08522548218  0.937006576609  0.764974502389  0.56832802097  0.339347327258  0.1426859567  

20.5887116826  19.3064030182  15.7106504332  12.5098491149  9.78653196562  7.31868259147  5.43036469463  3.91019417241  2.56963814107  1.41978034293  0.47558331564  0.0144253516718  -0.372782294697  -0.681415298151  -1.00276348483  -1.19727590697  -1.24153488786  -1.15728469594  -0.994261986708  -0.797070877289  -0.596661302918  -0.434453562375  -0.324052451741  -0.254916364709  -0.219659112855  -0.211654467813  -0.222530733478  -0.23969191999  -0.244972906417  -0.216463806117  -0.133144508508  0.0178102538945  0.230802704299  0.47810205875  0.707564002006  0.814710732749  0.671068549198  0.210150718871  -0.527496484575  -1.11933763595  

1.82953849898  1.83002952364  1.8345590288  1.83784970408  1.83551391773  1.82587783786  1.81141002107  1.79345337869  1.77106352448  1.74498164737  1.71708528425  1.700974504  1.68622289061  1.67344989795  1.65847186475  1.6473657389  1.6428367083  1.64581754621  1.65433795677  1.66382160121  1.6678736201  1.66037647769  1.64087248569  1.60988347968  1.56722522597  1.51211566993  1.44330495219  1.35978631698  1.26144976113  1.1490509673  1.02396824809  0.888660882674  0.747265975228  0.602605387891  0.454125579095  0.308375877497  0.179908016544  0.0814483262094  0.0221170035917  0.0110317981664  

-0.212074269725  -0.211558803489  -0.204312144167  -0.190043163345  -0.172251721933  -0.152297318782  -0.134654161636  -0.118643925645  -0.102754943262  -0.0873919133205  -0.0733686812042  -0.0661527217689  -0.0600689771596  -0.0552096340859  -0.0500453264086  -0.0467298318818  -0.0457645370738  -0.0469103719614  -0.049120033276  -0.0509510748733  -0.0509126163783  -0.0481627328294  -0.0432485117663  -0.0366520079035  -0.0286594533829  -0.0194675272508  -0.00925475524696  0.00169657980685  0.0129597180554  0.0240464175281  0.0344913026832  0.0438448436542  0.0516531468948  0.0575617537447  0.0610934575427  0.0610671347942  0.0560029339472  0.0445836678626  0.0250038190663  0.00364014935639  

0.03384947928  0.188395677449  0.595721314271  0.931635785027  1.18574254913  1.36225055111  1.44091552707  1.45251708927  1.40601941804  1.29807085293  1.1251802298  0.99183968801  0.845205947587  0.699412279247  0.494597926732  0.284916666606  0.0998886588011  -0.0370333323169  -0.10507405115  -0.102531161968  -0.0338841911965  0.0764040366264  0.197323259843  0.318760025048  0.436046153531  0.546368661534  0.64753533952  0.736631377698  0.809779854908  0.86256382321  0.889932697527  0.885784722831  0.844389369441  0.762799672007  0.638698652176  0.477155385687  0.29864288655  0.130045807465  -0.0030424374574  -0.0584480353658  

-0.348324499724  -0.351501177492  -0.391822798238  -0.438954437446  -0.437198864023  -0.381331114994  -0.31335116034  -0.252142521511  -0.198471815726  -0.155149920214  -0.122313406422  -0.107025894098  -0.0941581497058  -0.083335770021  -0.0699317154266  -0.056853698443  -0.0446276410033  -0.0349009813974  -0.0313846807675  -0.0374068902087  -0.055061101219  -0.0805095301924  -0.10704437762  -0.131868635941  -0.153022941687  -0.168599661892  -0.176412327174  -0.173948792353  -0.158905839558  -0.129827164213  -0.0863573042838  -0.0293176267339  0.0394358986107  0.119361766704  0.214270630955  0.327854043631  0.460999265718  0.61588538134  0.80098202908  0.964564751089  

-0.139255332022  -0.113509370426  -0.0291489120089  0.0674117939797  0.145537515342  0.187684830767  0.1951002749  0.186594933008  0.170567581276  0.152609013066  0.137102171933  0.13019844193  0.125272939476  0.122297507729  0.120454161649  0.119409153566  0.11558288054  0.105209531978  0.0883376450983  0.0690705919716  0.0545497504934  0.0526915026579  0.0641090607732  0.0868448185876  0.119567855788  0.161264744637  0.210806044695  0.266125516259  0.323766274174  0.379305900594  0.428123412829  0.465989612332  0.489822138738  0.498284221858  0.489629153223  0.459758225211  0.403873461064  0.315331679705  0.179584479502  0.0331260875955  

1.62608390893  1.63520603177  1.64507732854  1.62242512298  1.56742863799  1.48037555922  1.38386936281  1.28179531922  1.16729207683  1.04291430491  0.913580916539  0.837740694203  0.767539749383  0.707415456787  0.636668333773  0.578320098315  0.535837215774  0.50603657606  0.484803250062  0.467584033043  0.452417399642  0.44052773143  0.432239004605  0.426435721224  0.422202283216  0.418710223796  0.415246182155  0.411280991151  0.406448621128  0.400330793967  0.391964872771  0.379115949349  0.358057300523  0.324670242058  0.27509342488  0.209228762557  0.134652664344  0.0633994958316  0.00801727276613  -0.0130384812826  

2.43697170001  2.43697170001  2.43697170001  2.43697170001  2.43697170001  2.43697170001  2.43697170001  2.43697170001  2.43697170001  2.43697170001  2.43697170001  2.43697170001  2.43697170001  2.43697170001  2.43697170001  2.43697170001  2.43697170001  2.43697170001  2.43697170001  2.43697170001  2.43697170001  2.43697170001  2.43697170001  2.43697170001  2.43697170001  2.43697170001  2.43697170001  2.43697170001  2.43697170001  2.43697170001  2.43697170001  2.43697170001  2.43697170001  2.43697170001  2.43697170001  2.43697170001  2.43697170001  2.43697170001  2.43697170001  2.43697170001  

-1.55949108589  -1.55874002174  -1.55595837145  -1.55202400554  -1.54643654819  -1.53756989311  -1.52522337457  -1.50648737833  -1.4713256857  -1.38839435527  -1.05732075888  -0.0529375553973  0.932914588384  1.18057805657  1.29332918718  1.33284175425  1.33894367507  1.32333011329  1.28905270192  1.23257678331  1.14268469296  1.01964357684  0.882972654449  0.756831933894  0.668558903411  0.628728841077  0.623585458518  0.623308034115  0.593180864359  0.49707558873  0.293970292774  -0.0367100542481  -0.40836019919  -0.68490164646  -0.833044872722  -0.855020573874  -0.710023759035  -0.239793251698  0.508074788048  0.831885971129  

0.0  0.0243697170001  0.0936706045799  0.158250009918  0.217413828278  0.276940426604  0.328854380108  0.377201050983  0.427740292742  0.481134902097  0.537809256139  0.573296335442  0.610395925154  0.648585969844  0.706869878218  0.776091349304  0.853323113369  0.937020989794  1.02172721222  1.10676043782  1.19237290273  1.27030389923  1.3374636009  1.39876272731  1.45726426219  1.51499553485  1.57339079722  1.63312423724  1.69419004273  1.75633252065  1.81935482866  1.88299615983  1.94679363831  2.01140380267  2.07954101139  2.15181051092  2.22594908947  2.3005451228  2.37725703463  2.43697170001  

