-7.62913187665e-19  0.794481601766  3.01377991586  5.13968410034  7.2488845204  9.00131216899  10.7793261577  12.4104964451  14.0997711496  15.8904393864  17.8184742153  18.5948776277  19.5437455389  20.5766406911  22.2647327185  24.1890911702  26.2373143593  28.3852945084  30.6360575289  32.8767582108  35.0621963041  37.1263534203  39.037628857  40.9024876189  42.7790743423  44.7041815993  46.7028886768  48.9109644592  51.2096176023  53.6137463555  56.092770031  58.9008862417  60.8539027676  62.7385741816  64.4058229638  65.9184143808  67.3289016516  68.6678816363  69.95578553  71.2088702076  72.4422666309  73.6726460222  74.9226962326  76.2349746004  77.3279171593  78.2853842182  79.533855061  79.7822848047  

-1.17500258981e-18  -0.00105174699206  -0.0151344467371  -0.0440173847911  -0.0875604143961  -0.135018006386  -0.193632254877  -0.256673136433  -0.331296272342  -0.420723039475  -0.528523994859  -0.574543472888  -0.630438353446  -0.688739339764  -0.776913403287  -0.866233304244  -0.948075639624  -1.01929080363  -1.07809110208  -1.12121846929  -1.15040685862  -1.17067093254  -1.18818618421  -1.20689347168  -1.22744236843  -1.24806039931  -1.26472936165  -1.27278372951  -1.26657389948  -1.24264316145  -1.19855100303  -1.12427611435  -1.05720948806  -0.980445095579  -0.902657886262  -0.824056539376  -0.743874763956  -0.661607619683  -0.576826663645  -0.489020803573  -0.397480043669  -0.301125242863  -0.198131124293  -0.0848271420623  0.0109825843214  0.0930380218158  0.195659896065  0.2154692921  

1.75235646228e-18  -0.00264792219978  -0.0100446127205  -0.0171302408473  -0.0241605657624  -0.0300019806004  -0.0359286679704  -0.0413650570468  -0.0469915624198  -0.0529384778683  -0.0591292410742  -0.0603952061522  -0.0583001908192  -0.0551092410759  -0.0496706778779  -0.0434071922677  -0.0367453192733  -0.0298188485196  -0.02273568704  -0.0161816693746  -0.0112129855031  -0.00923709214732  -0.0096410622862  -0.0107575619721  -0.0113071815325  -0.0100847207038  -0.0064752401881  -0.00068784807575  0.00621611729072  0.0138308418381  0.0218838765423  0.0311381600061  0.0376175952019  0.0438858944816  0.0494376053791  0.0544773154811  0.0591783832989  0.0636418808476  0.0679352055636  0.0721116786455  0.0762201621555  0.0803122801077  0.0844484932507  0.0885989157414  0.0873415285051  0.0842281131734  0.0800841104009  0.0792568171969  

-5.97454185073e-20  0.0264769145927  0.100342033146  0.171069830256  0.241788119812  0.30170609495  0.364723093706  0.426050360828  0.495122552739  0.577006612039  0.678170518934  0.723037606359  0.780554665007  0.845301227617  0.953154756891  1.07552710148  1.20092100771  1.32333014927  1.43896902383  1.54045479793  1.62803651629  1.7049482424  1.77598732697  1.84754427921  1.92195272377  1.99918213439  2.07692704233  2.15552209297  2.22661615302  2.29053162455  2.3513684866  2.42700698985  2.4925421062  2.57128136604  2.65596453675  2.74555591187  2.83956335628  2.93711793226  3.037275953  3.13923619505  3.24245626424  3.34676769315  3.45260987408  3.56169817052  3.64591433291  3.70767298859  3.76813257451  3.77747458139  

-8.63769279865e-19  -3.17015176513e-05  1.18430763477e-05  0.00198085507894  0.0110875003715  0.0364789772498  0.0972449474138  0.196897065247  0.351967308578  0.579695949257  0.904440383204  1.05924611792  1.26845843686  1.51983118405  1.97374599949  2.54035158654  3.17962883481  3.86617376077  4.57784937027  5.25560374846  5.87207802417  6.41455972819  6.89945143605  7.38056866698  7.89591980487  8.4729238548  9.12368545481  9.8775611743  10.6504296546  11.3846329338  12.0104307014  12.5300963008  12.784243905  12.9724153914  13.1185817912  13.2571585899  13.4089457729  13.5863816929  13.7973808296  14.0474330516  14.3410760838  14.6833638623  15.0821534372  15.5539627776  15.983070656  16.3897097591  16.9619563016  17.0814308931  

4.92725650066e-19  1.76480191759e-05  0.000835056313062  0.00377652354309  0.0108408612659  0.0228250713407  0.0431679552006  0.0694350616642  0.103590014197  0.146794732594  0.201014154875  0.224777849916  0.253878323363  0.284085041305  0.328654707301  0.370962635439  0.404910062441  0.427278950162  0.435524693615  0.42847434757  0.40934392139  0.386764380869  0.370539585558  0.364724291489  0.369846633412  0.382288889055  0.393364101553  0.390850067475  0.361707776119  0.29654440354  0.191591373216  0.0330849158607  -0.0940912397565  -0.222404387821  -0.334865839507  -0.432054613518  -0.515883477299  -0.58769087885  -0.648607301199  -0.699706675136  -0.742019637819  -0.776515741585  -0.804077811747  -0.825357512086  -0.833024661588  -0.824769860456  -0.795638550867  -0.787835234558  

-5.22121901049e-19  2.78866563106e-05  0.0015238981646  0.00742196188854  0.0193630608068  0.0327446090241  0.0472373357433  0.0606086843169  0.0752045890075  0.0927329997703  0.115197743397  0.125456323334  0.139145784466  0.155619201545  0.1860813466  0.226265520188  0.275454509062  0.333995427027  0.402579975353  0.477580694031  0.556423884436  0.635535910194  0.712773703521  0.792020762759  0.876108753138  0.967746106977  1.06973445193  1.19124595594  1.32710671948  1.47742636069  1.63791339519  1.82164956654  1.94832387377  2.06884609463  2.17417780202  2.2692684479  2.35830770753  2.4440044764  2.52836647698  2.61311092174  2.6999055125  2.79061956922  2.88777201361  2.99577835813  3.09059947385  3.17880535491  3.30049706173  3.32563015332  

-1.10817106393e-18  0.00105176241952  0.0151085740538  0.0432361375454  0.0810887019637  0.113518499902  0.143118316843  0.168277967037  0.19516155455  0.226956421419  0.266262406084  0.283581310734  0.306098602187  0.332356285588  0.378823404488  0.436778942576  0.503771078669  0.579216235949  0.663069479037  0.750342444368  0.838003835545  0.922469408294  1.0022497602  1.08211093493  1.16536865691  1.2548368196  1.35277952098  1.46634888665  1.58784614575  1.71378898626  1.8364052192  1.95874382662  2.02991362548  2.08639971745  2.12635791981  2.15503698038  2.17608631647  2.1918559413  2.20402233729  2.2138658696  2.22241278323  2.23053655681  2.23906625673  2.2489971349  2.25858172175  2.26869781498  2.28517242743  2.28898034032  

-2.47747649552e-19  0.0264798092475  0.100446313558  0.171250033896  0.241201916497  0.29871628382  0.356240093722  0.408466815451  0.462602397377  0.520881734159  0.585581105637  0.61225538154  0.645717709012  0.683471122845  0.748073069124  0.826279305306  0.914963720174  1.01379873542  1.12308730051  1.23646308275  1.34980201436  1.45810949825  1.55928339466  1.65925505853  1.76193074366  1.87045114356  1.98724229623  2.12041066985  2.26048197836  2.40264136409  2.53600903165  2.6580868738  2.71760182421  2.75132393005  2.76033900525  2.7515595161  2.7295206034  2.69728533692  2.65711284227  2.61069294381  2.55923627493  2.50348287373  2.44358609213  2.37860860108  2.32417950237  2.27712863315  2.21972182654  2.20904259552  

-0.0125212924724  -0.0125216374199  -0.0125407584223  -0.0126010643504  -0.0126704352069  -0.0127237782895  -0.0128504248486  -0.0131283460074  -0.0136400587608  -0.0144395712309  -0.0155362763703  -0.0160116718584  -0.0165980234665  -0.0172385642188  -0.0182751021276  -0.0194216395311  -0.020581623375  -0.0217246798768  -0.0228606715259  -0.0239753780847  -0.0250970705671  -0.0261891863606  -0.0271511586067  -0.027915037701  -0.0283750037563  -0.0284147357317  -0.0279307759438  -0.0267826285562  -0.0250120233271  -0.0227811065808  -0.0205315721942  -0.0189903104362  -0.0193808980093  -0.0217480834545  -0.026259400193  -0.0330585436076  -0.0424076616996  -0.0546121138317  -0.0700039202181  -0.0889515453449  -0.111886332102  -0.139361943439  -0.172202422695  -0.211968431477  -0.248837798956  -0.284139886397  -0.333480076739  -0.343654321301  

0.684582652055  0.684582971186  0.684596606451  0.68462527464  0.684641140824  0.684639982284  0.684608302749  0.684483719624  0.684155578841  0.683483664738  0.682334642409  0.681767222023  0.681012729914  0.680120729291  0.678528364448  0.676550547703  0.674310560875  0.671855288794  0.669156198882  0.666246290225  0.663057196686  0.659707887452  0.656557241657  0.653905956262  0.65222320494  0.652077423328  0.65405803246  0.659000400456  0.667043625432  0.6777526338  0.689172668346  0.697447407144  0.695183165723  0.681012145835  0.652921613234  0.609017972473  0.546564807468  0.462362615176  0.352807066942  0.213767335373  0.0403143537719  -0.173863693014  -0.43788459303  -0.768081535293  -1.08370267396  -1.3938177677  -1.83930515218  -1.9328427555  

9.66950423039  9.12468875983  7.58670232442  6.12888325252  4.74088824282  3.66485458834  2.67616846974  1.88262476297  1.18908392954  0.601098719696  0.131563091158  -0.0124709448213  -0.158008345069  -0.281534589762  -0.412806281213  -0.47380814723  -0.461032590015  -0.390723732689  -0.284392685848  -0.171639362839  -0.0753042131424  -0.00969842044968  0.0222762484539  0.0239756945009  -0.00332148009225  -0.0577860107251  -0.135140165136  -0.23292741333  -0.335798272289  -0.444179033751  -0.590346175634  -0.908867008657  -1.32830650361  -1.97075782351  -2.77762247079  -3.70852141541  -4.71309300831  -5.71446212144  -6.60329408807  -7.22974349418  -7.38906990581  -6.79484723338  -5.02197904745  -1.35143223615  3.57516139387  9.73746313208  20.9396662166  23.6602061517  

0.83816903725  0.838428339816  0.840641125772  0.842534440043  0.843084460464  0.843117389393  0.843416459994  0.843765041482  0.843485860825  0.841768395461  0.838278871744  0.836642218038  0.834628818031  0.83236026349  0.828256055628  0.822693884273  0.815546196512  0.80658058826  0.795416608996  0.782249160064  0.767260490831  0.751531009638  0.736816245412  0.724109177201  0.71476123542  0.710024148454  0.710450750868  0.715556774112  0.722172350976  0.724676106177  0.715683768056  0.68430561686  0.648100654648  0.604653835546  0.563995121655  0.530995600145  0.509525509579  0.503374529745  0.516121637939  0.550979803563  0.610646169815  0.697120959463  0.811503549297  0.953985332206  1.08031598648  1.18929080524  1.31130186757  1.33075224176  

-0.0812839980138  -0.0810195774212  -0.0781635679502  -0.0744457974086  -0.0723049697101  -0.0725089100544  -0.0737691823076  -0.0746252127692  -0.0742908923098  -0.0723649250983  -0.0691546343702  -0.0678310739923  -0.0663227802279  -0.0647499341755  -0.0621497679284  -0.0589660440289  -0.0552516236465  -0.0509968541677  -0.0461394236369  -0.0408733977826  -0.0353547920813  -0.0300070550189  -0.0253502506245  -0.0215606381369  -0.0188693265345  -0.0174087755394  -0.0170534049351  -0.0172788998149  -0.016945540442  -0.0144091262034  -0.00799847904733  0.00464015346925  0.0160059535431  0.0271810191074  0.0350083372799  0.0380034405794  0.0347784742373  0.0238105915554  0.00346039405883  -0.0280493032957  -0.0727073317057  -0.132883200826  -0.211753269726  -0.314664165298  -0.41546126095  -0.515641804222  -0.660150321174  -0.690454050646  

-0.336282609077  -0.274058746974  -0.118462375578  0.00834927411825  0.117612321139  0.195769830343  0.258541028171  0.296894055307  0.314113068144  0.305514698614  0.265097377283  0.240847965571  0.209679805779  0.177761597623  0.13232265565  0.0917005951594  0.0617832067446  0.0446710407128  0.041071085552  0.0495475224275  0.0648351167642  0.0781237190996  0.0822071395274  0.0758883136373  0.0612113775116  0.0431486899158  0.0294209094147  0.0284111771169  0.0467951366187  0.0846743274865  0.134222538167  0.183614258245  0.200665838456  0.196521971616  0.175582652247  0.147580560031  0.123482171421  0.116533102003  0.142999253402  0.222961415078  0.381609973969  0.651683182035  1.07887502909  1.73736460407  2.47586357512  3.28779961945  4.59382512485  4.88868881866  

0.0758816823445  0.0744748116051  0.0572295281184  0.0289966110518  0.00116148659917  -0.0135079071937  -0.0168273600618  -0.0111403522422  -0.000614907037278  0.0114472509817  0.022972116945  0.0270142876247  0.0314635972641  0.0355216005968  0.0401098965343  0.0422913044188  0.0414141885559  0.0374566882004  0.0306150202174  0.0220274882862  0.0133283595518  0.00619378505427  0.0011788542081  -0.00255000374894  -0.00634704259795  -0.0122801061478  -0.0234193268223  -0.0457219684787  -0.0851578481573  -0.148940730453  -0.240433461236  -0.367210760024  -0.45534633595  -0.520732827293  -0.541538912565  -0.508757700947  -0.412355597747  -0.240461843981  0.0202718874397  0.384908004218  0.871033833301  1.50061051944  2.30455820675  3.33708944967  4.3420265206  5.34110861926  6.79165374678  7.09825762584  

0.0228613342589  0.0163570976984  -0.00245534531312  -0.0129893482643  -0.0124423728978  -0.00662618567222  0.000383451230716  0.00649927645486  0.0129820801641  0.0209991311344  0.0310966485522  0.0352108709114  0.0399196822256  0.0444126153535  0.049723431427  0.0520918188682  0.0503255679255  0.0447356506724  0.036659221552  0.0285253605957  0.0221405330277  0.0179633512383  0.0150771412038  0.0122040303088  0.00854106239978  0.00384534412286  -0.00127231449674  -0.00478420647388  -0.00096297902191  0.0201563320781  0.0737219683354  0.194318444425  0.327899286284  0.501697826925  0.692584102482  0.89168080972  1.09112647675  1.28018280773  1.44474196115  1.56666220467  1.62241214044  1.58047705069  1.39574082702  0.993856816764  0.45481464162  -0.209713362335  -1.38813550882  -1.66907150201  

0.504423216454  0.503169665982  0.504202499355  0.507423457256  0.507346428908  0.50149925931  0.488587073107  0.470380417172  0.44578505501  0.41486170195  0.3788765369  0.364682679368  0.348564120376  0.33293919075  0.311346634294  0.291563261665  0.274818846553  0.260867490884  0.249274402343  0.240136906781  0.233054876102  0.227553720441  0.223035318525  0.219031935187  0.215684388879  0.213420931617  0.212575381046  0.213090439054  0.214205805883  0.213971374216  0.208095341368  0.184328446169  0.147154660018  0.0851516858833  0.000690611032538  -0.106062378342  -0.234910896348  -0.383935630533  -0.548847315886  -0.722259768899  -0.892508907509  -1.04160231728  -1.14115641349  -1.14224058173  -1.0220505849  -0.80005871832  -0.303002449191  -0.171212023601  

2.64798100931  2.64798100931  2.64798100931  2.64798100931  2.64798100931  2.64798100931  2.64798100931  2.64798100931  2.64798100931  2.64798100931  2.64798100931  2.64798100931  2.64798100931  2.64798100931  2.64798100931  2.64798100931  2.64798100931  2.64798100931  2.64798100931  2.64798100931  2.64798100931  2.64798100931  2.64798100931  2.64798100931  2.64798100931  2.64798100931  2.64798100931  2.64798100931  2.64798100931  2.64798100931  2.64798100931  2.64798100931  2.64798100931  2.64798100931  2.64798100931  2.64798100931  2.64798100931  2.64798100931  2.64798100931  2.64798100931  2.64798100931  2.64798100931  2.64798100931  2.64798100931  2.64798100931  2.64798100931  2.64798100931  2.64798100931  

-1.56432178725  -1.56393502925  -1.56253155486  -1.56051662333  -1.55743418825  -1.55343888444  -1.54679194008  -1.53594331194  -1.51350377181  -1.45125914585  -1.03742873467  0.154531247013  1.08717204327  1.27370365577  1.35295677027  1.36864324709  1.35118415077  1.29963795389  1.1886351191  0.961129490122  0.540495680048  0.0739293296195  -0.16264118421  -0.170115951686  0.0234070345683  0.386296919345  0.768973831108  1.04902696502  1.21428393573  1.31976517928  1.39862366279  1.4667015068  1.49797192847  1.5156752643  1.52356192301  1.52625474967  1.52583743793  1.52304852146  1.51783907112  1.50935598038  1.49522979123  1.46860383631  1.40099843429  0.905741606336  -1.23589616375  -1.42591819273  -1.49133519658  -1.49830074699  

0.0  0.0264798100931  0.100448811333  0.171308105059  0.241616198175  0.300037145521  0.359316438028  0.413703279557  0.470025582053  0.529707084284  0.593817911506  0.619405539145  0.650726678648  0.685005187917  0.741122444131  0.805118377817  0.873212394018  0.944566254969  1.019226239  1.09335865858  1.1653572505  1.23309680192  1.2957687811  1.35693169236  1.41846851102  1.48161589692  1.54733454343  1.6202061212  1.69629851708  1.77604747437  1.85840882457  1.95183455507  2.01687915555  2.07968781455  2.13527642299  2.18572595303  2.23278328636  2.27746585802  2.32045312445  2.36228554926  2.40346546767  2.44454421265  2.48626413808  2.52995102896  2.56608226465  2.59800156269  2.63968418327  2.64798100931  

