5.37407311262e-20  0.199498485355  1.91355669144  3.59369821248  5.59428927276  7.59378142272  9.59302693908  11.5930603544  13.5938073865  15.594634917  17.5953250891  19.5961013452  19.9999964297  

-8.11109674093e-19  -3.7181884074e-05  -0.00298440023192  -0.00876875557253  -0.0159370206877  -0.0203928917222  -0.0208369250859  -0.0177317725958  -0.0126568288983  -0.00743561032555  -0.00331062583905  -0.000487088267243  -6.49469182184e-06  

-7.607836723e-19  -0.000375370509236  -0.0028852500885  -0.00385147532247  -0.00314957942003  -0.00127124159591  0.000775640660871  0.00223836408724  0.00275682921571  0.00244015009635  0.0017327972481  0.0012229969394  0.00120287775797  

0.0  0.0065602372761  0.0628313276637  0.117868437757  0.183458965677  0.248798158299  0.313083545014  0.375962688403  0.437582470895  0.498294923889  0.558498578758  0.618504798024  0.630604511346  

0.0  -1.23169464025e-06  -6.36214844347e-05  -8.85511292266e-05  0.00102273733644  0.0123529228052  0.0511994389243  0.130332419259  0.255613843529  0.430178150777  0.656823498121  0.938249598918  1.00188316682  

-1.66437662099e-18  1.5887952922e-07  9.51131441617e-05  0.000399464324547  0.00133500143377  0.00495227865711  0.0130134581169  0.0248996800242  0.0395380600848  0.0565007315358  0.075726342984  0.0969681654619  0.10143532228  

-3.83578301157e-19  4.23587302113e-07  0.000372999036917  0.00245360495516  0.00897866776115  0.0209556845638  0.0384773541717  0.0617574697144  0.0914122099675  0.128205266278  0.172906380756  0.226260168616  0.238144375935  

0.0  6.45559697414e-05  0.00592539286853  0.0207854374724  0.0491837015057  0.0859579586048  0.128180606636  0.175449926176  0.228291791361  0.28709047845  0.352005642062  0.42309264092  0.438193614674  

0.0  0.00656028319413  0.0628589459651  0.117960895841  0.183545201902  0.249076313155  0.314579766668  0.380289888209  0.446548212055  0.513685182302  0.582011715858  0.651831951349  0.666132927853  

-0.00331174951742  -0.00331174954145  -0.00331176271567  -0.00331159916916  -0.00331583442034  -0.00336355431732  -0.00349523631042  -0.00369474461046  -0.0039236176402  -0.00414468772901  -0.0043206316369  -0.0044091862425  -0.00441214483163  

0.0035073509353  0.00350735095861  0.00350736036101  0.00350729862102  0.00350714395727  0.00348955650191  0.0033925131594  0.00316858088156  0.00282170255858  0.00239920941177  0.00199379516887  0.00175679879056  0.00174808218178  

0.0118947317526  0.0112143895956  0.0055349345505  0.000567737841152  -0.00380896233699  -0.00572585496807  -0.0051430168337  -0.00288157728001  -0.000140412409637  0.00191082935366  0.00236428615013  0.000647504087224  5.45166594617e-06  

0.00247777464974  0.0024778273662  0.00248255861445  0.00249550088392  0.00250143588236  0.00238532646015  0.00204060011799  0.00151763849592  0.000948336295352  0.000457517286519  0.00013128708731  3.17721456213e-06  -1.50212283866e-07  

-0.00137488593595  -0.00137484136297  -0.00136587043824  -0.00132340975824  -0.00117484998832  -0.000873808552528  -0.000501156450278  -0.000187169642181  2.90508231643e-06  6.67878648634e-05  4.30003482908e-05  1.78870050415e-06  -2.1033794359e-07  

0.00107703902237  0.00132269364268  0.00354325637618  0.00620153028141  0.00986672962227  0.012609219024  0.0131810209266  0.0117504370353  0.00907967519304  0.00592558608969  0.00289643545635  0.000413943467082  1.04575806209e-06  

-0.0873212306671  -0.087322213883  -0.0869634438064  -0.0843039770599  -0.0757458573033  -0.0623603385157  -0.0475072989883  -0.0333565712644  -0.0208668956388  -0.0106627082412  -0.00344078856198  -0.000100588152297  5.60614123561e-06  

0.0690962636266  0.0688468780168  0.0667445244111  0.0648908033055  0.0633222468027  0.0621885350664  0.0599810669523  0.0552902768451  0.0474416499965  0.0362169096724  0.0216386459161  0.00392703746298  7.57858790165e-06  

0.0989132153723  0.0975557506841  0.0860988033626  0.0751948045791  0.0625346217443  0.0501308921279  0.0380717740948  0.026719253157  0.0166085387509  0.00835986288993  0.00263126541806  7.17975214198e-05  -6.61572015108e-06  

0.656028319424  0.656028319424  0.656028319424  0.656028319424  0.656028319424  0.656028319424  0.656028319424  0.656028319424  0.656028319424  0.656028319424  0.656028319424  0.656028319424  0.656028319424  

-0.622925789553  -0.59529285938  -0.322583536047  -0.0342744082783  0.225825065764  0.328154856923  0.286207503752  0.154735594452  0.00715717100689  -0.0919462047409  -0.109007858556  -0.0293622433218  -0.000247120891812  

0.0  0.00656028319424  0.0628590180295  0.11796315984  0.183565991783  0.249168823725  0.314771655667  0.38037448761  0.445977319552  0.511580151495  0.577182983437  0.64278581538  0.656028319424  

