-5.91370755517e-19  0.480846829853  2.20775789327  3.88014074955  5.77987710154  7.91088537502  9.22836133375  10.4497032057  11.5474852477  13.1350465723  15.1732955864  17.6404772132  20.3056907965  23.0982087579  26.0126575589  29.1118328579  31.4369499768  33.9631141175  35.9874493263  38.3555695238  41.2330990251  44.8103104053  47.4167814858  48.4204436445  

8.77742354972e-19  -0.000383265176372  -0.00807376597427  -0.0249139530855  -0.0551839732238  -0.102936760038  -0.139102821147  -0.17506729612  -0.206149523697  -0.245640727092  -0.285202530278  -0.315541820853  -0.326444463  -0.313556801642  -0.274141977423  -0.205704665917  -0.142898068217  -0.0775319922138  -0.0344324778806  0.00256721476661  0.0268758409388  0.0263259856827  0.00815128393858  -0.00107054409158  

8.25640478499e-19  -0.00159607698225  -0.00732189394454  -0.0128510175318  -0.019086685253  -0.0258601898553  -0.0293424735021  -0.0297413923282  -0.0273360755137  -0.0226919574479  -0.0162951261688  -0.00839275906206  0.000174675475197  0.00907513654676  0.0180477979548  0.0260472524994  0.0278417431228  0.0239477150423  0.0189640978877  0.012521374838  0.00454585330258  -0.00457715030582  -0.00900698127348  -0.00952373338115  

0.0  0.0160071566325  0.0734486512535  0.129052236012  0.192425919429  0.264066533722  0.308982569829  0.351407126389  0.390480971802  0.448116517875  0.522685601526  0.611272684254  0.701704191424  0.788033734437  0.868599678919  0.947094773655  1.00569039105  1.07266990503  1.12756027084  1.19056761483  1.26460562994  1.3589581531  1.43668206504  1.4693671757  

0.0  -1.23109760973e-05  -0.000101429578183  0.000629252725841  0.00692640306911  0.0399772139005  0.0877530641066  0.157255607569  0.243112829435  0.406854794132  0.680920176987  1.09460989603  1.61668728891  2.21085295685  2.83731801237  3.4614502121  3.88374276195  4.31772665352  4.68153193772  5.17110881808  5.92403629896  7.20506119277  8.43926748902  8.98906568316  

5.36910969594e-19  3.96738021621e-06  0.000346004814049  0.00181016005944  0.00666327661519  0.0206230713255  0.0352182945018  0.0522664967878  0.0691376803039  0.0940446684323  0.12436766072  0.155174873692  0.177330026036  0.184228002939  0.170284765706  0.131166901162  0.0917067131669  0.056461473229  0.044129237599  0.0523334970699  0.0964214246679  0.200603481754  0.304860010401  0.34854281967  

1.65482618615e-18  6.15791323004e-06  0.000596956218396  0.00322216501368  0.0103121297045  0.0243830381987  0.036266009415  0.0494453665909  0.0632707438409  0.0868634035234  0.123893720725  0.179889498209  0.255476681794  0.352749571922  0.474767604352  0.627329064096  0.756629947015  0.91195861851  1.04781385705  1.21994491559  1.45022300665  1.77524710868  2.04547534907  2.15850475781  

0.0  0.000384373975151  0.00809652226406  0.0248560320697  0.0536631451196  0.0942755204397  0.122165651044  0.149710858222  0.176210563311  0.217747236401  0.276886675045  0.357481539799  0.455523456532  0.569695205647  0.699652753395  0.846932884446  0.961383570932  1.08893011715  1.19368136391  1.32006508468  1.48244805273  1.70589231735  1.89007412734  1.96691098037  

0.0  0.0160078005708  0.0734877633254  0.129121463978  0.19219076755  0.26256783471  0.305829765624  0.345861157208  0.382260092106  0.435882322748  0.50658107243  0.595210556111  0.69470853919  0.802476849188  0.917070825161  1.03797618608  1.12558244079  1.21723589416  1.28893403415  1.37282885486  1.47890182131  1.62507106779  1.74662704852  1.79752193116  

-0.0101014368973  -0.0101014457818  -0.0101022128962  -0.0101027323203  -0.0101021490258  -0.0101634370869  -0.0102675154598  -0.0104039856151  -0.0105502951695  -0.0107866423949  -0.0111152311347  -0.0115433364428  -0.012055473906  -0.0126711898661  -0.0134209990066  -0.0143402411745  -0.0150944966569  -0.0159498865347  -0.0166383018869  -0.0174160888558  -0.0182718468593  -0.0190861301593  -0.0193946520031  -0.0194231690992  

0.0731392513657  0.0731392596067  0.0731397752815  0.0731400662717  0.0731397282601  0.0731134017707  0.0730397879187  0.0729111267871  0.0727417530424  0.0724092681134  0.0718374856171  0.0709151812985  0.0695682508612  0.0676318024058  0.0648573311797  0.0608938577979  0.0572076290603  0.0525687001074  0.0484867872256  0.043498620649  0.0375299973759  0.0313227124756  0.0287890279547  0.0285449626274  

0.675213355157  0.64007793705  0.512204820583  0.388275533824  0.252195321294  0.113075812509  0.0374740670733  -0.0243668440082  -0.0733442853252  -0.132659499953  -0.188130198093  -0.224323623012  -0.227439698831  -0.195790626969  -0.134028193294  -0.050990853852  0.0123137537522  0.0728706488209  0.109774011624  0.134825504699  0.134749832022  0.0884906863551  0.0289332072132  0.00189221419151  

0.0612719886762  0.0612788864867  0.0613500585565  0.0613698636012  0.0613705444167  0.0614782801027  0.0615157264129  0.0614652765326  0.0613248788295  0.0609196527333  0.0599702959317  0.0580397464076  0.0548191915113  0.0500300453913  0.0434665329265  0.0350084219047  0.0280733815319  0.0205172901474  0.0148882459791  0.00923611349958  0.00415414396772  0.000769196441108  1.17250520872e-05  -3.74355335694e-05  

-0.0089993176428  -0.00899245188381  -0.00889750790508  -0.00886035642107  -0.00907776023318  -0.00941116184329  -0.00949848918902  -0.00948574234072  -0.00940821684551  -0.00919325420714  -0.00875104855854  -0.00798636297532  -0.00691051892524  -0.00556453285787  -0.00402727021738  -0.00241675812488  -0.00135082365326  -0.0004311125296  8.22210112341e-05  0.000416503733798  0.000478382168639  0.000220171754045  2.29579459033e-05  5.1902405511e-07  

-0.043967333486  -0.0396109091927  -0.0241116838584  -0.0078374244544  0.01299656308  0.0350788511557  0.0456345538937  0.0530974363951  0.058492629782  0.0648365366543  0.071203514629  0.0770119261335  0.0813088717722  0.0834203148716  0.0824453127823  0.0771470372237  0.0699321188731  0.0588773563377  0.0482942725343  0.0353177361809  0.0206981065193  0.0070781735739  0.0013737066644  0.000142161003277  

-0.115636860068  -0.115690310167  -0.11637507329  -0.116574405879  -0.11466431592  -0.109470933093  -0.105213480807  -0.101042477409  -0.0973199589415  -0.0922306898075  -0.086421369921  -0.0804326180917  -0.0748191570018  -0.0691825387471  -0.0627422208884  -0.0545322164341  -0.0472809612707  -0.0385154739099  -0.031146938786  -0.0225969663282  -0.0130115696677  -0.00377360030252  -0.000245967335246  8.32866084165e-05  

0.0384479769227  0.0391736644192  0.0416257582338  0.0446439144591  0.0501789450742  0.0586223998039  0.0638745564093  0.0682242788389  0.0716024317855  0.0755730651291  0.0792774167071  0.0822544365594  0.0843927584828  0.0860229122459  0.0871815982533  0.0872863170491  0.0859599419051  0.0824428275071  0.077659428954  0.0695167361204  0.0555712862229  0.0315825434521  0.00934237367552  -0.000271362340718  

0.309481120546  0.307632839253  0.30089939106  0.293976229383  0.284939016704  0.272228571761  0.262760792708  0.253031482978  0.243708585986  0.229665198807  0.211255026032  0.189144991852  0.166155439446  0.143528412391  0.121704170428  0.100375404306  0.0851490291643  0.0683658974255  0.0546285406347  0.0388719246148  0.0216307452192  0.00600962855443  0.000597524737362  0.000138336290724  

1.60078006127  1.60078006127  1.60078006127  1.60078006127  1.60078006127  1.60078006127  1.60078006127  1.60078006127  1.60078006127  1.60078006127  1.60078006127  1.60078006127  1.60078006127  1.60078006127  1.60078006127  1.60078006127  1.60078006127  1.60078006127  1.60078006127  1.60078006127  1.60078006127  1.60078006127  1.60078006127  1.60078006127  

-1.49613355843  -1.49205155407  -1.47249917552  -1.44142548144  -1.37312748612  -1.14843473878  -0.630547712159  0.438060759787  0.947279983051  1.18465299781  1.28355284198  1.3189664313  1.31172656581  1.25783997357  1.10660630222  0.618175067301  -0.161730512992  -0.7403573565  -0.922294315856  -0.997326286274  -0.974994411712  -0.747682726771  -0.289954041712  -0.0194816282487  

0.0  0.0160078006127  0.0734881711729  0.129133097994  0.192299077381  0.263019874485  0.306530690058  0.346629177722  0.382795248323  0.435325676077  0.502917786518  0.584806078504  0.673279589533  0.76593620625  0.862502888821  0.964798681205  1.04112929173  1.12416280301  1.19091822373  1.26912702609  1.36418639684  1.48218636835  1.56786332947  1.60078006127  

