-7.89298045587e-23  0.323825726946  0.946463987785  1.54444202  2.11065382431  2.68399949168  3.2761163184  3.87790401114  4.48492361804  5.09762066902  5.72104185375  6.36165782463  6.80071216496  7.17204240396  7.54544872963  7.92394327997  8.28918990116  8.67770536441  9.19107858979  9.8854518736  10.6076530844  11.3615007214  12.1501569739  12.9775522528  13.8482478577  14.7679454304  15.744514224  16.7900171603  17.8800771021  18.9285288048  19.9401384551  20.919037988  21.8615536728  22.7588706131  23.582101465  24.375046648  25.1340436957  25.9128280131  26.7224044162  27.5614425887  28.4236963271  29.301627878  30.1901558753  31.0924771595  32.0330234341  32.6315788136  

-8.09762834879e-23  -0.000173809804765  -0.00148429466342  -0.00395094323458  -0.00737602239002  -0.011922080104  -0.0177524046621  -0.0248554636766  -0.0332154243253  -0.0428581238153  -0.0538876535022  -0.0664476474531  -0.0757099610094  -0.0838815983063  -0.0922946327971  -0.100854453095  -0.108980145369  -0.117346074067  -0.127830675608  -0.140834721444  -0.152824430829  -0.16361213987  -0.172977219615  -0.180672084098  -0.186403673042  -0.189819768935  -0.190485949189  -0.187838584771  -0.181423926514  -0.171819545593  -0.159511466077  -0.145029185057  -0.129169957091  -0.113034796803  -0.098080562636  -0.084119045872  -0.0715204067743  -0.0595915205127  -0.0483928126567  -0.0381378695054  -0.0290207130705  -0.0211305908472  -0.0144017222301  -0.00858865950453  -0.00323555960734  -7.02072886309e-07  

-1.63275742463e-22  -0.00107480858897  -0.00314023595729  -0.0051220274921  -0.0069963208605  -0.00889121093232  -0.0108436113668  -0.0128208507363  -0.0148037922633  -0.0167850012489  -0.0187602120109  -0.0206910552581  -0.0218708100535  -0.0226487972879  -0.023026344508  -0.0228413973434  -0.0222230680571  -0.0213021847027  -0.0198869688685  -0.0178134167502  -0.0155708073555  -0.0131860426255  -0.0106667284056  -0.00801019750865  -0.00520889229276  -0.00225134890095  0.000878623878337  0.00420403207084  0.00761780229769  0.0108027038553  0.0136923415596  0.0161353420115  0.0178406008924  0.018525952059  0.0182720342777  0.01741069148  0.0162270241814  0.0148048604182  0.0132189475488  0.0115518363882  0.00989760890901  0.00836241257728  0.00705945094677  0.00609579403796  0.00555576669599  0.00546409400105  

0.0  0.0107801098522  0.0315018029909  0.0513918016543  0.0702147282614  0.089267731012  0.108943899895  0.128950016247  0.149147740867  0.169557658366  0.19034781851  0.211725779543  0.226374545441  0.238752654704  0.251190747915  0.263816150977  0.27604471885  0.289101981319  0.306411763154  0.329880469751  0.354306886448  0.379769870875  0.406314479472  0.433993008212  0.462854325179  0.492954971113  0.524385808895  0.557326299917  0.590798987202  0.62210214383  0.651471703238  0.679160069354  0.705253885273  0.729771337685  0.752182773572  0.773821175497  0.794624679938  0.816065000384  0.838436024752  0.861684634685  0.885618292465  0.910008262041  0.934692449549  0.959730564512  0.985750025346  1.00223515298  

0.0  -5.69631443538e-06  -4.28913906602e-05  -8.83298619054e-05  -0.000104292684142  -4.7604430825e-05  0.000155378200827  0.000625616806564  0.00156970986401  0.00333854900076  0.006501924957  0.0119169284561  0.017337554237  0.0232492603282  0.0305941800871  0.039640189446  0.0500451856631  0.0630356651573  0.0833713430139  0.116794200892  0.158883456373  0.210756812182  0.273517518682  0.34833846437  0.4364583303  0.539226192961  0.6582163798  0.795495025237  0.947788800377  1.10131004989  1.25430671961  1.40546174841  1.5528398885  1.69447466204  1.82590128484  1.95452971901  2.0803034701  2.21294750952  2.35574197156  2.51021478409  2.67713673332  2.85691239917  3.05015215586  3.25904406938  3.49113907301  3.64666159936  

-5.57381491085e-23  1.22384600366e-06  2.93538321648e-05  0.000122851565554  0.000303650805518  0.000608411533146  0.00108889066534  0.00180392134781  0.00283756951921  0.00431197100447  0.0063979270068  0.00930880744023  0.0118160068876  0.0142751935534  0.0170478905398  0.0201307639856  0.0233235675275  0.0269106861596  0.0318885430316  0.0389320382101  0.0464810435039  0.0544318430868  0.0626505863478  0.070981620134  0.0792374308322  0.0871909967292  0.094564955648  0.10101258991  0.105919056925  0.108717937032  0.109547137643  0.10864161048  0.106425320869  0.103582574239  0.100939680702  0.0988786677253  0.0977053005165  0.0975621128946  0.0987283667007  0.101465219939  0.105941557488  0.112189714543  0.120103273071  0.129505340813  0.140348101794  0.147565298307  

-2.16733210679e-23  1.88028723395e-06  4.69820795134e-05  0.000204252507526  0.000521394942476  0.00107160292697  0.00194537292707  0.00321437518323  0.00493992004583  0.0071795035431  0.00999951325682  0.0134753219016  0.0161917657762  0.0186958225558  0.0214017267317  0.0243411367508  0.0273729042978  0.0308113718669  0.0356926870741  0.0429098715734  0.0511793843324  0.0606663644833  0.0715621856619  0.0841061765599  0.0985926768197  0.115391161382  0.134984945892  0.1580492234  0.184479291734  0.212263810662  0.241313697946  0.271542929145  0.302632204194  0.33407943928  0.364585594033  0.395523239562  0.426591633286  0.459964019063  0.49627292055  0.535659422038  0.578022173475  0.623153326423  0.670928310592  0.721670954012  0.777044547944  0.813655482775  

-4.42615340616e-23  0.000174322614748  0.0014889432356  0.00396378317148  0.00739938530886  0.0119536258606  0.0177747928431  0.0248169886817  0.0330031440137  0.0422665791846  0.0525886447204  0.0639775848683  0.072157595638  0.0792730125003  0.0865912120359  0.0941808199465  0.101681936615  0.109853330553  0.120947329666  0.136483951655  0.153303358186  0.17160656137  0.191607490884  0.213564471057  0.23777885132  0.264613320206  0.29453150588  0.328180240807  0.36501417294  0.402075562725  0.439282218751  0.476557193533  0.513553542553  0.549756479355  0.583830733637  0.617442365795  0.650332252965  0.684791613974  0.721363678842  0.760067782024  0.800698094018  0.842976787795  0.88673320678  0.932213341437  0.98080749807  1.01239797334  

0.0  0.0107803120553  0.0315062734479  0.0514085071391  0.0702501841255  0.0893247542635  0.109016831098  0.129019394057  0.149178335988  0.169498816391  0.190133718606  0.211273611596  0.225707741739  0.237869254086  0.250057354939  0.262400376801  0.27433600363  0.287069229976  0.303948311493  0.326868046582  0.350820261935  0.375961792398  0.402437196676  0.430423364309  0.46012377724  0.491785033659  0.525731635568  0.562436086491  0.601069646894  0.638526161944  0.674872422822  0.71015478365  0.744157546745  0.776536268572  0.806276050893  0.834983592539  0.862534479664  0.890890354042  0.920480208307  0.951298363027  0.9831707561  1.01588233894  1.04931162116  1.08365294903  1.11993614995  1.1433129143  

-0.0218079079849  -0.0218079182588  -0.0218081821669  -0.0218091493469  -0.0218111419127  -0.021814599546  -0.0218200535763  -0.0218280603534  -0.0218395951904  -0.0218564687404  -0.0218816221506  -0.02191904624  -0.0219530129488  -0.0219876341631  -0.0220282031103  -0.0220755031478  -0.0221273246349  -0.0221892992897  -0.0222822385854  -0.0224285783109  -0.0226075012103  -0.0228262864271  -0.0230948166748  -0.0234266297353  -0.0238397529581  -0.0243580713075  -0.0250136735889  -0.0258513638547  -0.0268916363343  -0.0280683662209  -0.0293793935738  -0.0308202921101  -0.032372665006  -0.0340052514226  -0.0356405982886  -0.0373443273047  -0.0390955033264  -0.0410157123008  -0.043144235197  -0.0454911500712  -0.0480488937581  -0.0507985955725  -0.0537206726287  -0.0568164317617  -0.0601588997119  -0.0623338983961  

0.208312633423  0.208312643196  0.208312868402  0.20831358483  0.208314835936  0.20831661686  0.208318792939  0.208321033703  0.208322869547  0.208323504231  0.208321367115  0.208313526337  0.208302883484  0.208289311974  0.208270469605  0.208245051069  0.208213479691  0.208171214568  0.208099730714  0.207970118654  0.20778741214  0.207533175324  0.207181636423  0.206696125738  0.206024684871  0.205093485469  0.203796214025  0.201974917993  0.199496892805  0.196446897586  0.192780639758  0.188462802125  0.18350724738  0.177986418171  0.172164274233  0.16581122371  0.158996793205  0.151215036071  0.142234823497  0.131928559962  0.120242686893  0.107182613723  0.0927695579098  0.0769279597495  0.0591900112103  0.0473039709594  

1.44094354792  1.37387632391  1.24439430279  1.11992353603  1.00252185694  0.88464337709  0.764557861784  0.644885096835  0.527305754929  0.412577249575  0.30072642761  0.191801704237  0.121133403951  0.0641354699459  0.00949389760519  -0.0431799074186  -0.091453563401  -0.139956501638  -0.199314463749  -0.270607871289  -0.333383306955  -0.386277392581  -0.42774741725  -0.456204543924  -0.470021670498  -0.467596148015  -0.447412442836  -0.408068200873  -0.350849354826  -0.284012673088  -0.212436651988  -0.140279635381  -0.071511976967  -0.00953720030812  0.042175750833  0.0855928353703  0.119867369233  0.146414791682  0.163740035655  0.169949013944  0.163704417231  0.144800543561  0.114389619978  0.0747719143485  0.0287872429311  3.03716747434e-06  

0.23519176175  0.235204553236  0.235287088264  0.235411681527  0.235546167351  0.235679669112  0.235800239481  0.235895064373  0.235955790726  0.235973152621  0.235928821771  0.235787640222  0.23561320182  0.235403292064  0.235124538267  0.234762302169  0.234326001979  0.233757149895  0.23282162652  0.231185715636  0.228983839101  0.226091648909  0.222371259387  0.217664474226  0.211789996174  0.204537178498  0.195653613897  0.184818459989  0.17213279847  0.158707966167  0.144769392312  0.130541192546  0.116351021967  0.102581903565  0.089885830286  0.0777538319839  0.0663853401926  0.0551352705954  0.0440707470741  0.0334872734514  0.0237693138847  0.0153087263733  0.00844378067163  0.0034354604169  0.00053096988298  1.08235036745e-07  

-0.041407482114  -0.041395291395  -0.0413080372416  -0.0411552977049  -0.0409594642733  -0.0407205133006  -0.0404386482458  -0.0401177234337  -0.0397509917728  -0.0393171728894  -0.0387800481834  -0.0380934638765  -0.0375297058492  -0.0369893182532  -0.0363856729672  -0.0357101900106  -0.0349952111706  -0.0341655040923  -0.0329606497923  -0.0311405945361  -0.0290287389892  -0.0266065641972  -0.0238603407712  -0.0207777060236  -0.0173495129618  -0.0135706584219  -0.00944034955763  -0.00496111422158  -0.000324042376244  0.00400259232335  0.00795379089674  0.0114745720388  0.0144981280736  0.0169708750281  0.0188348798985  0.0202143418723  0.0211077482132  0.021546623978  0.0214449798427  0.0206931754317  0.0191886599253  0.0168505470995  0.0136165107584  0.0094054351289  0.00399445855089  -8.40357873228e-08  

-0.0921316418156  -0.0782209139351  -0.0518431979325  -0.0268478161161  -0.00334250297031  0.020441033125  0.0451138324397  0.0703804903579  0.0960294279823  0.121900988842  0.147862259539  0.173677895442  0.190602332927  0.204310808237  0.217502594866  0.230312667809  0.242200494957  0.254353449951  0.269610428453  0.288725406638  0.306676815763  0.323260917435  0.33821566967  0.351233950966  0.361933549552  0.369834465082  0.374325895357  0.374604088762  0.369841649576  0.360381616603  0.3467706238  0.329520351883  0.309269213673  0.286819223896  0.26366382629  0.239293259152  0.214409412764  0.187740878531  0.159363335649  0.129946463087  0.100534238104  0.0723755776035  0.0467380453944  0.0247543836278  0.00743595898309  5.48964600978e-07  

-0.183540355805  -0.183663331901  -0.184630938575  -0.186529884113  -0.189235090186  -0.192846482686  -0.197385635342  -0.20261606056  -0.208175072  -0.21363599581  -0.218571523285  -0.222579813141  -0.224563102564  -0.225721469543  -0.226406938492  -0.22662712484  -0.226407788857  -0.225734846692  -0.224198731051  -0.221050530522  -0.216584274412  -0.21070364581  -0.203231518826  -0.193877523524  -0.182210495085  -0.167615524433  -0.149221747832  -0.125765775066  -0.0966124039742  -0.0635110050065  -0.0264126308358  0.0146652869104  0.0592957544799  0.106653445669  0.15451460338  0.204813321016  0.256964287476  0.314668452272  0.379271540296  0.451305057181  0.530821427566  0.617581398063  0.711389493633  0.812829920261  0.925124715584  1.00000133294  

-0.0887762514616  -0.0828631041242  -0.0715545633048  -0.0606310181594  -0.0500900650213  -0.0391000497  -0.027322330167  -0.0148606058958  -0.00181145544407  0.0117490085901  0.0257865041843  0.0402655405825  0.0501219959563  0.0583714645067  0.0665689828419  0.0747868812743  0.0826471184619  0.0909373258257  0.101779730013  0.116258731397  0.131140386929  0.146552722191  0.162617898883  0.179467112312  0.197220246557  0.215972290725  0.235778019005  0.25663235818  0.277599609678  0.296507222648  0.312994123498  0.32668212663  0.3371276476  0.343986661775  0.347110962862  0.346759739805  0.342864939566  0.334747481211  0.321303339348  0.301294563321  0.273476789008  0.236663318385  0.18963112846  0.130617497141  0.0556190091624  -5.1351096024e-07  

0.563551808318  0.56634158443  0.571224513605  0.575265923014  0.578445985419  0.580958713999  0.582729838821  0.583585822309  0.583394501897  0.582039471485  0.579385220289  0.575260850668  0.571607022032  0.568003640893  0.563931900315  0.559382577058  0.554627636417  0.549216709094  0.541567464246  0.530420078898  0.517968244656  0.50415557353  0.488921825524  0.472177540627  0.453802684694  0.433630984377  0.411419318414  0.386787924405  0.360208617586  0.333805257763  0.307568278859  0.281473336015  0.255661911863  0.230375547846  0.206488777944  0.182895427158  0.159940471561  0.13628897618  0.111994567332  0.0876590861381  0.0642079614281  0.042744280545  0.0244088515248  0.0103026187913  0.0016573919881  -2.50395713669e-07  

1.07803120592  1.07803120592  1.07803120592  1.07803120592  1.07803120592  1.07803120592  1.07803120592  1.07803120592  1.07803120592  1.07803120592  1.07803120592  1.07803120592  1.07803120592  1.07803120592  1.07803120592  1.07803120592  1.07803120592  1.07803120592  1.07803120592  1.07803120592  1.07803120592  1.07803120592  1.07803120592  1.07803120592  1.07803120592  1.07803120592  1.07803120592  1.07803120592  1.07803120592  1.07803120592  1.07803120592  1.07803120592  1.07803120592  1.07803120592  1.07803120592  1.07803120592  1.07803120592  1.07803120592  1.07803120592  1.07803120592  1.07803120592  1.07803120592  1.07803120592  1.07803120592  1.07803120592  1.07803120592  

-1.49526795427  -1.49159596268  -1.48339387908  -1.47373337553  -1.46244101141  -1.44811945843  -1.42905601743  -1.40314499363  -1.36659607072  -1.31186525811  -1.2218695393  -1.05167278341  -0.834593667302  -0.528107500927  -0.0859851209207  0.372898981034  0.690758469368  0.900509416537  1.06109097402  1.17792869229  1.24389914527  1.28350530028  1.30712310271  1.31946946893  1.32242977188  1.31599691517  1.29821694062  1.26404156114  1.20482448222  1.11184823872  0.965807349951  0.738480470598  0.416017844711  0.0560337961301  -0.232396356729  -0.429815765297  -0.550070955084  -0.620023770746  -0.649258808233  -0.641689989025  -0.598138584958  -0.518141467664  -0.402605756737  -0.25736799845  -0.0954134234217  -9.7448226702e-06  

0.0  0.0107803120592  0.0315062759477  0.0514085548523  0.0702504959837  0.0893260685305  0.109021127531  0.12903095863  0.149205084157  0.169553682044  0.190235842224  0.211448457932  0.225947233787  0.23817182065  0.250429316063  0.262846291162  0.274853667711  0.287659470316  0.304620261581  0.327605343067  0.351542751254  0.376548333844  0.402720586434  0.430185453006  0.459090524025  0.489621057701  0.522033094736  0.556719034901  0.592857647372  0.627577640689  0.661020872641  0.693304503171  0.724297570731  0.753738596369  0.780737807276  0.806764880511  0.831702775025  0.857310520341  0.883942455566  0.911545841836  0.939905392413  0.96876386055  0.997947404702  1.02755921083  1.05840567446  1.07803120592  

