-2.13598560409e-18  0.793849959198  2.95848343919  5.01793046999  7.0589761678  8.65561686856  10.2803903348  11.8375723809  13.4691919171  15.1723040386  16.9839443213  17.966559718  18.8454639015  19.7257195891  21.3116835217  23.2506862866  25.3520433068  27.5413746968  29.8091595719  32.1256262598  34.3222448608  36.3495101909  38.1943397481  40.0562406939  41.9142296611  43.829335168  45.8735675901  48.0383452979  50.2887732893  52.7132102428  55.3432547187  58.5697452699  60.693475942  62.7126877544  64.5292450228  66.1973186998  67.7589098967  69.2394206989  70.6569316984  72.0264076362  73.3615327353  74.6760218332  75.9852960449  77.3096478877  78.6824150242  79.723180227  

-2.93862609552e-19  -0.00105005582545  -0.0145838493612  -0.0419554698925  -0.083029631471  -0.124840475502  -0.176111153073  -0.233503986558  -0.302297888896  -0.383516166767  -0.480224849543  -0.536432455425  -0.586981371007  -0.635980070647  -0.718403501148  -0.808274987792  -0.89191402402  -0.963834352221  -1.02214466933  -1.06529860101  -1.09252580481  -1.10934007146  -1.12197984409  -1.13502522655  -1.1487937193  -1.16207113838  -1.17166133157  -1.1726561673  -1.16087712733  -1.13192374013  -1.08044800791  -0.987726434076  -0.90834678114  -0.819080725976  -0.727188521258  -0.633107357388  -0.536599681466  -0.437563522838  -0.335858454647  -0.231199541825  -0.123106318726  -0.0108361718935  0.106757669096  0.231561468211  0.36713371774  0.474107962363  

1.46026645578e-18  -0.00264578812235  -0.00986018309502  -0.0167241503047  -0.0235270362467  -0.0288488177838  -0.0342641733577  -0.0394532499162  -0.0448867135129  -0.05054282967  -0.0564305076845  -0.0587081179419  -0.057293766899  -0.0546795485591  -0.0496266108843  -0.0433366185001  -0.0365075032516  -0.0294402183357  -0.0222670701714  -0.0153674747204  -0.00999331861974  -0.00728704132682  -0.00689670597207  -0.00738851078918  -0.00752751909297  -0.0062663854762  -0.00293747367105  0.00220639946347  0.00845456568376  0.0156576606637  0.0237613006692  0.0340258654695  0.040951793449  0.0476125191212  0.0536376168447  0.0591846852751  0.0643850903382  0.0693199437632  0.0740478286532  0.0786177248281  0.0830746934083  0.0874640332922  0.0918366989303  0.0962595665259  0.100841731707  0.104310090831  

2.5681960457e-20  0.0264557002401  0.0985105072082  0.167075680277  0.235575695377  0.29010818391  0.347327232103  0.405110276414  0.470587260404  0.546615724467  0.638918415871  0.694626325605  0.747446208609  0.802427320237  0.904335419784  1.03027439645  1.16362602116  1.29430470857  1.41689685644  1.52661944415  1.61696794216  1.69236354677  1.75898303591  1.82720885373  1.89676210371  1.96860329151  2.04248431146  2.11416753959  2.17980424932  2.24192461059  2.30569647809  2.39514359903  2.47155562964  2.56342396336  2.66443329254  2.77257615787  2.88587238898  3.00205464753  3.11901446813  3.23503179302  3.34882941702  3.45956265972  3.56681354375  3.67065715207  3.77197561022  3.84378805374  

-2.35282035696e-18  -3.1655370642e-05  1.89273341428e-06  0.00201110057496  0.0123386052809  0.0385150739972  0.0971577633559  0.194919222357  0.348570310389  0.571094921057  0.884689591196  1.08984921523  1.29526744519  1.52236174954  1.97799278108  2.60164850637  3.3378078003  4.14381961199  4.98941230617  5.83201814008  6.58631084496  7.23487196069  7.79381367402  8.34641332902  8.90713313891  9.51148128196  10.1908069695  10.9324737867  11.6909828118  12.443915471  13.1351186633  13.7709998528  14.0771580429  14.3185252146  14.5274155495  14.7410926724  14.9823244479  15.2638249759  15.5921129828  15.9700492736  16.3986397588  16.8784565917  17.4110382914  18.0009292041  18.6603741104  19.1880730788  

-5.54710038969e-19  1.76072890814e-05  0.000796546568626  0.00364126918524  0.0108241965541  0.0222726845868  0.0411366004699  0.0662563681729  0.0993852552076  0.14087575407  0.192613406632  0.223733147902  0.252303047685  0.280333658591  0.327735669096  0.378698187741  0.423486047212  0.456808914021  0.475304951943  0.476357634123  0.461774899122  0.439700803646  0.419580590688  0.405176613756  0.398767941815  0.397927688769  0.395948864424  0.382419858915  0.347062072067  0.278832322776  0.167879003196  -0.0139916717463  -0.152422725771  -0.289100440191  -0.409496102884  -0.512892467458  -0.600129280296  -0.672266145933  -0.730648943141  -0.776805087618  -0.81229557952  -0.838606328864  -0.857082233962  -0.868884775696  -0.87494000902  -0.876065248478  

4.42629616699e-19  2.7819528049e-05  0.0014415178858  0.00691441923327  0.0180111246149  0.0300123521156  0.0438929194024  0.0582992255449  0.0749502030283  0.0948654415709  0.119822712802  0.135207372753  0.150228074396  0.166672812157  0.199868646322  0.246912635025  0.306188788293  0.37721202065  0.460526506555  0.555242001139  0.653112508738  0.749606175331  0.842245572492  0.940317437585  1.04291344572  1.15417028262  1.2800542763  1.42219998689  1.57956346358  1.7586953095  1.96131289673  2.21605769948  2.38471098285  2.5449151654  2.68928842036  2.82307401973  2.95067867005  3.07517456836  3.1989827786  3.32421551072  3.45287186097  3.58702900391  3.7291213307  3.88247738378  4.05268488815  4.18994405276  

8.09844180281e-19  0.00105007445095  0.0145599160386  0.0412485693743  0.0773324191986  0.10745214125  0.137007089618  0.164782558115  0.195169791551  0.22999351551  0.271579011959  0.29616754093  0.319487083231  0.344308108119  0.392443607014  0.456975977207  0.533556951735  0.620061290937  0.715957937576  0.819229298876  0.920691505531  1.01634130537  1.10477404578  1.19555701604  1.28823420096  1.38677655882  1.49607683981  1.6161972734  1.74387006373  1.88058988892  2.02169067743  2.17430896032  2.25758214035  2.32225037868  2.36835284265  2.40149815218  2.42583365389  2.44432528207  2.45922032296  2.47226399381  2.48483674056  2.49807066191  2.5129668507  2.53054632368  2.5521391933  2.57116863077  

7.08761118181e-19  0.0264585525437  0.0986025846335  0.167196477113  0.234925066643  0.287475875375  0.340472281085  0.391064523069  0.444417903074  0.501187882849  0.563538117733  0.598304442923  0.630168826774  0.663168767136  0.725226657906  0.80577708231  0.899085380511  1.00292487337  1.11713098842  1.23962703112  1.35956964959  1.47206020172  1.57533832145  1.68045695716  1.78661602597  1.89796517119  2.0193851683  2.15009889558  2.2856058551  2.42588268299  2.56269449437  2.69274304003  2.74669292577  2.77010197524  2.76657352469  2.74318195319  2.70512181057  2.65638238715  2.60009697334  2.53866785602  2.47386237221  2.40689506482  2.33847184362  2.26874747975  2.19703903896  2.14362644203  

-0.0180190700649  -0.0180196037436  -0.0180483110979  -0.0181426737898  -0.0182835539642  -0.0184439267828  -0.0187387795573  -0.0192214376216  -0.0199688869154  -0.0210025498602  -0.0223254113052  -0.0230895392317  -0.0237717928778  -0.0244511084231  -0.0256497750458  -0.0270473822382  -0.0284478865253  -0.0297641005107  -0.0309915780956  -0.0321665263409  -0.03328764152  -0.0343612928484  -0.0353178236687  -0.0361402216842  -0.0366792085385  -0.0368309524981  -0.036496822399  -0.0356423109548  -0.0343816997745  -0.0329078167343  -0.0316543674839  -0.0314942586187  -0.0327808743697  -0.0354616316265  -0.039441649401  -0.044748149201  -0.0514929457225  -0.0598218570827  -0.0699058938956  -0.0819414450928  -0.0961546420252  -0.112814103824  -0.132261885616  -0.154989151509  -0.181850935766  -0.204410344004  

0.972647738506  0.972648226547  0.972667671014  0.972706506293  0.972724787495  0.972703940711  0.972598819115  0.972323089889  0.971737252856  0.970702362016  0.969083253168  0.968017171878  0.966988132011  0.965891783669  0.963782072509  0.961033406746  0.957950196177  0.954725447503  0.951400105633  0.947900723237  0.944261248874  0.94050551148  0.93693897115  0.933692675315  0.931449202764  0.930790190313  0.932348971456  0.936536394577  0.943049967871  0.951098157207  0.958349375337  0.959263433268  0.950706558665  0.932014531045  0.90298080303  0.862612144715  0.809230858113  0.740766902424  0.65477782862  0.548397086724  0.418233947489  0.260171636246  0.0689385824756  -0.162884788555  -0.447609570821  -0.695229601437  

13.031013002  12.2585398852  10.1397748554  8.15910405759  6.29036974731  4.93446217784  3.68453356502  2.63332273235  1.70046116569  0.914481458934  0.280807378342  0.0187475917946  -0.172327756555  -0.327282606972  -0.5218311534  -0.634436067155  -0.637741360026  -0.55262294029  -0.412723883951  -0.255842297501  -0.124385249974  -0.0363299601734  0.00773818236731  0.0150585963744  -0.0120312561663  -0.0681752146865  -0.146723840732  -0.233520723801  -0.311148124786  -0.37501056805  -0.448373675972  -0.668247678109  -1.00941479877  -1.58157437667  -2.37552426634  -3.38522721991  -4.59527895637  -5.97264083177  -7.46437631166  -8.99443215695  -10.4576525925  -11.7097817185  -12.5502515956  -12.688755233  -11.6654184384  -9.78236552601  

1.12628555448  1.12663220711  1.12945399863  1.13177717373  1.13239195584  1.13216837507  1.13152407058  1.13001317593  1.12671836532  1.1209748704  1.11277249108  1.10800691897  1.10388303739  1.09987502224  1.09280079326  1.08407888293  1.07421152044  1.06319061463  1.05058365926  1.03584174246  1.01954649678  1.0025280226  0.986334068772  0.971054409769  0.958756159446  0.950516566111  0.946788186705  0.946610515634  0.946360605208  0.939549762696  0.915987230575  0.852798729108  0.787407680746  0.709123760714  0.629169736571  0.552968860805  0.484970501802  0.429452336419  0.390351227769  0.371153548121  0.374826474725  0.403713361764  0.459352913207  0.542193640884  0.651190124155  0.74283684143  

-0.118918037142  -0.118562400387  -0.114758476649  -0.109514428352  -0.105418180205  -0.103435524894  -0.101605623355  -0.0990400161598  -0.0949844639599  -0.0894282153718  -0.0829087717887  -0.0795891816944  -0.0769367452362  -0.0745298439377  -0.070627635463  -0.0663011928201  -0.0618908853453  -0.0574099553579  -0.0527008083402  -0.0476093272482  -0.0423876400838  -0.037308181492  -0.0327721313171  -0.0287129445704  -0.0255510405444  -0.0233718600158  -0.0220480583578  -0.0211030239291  -0.0195455809572  -0.0158468048226  -0.0080405074345  0.00806106699676  0.0222415592859  0.0372789376489  0.0507406638112  0.0615334217493  0.0686925330563  0.0712179715664  0.0680891595738  0.0582564908417  0.0406146764763  0.0139591334538  -0.0230977061979  -0.0723232000813  -0.136435027677  -0.193848766573  

-0.396695574083  -0.304938980711  -0.0777445134216  0.110689525882  0.274142407537  0.38185354181  0.465689208856  0.516323826666  0.535579984667  0.518267570559  0.459369023478  0.412058928565  0.365674635514  0.320376848388  0.245657853143  0.168854090958  0.105337744237  0.0615454096825  0.0395937686812  0.0392956476623  0.0545618043085  0.0736364282702  0.0864571521014  0.0902810472578  0.0857549351543  0.0777026779074  0.0740339229968  0.0842633109978  0.114522675093  0.167693454059  0.239788985721  0.322936626902  0.356031064046  0.358971576301  0.331585401135  0.279936756188  0.211566032999  0.135965510062  0.0648709125371  0.0125257777395  -0.00382577170737  0.0369309116952  0.161358410303  0.404724178269  0.819366763684  1.26747851666  

0.040301191807  0.0382248148297  0.0130497084301  -0.0279356201835  -0.0649742080936  -0.0786442241036  -0.0758599873108  -0.0621419344984  -0.0433739425364  -0.0247161736261  -0.00858996183527  -0.00149298477836  0.0040371149197  0.00884996266752  0.0156966481036  0.0212857313262  0.0244970352454  0.0250887598511  0.0229048628777  0.0180500678992  0.011798562108  0.00566872098861  0.000488357815207  -0.00431041382511  -0.00936000212544  -0.0161862622391  -0.0272688263819  -0.0457763241535  -0.0750029969299  -0.119984156071  -0.184754697256  -0.280796843537  -0.345970370737  -0.400486658151  -0.434686676675  -0.444816094855  -0.426655880776  -0.375166358482  -0.284665912717  -0.148828588159  0.0394386488929  0.288283250736  0.607566134928  1.01048265568  1.51822478193  1.96516837508  

-0.013856656262  -0.0175838571238  -0.027050213136  -0.0244204845048  -0.00860992792407  0.00648300650074  0.0187506888618  0.0264906730562  0.0320527711071  0.0375706390164  0.0448377127088  0.0493174687282  0.0533474683545  0.0572392233995  0.0632738049266  0.0677870949633  0.0681131851846  0.0634679065042  0.0546744341147  0.0438839901006  0.0342481190053  0.0270645157247  0.021929888545  0.0174599858074  0.0130883949657  0.00849583001147  0.00412943929866  0.00198310477073  0.00591777017171  0.0228678431042  0.0647498956745  0.164370432629  0.267016116354  0.396240530507  0.540391023964  0.695655236646  0.85861628491  1.02453819276  1.18720388038  1.33866746776  1.46879412897  1.56454009209  1.60873585379  1.57766967366  1.4350828915  1.23115841873  

0.717444358854  0.719038187268  0.726240231611  0.731073192554  0.726426804447  0.712715999563  0.688692620757  0.65676610556  0.615576969366  0.566628513195  0.511669330584  0.482570528127  0.458456597885  0.436816075808  0.40397430334  0.372676633335  0.346965107241  0.326612062501  0.310359052887  0.297385568458  0.28768731094  0.28052506264  0.275076542842  0.270311321571  0.266299087788  0.263179548206  0.261205404862  0.260553216548  0.261016078105  0.262002808261  0.261771736177  0.253117639563  0.235185261084  0.201066353332  0.148465678664  0.0747129793785  -0.0225223229018  -0.14449374854  -0.291030431437  -0.460179185543  -0.647671843605  -0.846102538592  -1.0435891562  -1.22133803515  -1.34825760523  -1.37695684063  

2.64585533899  2.64585533899  2.64585533899  2.64585533899  2.64585533899  2.64585533899  2.64585533899  2.64585533899  2.64585533899  2.64585533899  2.64585533899  2.64585533899  2.64585533899  2.64585533899  2.64585533899  2.64585533899  2.64585533899  2.64585533899  2.64585533899  2.64585533899  2.64585533899  2.64585533899  2.64585533899  2.64585533899  2.64585533899  2.64585533899  2.64585533899  2.64585533899  2.64585533899  2.64585533899  2.64585533899  2.64585533899  2.64585533899  2.64585533899  2.64585533899  2.64585533899  2.64585533899  2.64585533899  2.64585533899  2.64585533899  2.64585533899  2.64585533899  2.64585533899  2.64585533899  2.64585533899  2.64585533899  

-1.56388251934  -1.56344664264  -1.56189680246  -1.55967872971  -1.55626437744  -1.55210960954  -1.54537283457  -1.53431597083  -1.5121475715  -1.45646401555  -1.19242814669  -0.160985073712  0.966998877959  1.2132998431  1.32980561789  1.36077875146  1.35135180731  1.30773848751  1.21162969033  1.00958396113  0.641793912208  0.208388808392  -0.0437922514428  -0.0831421698771  0.0655087251665  0.354561181129  0.677197227931  0.918931621344  1.066037825  1.15733003787  1.2314594775  1.33937027695  1.4098255873  1.45915384635  1.48796952702  1.50479904145  1.51482674785  1.52075822566  1.5240041611  1.52527658728  1.52485533551  1.52266265164  1.51815209181  1.50979866489  1.49300914552  1.46669502044  

0.0  0.0264585533899  0.0986048616723  0.167247932918  0.235282305937  0.288507372054  0.342673867425  0.394588929473  0.448982776436  0.505740597875  0.566011292919  0.598467349974  0.627420958034  0.656595438216  0.709285461348  0.773753305774  0.843609305838  0.916340735119  0.991581890374  1.06825856752  1.1406860072  1.20725980004  1.26775216002  1.32880294986  1.38972352338  1.45254006713  1.5197150945  1.59105474762  1.66540071349  1.74563334277  1.83278502292  1.93987431813  2.01048704203  2.0777097126  2.1382424053  2.19386507287  2.2459649893  2.29538235469  2.3427162867  2.38846366807  2.43307971363  2.47702138621  2.52080313549  2.56510238277  2.61103188654  2.64585533899  

