5.6261681424e-21  0.239969534165  0.774160836003  1.29743638282  1.80904592915  2.36207752496  2.94218518495  3.54264037135  4.15866924132  4.7452246205  5.24418397327  5.75223987749  6.33038164218  6.97492403103  7.696235991  8.44303590704  9.21630239398  10.0243037542  10.8820562537  11.8139909235  12.8248214615  13.8517445871  14.8866219635  15.9276225604  16.9189317342  17.9085118063  18.7683745483  19.5942882694  20.4180898036  21.2501719998  22.0971276462  22.968106754  23.8826459752  24.2105262375  

9.48299763441e-21  -9.28131362613e-05  -0.000963462576412  -0.0026979381917  -0.00522649068771  -0.00886797172672  -0.0136698908142  -0.0196400869521  -0.0267085017346  -0.0341369068738  -0.0407727114528  -0.0475779949816  -0.0550822985175  -0.0628390097873  -0.0704895542857  -0.0770848493398  -0.0823863442703  -0.0862091220027  -0.0883291472448  -0.0883959201803  -0.0859342108246  -0.080945906102  -0.0737587557597  -0.0649170230427  -0.0556617515509  -0.0462530225518  -0.0383352732438  -0.0311715563969  -0.0245585892141  -0.0184395092262  -0.0127387516702  -0.00731311641987  -0.00190710669144  1.48533652348e-07  

6.55122952432e-21  -0.000776121877702  -0.00249477909079  -0.00416227604967  -0.00577053537959  -0.00747216290199  -0.00919137802991  -0.0108484469109  -0.0123099235284  -0.0132934554177  -0.0136507895009  -0.013495437836  -0.0127836092959  -0.011552499347  -0.0098714333562  -0.00795553371738  -0.00587897401605  -0.00366864071634  -0.00132485770963  0.00116586773594  0.00372421170135  0.00604989120448  0.00793961857678  0.00918795924649  0.00967940171671  0.00956439635096  0.00911183911831  0.00849662552572  0.00781289697642  0.00714258147014  0.00656117009975  0.00613629757542  0.00592412807451  0.00590865860192  

0.0  0.00796878405794  0.02569995308  0.0430540320032  0.0600038489923  0.078304967152  0.0974782833627  0.117298388236  0.137603869638  0.156910771451  0.173322960792  0.190042637287  0.209094259169  0.230355111822  0.254132690045  0.278679764431  0.303970979232  0.330217625594  0.357837086727  0.387517842216  0.419279557436  0.451049926273  0.48255112689  0.51375767742  0.543110376405  0.572155342634  0.597247863246  0.62125833255  0.645138261434  0.669198529829  0.693629187945  0.718682435767  0.74489218833  0.754259198628  

0.0  -3.06510024397e-06  -2.92156324646e-05  -6.85926050601e-05  -9.88514810667e-05  -9.10601597977e-05  8.33986910715e-06  0.000284170063404  0.000882604628575  0.00195541386072  0.00347741045249  0.00586429813303  0.00998483749076  0.0168905583606  0.0282526960171  0.044832250083  0.067818203984  0.0986224611815  0.139151673545  0.192316466191  0.260432864419  0.340224605599  0.430791536245  0.53165490313  0.636612149963  0.75021554079  0.856425899174  0.965397600415  1.08129053301  1.20607322737  1.34147727803  1.4899329066  1.65617807446  1.71840328858  

1.18273207635e-20  4.85467697237e-07  1.56914622592e-05  7.11305277016e-05  0.000186006644064  0.000399472090856  0.000748097255528  0.00127658586338  0.00204237860981  0.00303366094349  0.00411326615795  0.00545786117958  0.00730560171035  0.00977662032323  0.0130506134069  0.0169582900633  0.0214572183316  0.026498709356  0.032040230202  0.038058492637  0.044346988831  0.0502983976702  0.055784507818  0.0608849733768  0.0655939769443  0.0704592054149  0.0750439605564  0.0799009238031  0.0852658205682  0.0912391337987  0.0978666164814  0.105176742568  0.113247252122  0.116203759041  

-1.57424996665e-20  7.59375413071e-07  2.55000935915e-05  0.000120025804376  0.000325232027665  0.000723236239031  0.00139465142846  0.0024247680459  0.00389529608774  0.0057299385772  0.00764846329283  0.00995553825382  0.0130264138436  0.0170133598342  0.0221742049559  0.0282869210715  0.035439702258  0.0438207554846  0.0537608394471  0.0658268588207  0.0804761681003  0.0971061179003  0.115734915511  0.136462669764  0.158151121511  0.181794876383  0.204024444496  0.226902012038  0.25125260695  0.277441656525  0.305786821241  0.336760549424  0.371332829487  0.384251182953  

-9.77622023349e-21  9.52542389195e-05  0.000990917857922  0.00278167156229  0.00540389891424  0.00920157054794  0.0142463835532  0.0205815761338  0.0281989959927  0.0364213467471  0.0440879757753  0.0524650330935  0.062620575808  0.0746193169949  0.0887699211035  0.10412953509  0.120748876315  0.138894159512  0.159061930946  0.182082378275  0.208412373605  0.236651740575  0.266650089243  0.298397854641  0.330108815884  0.363213427561  0.393152821524  0.422930284689  0.453617807035  0.485605318151  0.519182857674  0.554783771493  0.593339018324  0.607456318326  

0.0  0.00796886681848  0.025702469245  0.0430645292356  0.0600284207809  0.0783497012555  0.097543725714  0.117374568961  0.13766689762  0.156928289079  0.173273272679  0.189900537109  0.20882886817  0.22995378157  0.253622675754  0.27815823656  0.30360287349  0.330247781392  0.358616066065  0.389554279116  0.423265421159  0.457685105492  0.492549462682  0.527811016071  0.561593197832  0.595547734112  0.625261238869  0.654000382607  0.682873475536  0.712262105798  0.74242654226  0.773731597197  0.806938547117  0.81893258728  

-0.0168243602251  -0.0168243616848  -0.0168244131611  -0.0168246299281  -0.0168251584781  -0.0168263527201  -0.0168288279877  -0.0168337589627  -0.0168432870195  -0.0168594471045  -0.0168814775409  -0.0169147569204  -0.0169698852361  -0.0170581389792  -0.0171965780119  -0.0173900916206  -0.0176499383855  -0.0179919083536  -0.0184403819696  -0.0190356597662  -0.0198186723311  -0.0207709119133  -0.0218996131477  -0.0232137827789  -0.0246372904756  -0.0262289672876  -0.027750609194  -0.0293312057591  -0.0310192457102  -0.0328297224391  -0.0347701784351  -0.0368521340215  -0.0391086108641  -0.0399292535929  

0.0785836911678  0.0785836925748  0.0785837379062  0.078583907641  0.0785842682054  0.0785849556502  0.0785860995664  0.0785877955674  0.0785899156999  0.0785915920838  0.0785915404311  0.0785881491976  0.0785765909375  0.0785474358802  0.0784830937803  0.0783653672996  0.0781686768904  0.0778569395356  0.0773749450068  0.0766305469721  0.0755015298923  0.073936867719  0.0718511363292  0.0691500432385  0.0659337150203  0.0620189384218  0.0579917953692  0.0535380724104  0.0484983509676  0.0427879197684  0.0363357337422  0.0290486867691  0.0207400982868  0.0176145795917  

0.370670829581  0.352060963769  0.310772122386  0.270702802564  0.232109836752  0.191298252751  0.14980879878  0.108653223156  0.0687334482089  0.0332707537371  0.00530116974103  -0.0209256392894  -0.0477989433076  -0.0737473516013  -0.097446313461  -0.115811556763  -0.128174624072  -0.134072381346  -0.133006617561  -0.124262036682  -0.107421823374  -0.0845799399777  -0.0581645662043  -0.0307503539135  -0.00620233729204  0.0147035079312  0.0285675745371  0.0372276867753  0.0408056436628  0.0391423558544  0.0323131432075  0.0208106257931  0.00567375541597  4.89593690259e-07  

0.0835116127695  0.0835141826543  0.0835366195668  0.0835776490297  0.0836329550139  0.0837068117954  0.0837963158843  0.0838950199404  0.0839883659692  0.0840461323041  0.0840456118301  0.083968277458  0.0837433991299  0.083260389528  0.0823526460667  0.0809338590475  0.0789043979527  0.0761583453418  0.0725603038549  0.0679086643284  0.0620922233103  0.0555087916413  0.0483688072855  0.0408826479999  0.0336782254318  0.0266269543495  0.0207883900869  0.0155828428523  0.010922756443  0.00689323805573  0.00362911057653  0.00129228130148  9.24935448391e-05  -1.40845055713e-08  

-0.0214684994796  -0.0214661770775  -0.0214438402721  -0.0213968826273  -0.0213225195015  -0.021202065175  -0.0210162013482  -0.0207362189689  -0.0203237947259  -0.019778847278  -0.0191741871573  -0.0184075272748  -0.0173366449589  -0.0158921558185  -0.0139854954653  -0.0117415774194  -0.0092047904704  -0.00641176686747  -0.00338650708089  -0.000139038155407  0.00321485296226  0.00632135760257  0.00903161115438  0.0112279803848  0.0127379240153  0.0136010570178  0.0137723328783  0.0133875252136  0.0124326792228  0.0108593534939  0.00860427074117  0.00557792360249  0.00161630186907  -5.57585173346e-09  

0.00115369471297  0.0068414035457  0.0194363069837  0.0317484963313  0.0438394170344  0.0570532619656  0.0711542578737  0.0860516424199  0.101615340454  0.116562622083  0.129219539765  0.141880043005  0.155760223778  0.170200342931  0.184579120403  0.197031462405  0.206997121438  0.214066499279  0.217812699571  0.217612749151  0.212633391613  0.202891546599  0.188790562718  0.170845381343  0.150860589861  0.128778081435  0.108476142988  0.0885833579837  0.0689507961278  0.0499740779591  0.0322460057637  0.0164798373509  0.00354396919263  9.76148344083e-08  

-0.237477476857  -0.237511823942  -0.237838343837  -0.238488429931  -0.239409868634  -0.240645683879  -0.242052536882  -0.243359198427  -0.24414863655  -0.243947300617  -0.242723080021  -0.24022527992  -0.235598447201  -0.227979200839  -0.216242194227  -0.200521568255  -0.180512378025  -0.155658810221  -0.124930374952  -0.0864585732983  -0.0386185607987  0.0167048404785  0.0795603540408  0.150249095502  0.224778269905  0.306436359865  0.383421878242  0.462716685374  0.547042146408  0.637481076528  0.734869680064  0.840448512641  0.956923121449  1.00000020019  

-0.0241195076043  -0.0184411680451  -0.00577673593221  0.00670591397698  0.01903434899  0.0325503978548  0.0469873598389  0.0622422531195  0.0782232292067  0.0937177315914  0.107073188477  0.120798523538  0.136510965092  0.15403442836  0.173483487997  0.193248042026  0.213116812155  0.233015426541  0.252909471501  0.272715537456  0.291515570356  0.307024576323  0.318104284848  0.323614658507  0.322548544546  0.314205390622  0.300094426367  0.279677668587  0.251774921596  0.215055234348  0.167883321981  0.107949839296  0.0312251989158  -7.44096114932e-08  

0.459228838186  0.459737125497  0.460369181484  0.460300185384  0.459549498009  0.457948251986  0.455350773292  0.451632506393  0.446692835747  0.440911435615  0.435166854871  0.428550267928  0.420108369829  0.409605380052  0.396571808288  0.381758512541  0.365122338063  0.346453776793  0.325339018265  0.301053156416  0.273341011142  0.243977600101  0.21343710066  0.182082244963  0.15200833484  0.122271304319  0.0971800530766  0.0742787238164  0.0532032802427  0.0343924044438  0.0185977018197  0.00682454280562  0.000505686914518  -2.59450145975e-08  

0.796886681909  0.796886681909  0.796886681909  0.796886681909  0.796886681909  0.796886681909  0.796886681909  0.796886681909  0.796886681909  0.796886681909  0.796886681909  0.796886681909  0.796886681909  0.796886681909  0.796886681909  0.796886681909  0.796886681909  0.796886681909  0.796886681909  0.796886681909  0.796886681909  0.796886681909  0.796886681909  0.796886681909  0.796886681909  0.796886681909  0.796886681909  0.796886681909  0.796886681909  0.796886681909  0.796886681909  0.796886681909  0.796886681909  0.796886681909  

-1.34763161003  -1.33625288417  -1.30644400571  -1.26949896548  -1.22308274009  -1.156462316  -1.05903235819  -0.91170164989  -0.684512678044  -0.375915066654  -0.0627221897436  0.242553342014  0.513026147325  0.712942945582  0.847812076082  0.9267881564  0.967822507765  0.979815283831  0.964639967612  0.91716617899  0.825704889513  0.683464515875  0.488289212388  0.258982065932  0.050306702332  -0.111650298634  -0.203050547618  -0.248592836367  -0.257268519453  -0.234085335462  -0.183769941766  -0.112464651537  -0.029007238378  -2.45234102046e-06  

0.0  0.00796886681909  0.0257024699599  0.0430645451969  0.0600285381492  0.0783502793246  0.0975458522229  0.117380878022  0.137682729767  0.156961305854  0.173329702054  0.18999105159  0.208971875197  0.230171281176  0.253936826133  0.278573175133  0.304101901806  0.330786426422  0.359113142856  0.389876783992  0.423215277777  0.457037824483  0.491064069308  0.525236533868  0.557747022456  0.590194680017  0.618394271779  0.645486088428  0.672511274649  0.699807121541  0.727586934143  0.756149499601  0.786136300039  0.796886681909  

