4.22145646935e-19  0.323494811724  1.95129890431  3.5328971615  5.40597281987  7.36471779279  9.06806688233  11.2112960508  13.5488470481  16.0508385934  18.6466000606  21.3218404167  23.6968525964  26.0938733673  28.3808033153  30.7347883807  32.6315553344  

2.17334328709e-18  -0.000166792149153  -0.00601303328479  -0.0194226464583  -0.0438902651727  -0.0744878867289  -0.0984655291874  -0.119747436559  -0.12968503272  -0.124986348135  -0.105604027117  -0.0761925403181  -0.0493847018824  -0.0271625253136  -0.0125942935432  -0.00404181192538  -0.000163302343379  

1.09615890772e-18  -0.00103510470183  -0.0061578262014  -0.010851965633  -0.015205079336  -0.0156278914595  -0.0126069794538  -0.0073470135534  -0.00124367191574  0.00491356695286  0.00985776517938  0.0118557372599  0.0107123187121  0.00796383830518  0.00499546545046  0.00257646506861  0.00181440189651  

0.0  0.0107355013454  0.0646842743363  0.116970245568  0.178799136583  0.243399796994  0.299593972359  0.369890044369  0.445256316146  0.523425465061  0.601119031265  0.678091212851  0.745154818949  0.812708494338  0.877573168732  0.945098319861  0.999993489317  

0.0  -5.46719289355e-06  -0.000101712794464  0.000271576311693  0.00417716427933  0.0236903418984  0.0680746157254  0.173099652284  0.3529062336  0.613339660651  0.943930303642  1.33638802993  1.72836329906  2.17610090442  2.6670705322  3.25322182454  3.79305367974  

-5.71098544634e-20  1.16869861697e-06  0.000228515448733  0.00125936576186  0.00467798976754  0.0130155996213  0.0245653634182  0.0423689217114  0.0620410605266  0.0796434767127  0.0921037575468  0.100251455522  0.108012764528  0.121012957556  0.140699249416  0.168602565643  0.195060940915  

1.09629574003e-18  1.85700199452e-06  0.000407559325664  0.00240465226724  0.00836429430697  0.0197309650803  0.0340078982636  0.0579180799837  0.0922380028358  0.139687474176  0.201925358228  0.281223535234  0.365613564425  0.465101278178  0.57424494567  0.702058398631  0.817304875376  

0.0  0.000172882835372  0.00627993917582  0.0204678931687  0.0467683259968  0.0821940675516  0.117393788628  0.166854143273  0.228004370301  0.302422986251  0.389440476314  0.489161655227  0.585940320907  0.691313312549  0.799080607396  0.917726113533  1.0194533087  

0.0  0.0107357008156  0.0647136624645  0.117046566212  0.178713195058  0.242756746545  0.298509035959  0.369203894529  0.447447708263  0.53282781635  0.623152492275  0.717890744776  0.803468499948  0.891590513631  0.977844733232  1.06960242198  1.14628840983  

-0.00632074254953  -0.00632074326825  -0.00632086674094  -0.00632062342005  -0.00632152672595  -0.006362917941  -0.0064740384942  -0.00670790213254  -0.00704463697943  -0.00747034298696  -0.00796591655507  -0.00851467245129  -0.00901070528833  -0.00948672711619  -0.00987585952697  -0.0101527515978  -0.0102338842731  

0.0189540889666  0.0189540896503  0.0189541780305  0.0189541028371  0.0189539130902  0.0189401621593  0.0188678278577  0.0186295741851  0.0181421779686  0.0173263312125  0.0161281301083  0.0145117675562  0.0127963366674  0.0109181584647  0.00919756963858  0.00784606067179  0.00741815213174  

0.117938173544  0.111853952815  0.0806562002076  0.0504818958678  0.0172714219606  -0.0114536263493  -0.0296319847025  -0.0424920250635  -0.044495376854  -0.0356320086223  -0.0192127970703  -0.000522773426112  0.0129896254312  0.0204030683355  0.02002406168  0.0118462959776  0.000111929873632  

0.016750370233  0.0167512347455  0.0167656627406  0.0167685926649  0.0167663176723  0.0167089026058  0.0164318997056  0.0155934847903  0.0140436246377  0.0117975578689  0.0090798344465  0.006199364018  0.00386669177188  0.00197441718882  0.00075240221951  0.00012341410899  8.01580910857e-07  

-0.00478836324195  -0.00478757715959  -0.00476935759089  -0.00476105994168  -0.00476592203387  -0.00461326937722  -0.0042353498668  -0.00351233984899  -0.00259600422132  -0.00163981604625  -0.000797776383818  -0.000172638507902  0.000144433525075  0.000246053118824  0.000185408684049  5.52360072288e-05  -2.50896075104e-06  

-0.0195099521835  -0.0179365560905  -0.00991971911227  -0.00128442665783  0.0104880251903  0.0226577273112  0.0309940322664  0.037545178899  0.0402435334797  0.0391283364193  0.0347234977928  0.0278252690169  0.0206447946438  0.0133709337092  0.00726113883975  0.00249420175434  1.71124208782e-05  

-0.110993021486  -0.111005246151  -0.111105369091  -0.110172566849  -0.106201984782  -0.0988845873959  -0.0911388409  -0.0809551296562  -0.0699886239683  -0.0584692748883  -0.0466035689036  -0.0344781901779  -0.024073814839  -0.0144491818066  -0.00680456367577  -0.001486200309  5.04897516745e-05  

0.0492005437739  0.0495494396399  0.0512481931823  0.0532016709766  0.0567475184754  0.0620144728517  0.0668512094513  0.0718754258783  0.0753006870178  0.0764244717102  0.0747039659241  0.0695533857157  0.0617277962066  0.0503550459307  0.0359960351896  0.0175254515196  -1.54364435058e-05  

0.185081838985  0.183494666515  0.175409743183  0.167289280257  0.157018177197  0.145076563556  0.133601649215  0.118139117047  0.100680568056  0.0820393308279  0.0633364261513  0.0451870180417  0.0304383579323  0.0175209474472  0.00788221195486  0.00165109110772  -1.35290107656e-05  

1.07357008193  1.07357008193  1.07357008193  1.07357008193  1.07357008193  1.07357008193  1.07357008193  1.07357008193  1.07357008193  1.07357008193  1.07357008193  1.07357008193  1.07357008193  1.07357008193  1.07357008193  1.07357008193  1.07357008193  

-1.30897894631  -1.29542969523  -1.19734407656  -1.01145759338  -0.500099724803  0.345565988968  0.741263750817  0.90260586194  0.901189458573  0.761839648304  0.4494484949  0.0122787378244  -0.280702805621  -0.406215571101  -0.385251902393  -0.229258444941  -0.00218743327805  

0.0  0.0107357008193  0.0647138437929  0.117052727979  0.178780413851  0.243044582896  0.299049822341  0.369709998316  0.446843158677  0.529330013254  0.61470508592  0.702473061166  0.780365847533  0.859042336833  0.934125534869  1.01137096675  1.07357008193  

