-5.77128797601e-23  0.198569077787  0.728854442845  1.24967002187  1.77129364343  2.34330501163  2.94922838719  3.58529720276  4.25375467517  4.91882805146  5.72200222911  6.57040535054  7.49904959599  8.42614695909  9.37003372053  10.3343092598  11.3184453866  12.2902782521  13.2166603435  14.111418614  14.9885610003  15.8558602042  16.7161501604  17.5687923638  18.4283464527  19.289073238  19.9999999397  

8.58556503752e-23  -5.79712162084e-05  -0.000771669062014  -0.00223624332624  -0.00441461501116  -0.00754277439822  -0.0115644180898  -0.0163499650312  -0.021683122755  -0.0269460496855  -0.0328064036894  -0.0380079665114  -0.0422227177107  -0.0447231864451  -0.0454776703108  -0.0444602912186  -0.0417619141276  -0.0377732381333  -0.033124862143  -0.028218298414  -0.0233182909094  -0.0186100015889  -0.0142096759878  -0.0101665431171  -0.00639320351778  -0.00284282365649  -5.69106823217e-08  

-1.76430443812e-22  -0.000587143699917  -0.00211643398454  -0.00354587539516  -0.0048746010444  -0.00616059522079  -0.00724282165277  -0.0079590262325  -0.00816621239506  -0.00783943590634  -0.00689803481956  -0.00548720856319  -0.0036823198419  -0.0017759628314  0.000143182570306  0.00196210954563  0.00354475559406  0.00471828087237  0.00540816693909  0.0056803328707  0.00563405705778  0.00537669671217  0.00501187630707  0.00463221051637  0.00430820414599  0.00410206292129  0.00404681921215  

0.0  0.00656979947812  0.0241011453836  0.0412951415044  0.0584870021251  0.0773041637194  0.0971997252226  0.118057498266  0.139972953137  0.161798127259  0.188188956375  0.216065417722  0.246486312886  0.2766583873  0.30709038371  0.337827387917  0.368804950207  0.399009615776  0.427472269822  0.45469828228  0.481177782852  0.507193132801  0.5328651365  0.558201306196  0.583649850041  0.609046260363  0.629955632209  

0.0  -1.92016331826e-06  -2.36837588337e-05  -5.84179395551e-05  -8.78885548114e-05  -8.78856168562e-05  -1.59429586592e-05  0.000192748719526  0.000662725358519  0.00158507015843  0.00380772463059  0.00844615807266  0.0177811339053  0.0332048214134  0.0565623963833  0.0893399460201  0.13261563937  0.18533423382  0.244954329929  0.311360286286  0.385066934808  0.466571489166  0.556166459184  0.65384335176  0.761524343195  0.878844287604  0.983021688476  

1.57231801465e-22  2.50298005071e-07  1.17472675552e-05  5.60150166835e-05  0.000150312098074  0.000324877861589  0.000600545943752  0.00099688096675  0.00154174946078  0.00224189113667  0.00337826293986  0.00506551061512  0.007640213549  0.0110181830126  0.015199672568  0.0200724801702  0.0254900844907  0.0311628394133  0.0368431786209  0.0426219343807  0.0486311536673  0.0549693734976  0.0616849890714  0.0687701068399  0.076318276991  0.0842226122923  0.0909471284444  

-1.85059787898e-22  4.25491471156e-07  2.10264910958e-05  0.000105875461853  0.000301071215744  0.00069554469739  0.00138192755933  0.00246994288285  0.0040930502459  0.0062602516448  0.00967535219369  0.0142676236834  0.0204556410726  0.0278278074245  0.0365558272616  0.046770174843  0.0586001523013  0.0717473781728  0.0857124562963  0.100603618956  0.116609918552  0.133872490977  0.152466182972  0.172395897958  0.194055009688  0.217376050207  0.237909506317  

-3.90388809437e-23  6.4744308447e-05  0.000871443832313  0.00255897135219  0.00513411189477  0.00896814665142  0.0141658428416  0.0208482600448  0.029165467283  0.0386627911722  0.0515661193945  0.0666116563976  0.0844063368703  0.103312621174  0.123631506682  0.145509441535  0.169062707029  0.19360343399  0.218237876114  0.243221090625  0.268871788587  0.295375841282  0.322791053439  0.351068252243  0.380687234736  0.411464893707  0.437730054846  

0.0  0.00656984603416  0.0241032341332  0.0413045043795  0.0585100833367  0.0773480319145  0.0972665908116  0.118140088999  0.140052039824  0.161848305793  0.188181232755  0.216011557759  0.246483133373  0.276910067506  0.307902728525  0.33959933629  0.372011424847  0.404111996105  0.434831449023  0.464645973788  0.494039029322  0.523287189024  0.552501275888  0.581673683601  0.61132193772  0.641271952157  0.666221396206  

-0.0143389174295  -0.0143389178065  -0.014338938144  -0.0143390370199  -0.0143393203188  -0.0143400775764  -0.0143419256817  -0.0143462212195  -0.0143558931206  -0.0143753213683  -0.0144219274062  -0.0145158049656  -0.0146956054  -0.0149790932311  -0.0153930297804  -0.0159591757493  -0.0166943216816  -0.0175805409515  -0.0185750064447  -0.0196735324419  -0.0208793064904  -0.0221918647482  -0.0236040453332  -0.0251008308158  -0.026692455634  -0.0283495396188  -0.0297481460279  

0.041397030301  0.0413970306668  0.0413970487261  0.0413971269743  0.0413973222962  0.041397761293  0.0413986146162  0.0414000640545  0.0414020669062  0.0414035253034  0.0414001310673  0.041377977287  0.0413039693459  0.0411357060439  0.040813807574  0.0402669285348  0.039414981469  0.0382158845977  0.0366823736701  0.0347884224155  0.0324953416029  0.0297690943448  0.0265903974307  0.0229629747654  0.0188309392825  0.0142413884015  0.0101459382208  

0.146885586182  0.138824530511  0.11762072791  0.097351710869  0.0777274631432  0.0571348014557  0.0365622621731  0.0165583396367  -0.0024517576118  -0.0190500921601  -0.0356431193802  -0.0486793040626  -0.0573939667888  -0.0603830922566  -0.0580599265467  -0.0510022578241  -0.0401922256532  -0.0274164195817  -0.0147185594355  -0.00323343716681  0.00621173639436  0.0129235937632  0.0163903026022  0.0163891964607  0.0129909394672  0.00668329531636  4.79833630453e-07  

0.0386319688313  0.0386328092436  0.0386435968443  0.0386672649158  0.0387053004487  0.0387644953913  0.038845938945  0.0389447609522  0.0390427925917  0.0390956847256  0.0390173483022  0.0386377482863  0.0377185645949  0.0361706837982  0.0339245428188  0.0309880723166  0.0274404069523  0.0235435023683  0.0196209353982  0.0157886540548  0.0121327783297  0.00875487212089  0.00577191578388  0.00330572418219  0.00143762140892  0.000304767144777  -1.14683030866e-08  

-0.0107369175515  -0.0107361624086  -0.010725179439  -0.0106968151754  -0.0106426440054  -0.0105401189187  -0.0103610460538  -0.0100638463432  -0.00958956819621  -0.00891043801013  -0.00777103416541  -0.00617944345969  -0.00404797310181  -0.00165710324595  0.000866660928396  0.00335819856955  0.00564912564942  0.00753145094063  0.00887866129211  0.00969500025138  0.00997787563659  0.00970944277747  0.0088687324313  0.00744313243857  0.00538893191724  0.0026996713962  -8.94537592741e-09  

0.0398442056642  0.0423911094588  0.0491809544209  0.0558845308028  0.0626981133061  0.0703545213951  0.0787372371835  0.0878598060926  0.0977297120307  0.107620620873  0.119129189122  0.129907809285  0.139008225277  0.144458317505  0.145881527085  0.143046566061  0.135992794404  0.125392556809  0.112474968984  0.097953263208  0.0823425599976  0.066171082275  0.0500407901071  0.0346249064651  0.020357282695  0.00808263238812  1.38113360368e-07  

-0.219986493581  -0.219997609641  -0.220115409955  -0.220287129466  -0.220390682395  -0.22021396831  -0.219350064989  -0.21717312526  -0.212769799881  -0.205450535937  -0.191697831021  -0.170458277188  -0.138875439807  -0.0988207346872  -0.0497641572197  0.00847533171243  0.0759897771095  0.15042796727  0.228458428295  0.310330303162  0.396753499129  0.488136036735  0.58448264041  0.685390422562  0.792307353584  0.904228067984  1.00000027135  

0.0620681864183  0.066408576084  0.0780459002508  0.0895608637546  0.101202197582  0.114117948614  0.127995855222  0.142803661534  0.158638070593  0.174641432035  0.19416875496  0.214726435783  0.236575498977  0.256955507394  0.275363449711  0.29077324535  0.301912408027  0.307272015664  0.306113064559  0.298181538594  0.282919975488  0.259539924458  0.227177514579  0.185037628552  0.131306657545  0.0650228309365  -4.2481282117e-08  

0.407880427638  0.406611926057  0.40278001376  0.398378589883  0.393326390863  0.387034471987  0.379501378111  0.370623992745  0.360219554461  0.348776978814  0.333529140615  0.315779730903  0.294528107321  0.271575877518  0.246646961651  0.219834735116  0.191422713562  0.162744993877  0.135289544761  0.109159535465  0.0844770012114  0.0616251255774  0.0412174819811  0.0240268035259  0.0106723955455  0.0023188395653  -7.22051825349e-08  

0.656984603434  0.656984603434  0.656984603434  0.656984603434  0.656984603434  0.656984603434  0.656984603434  0.656984603434  0.656984603434  0.656984603434  0.656984603434  0.656984603434  0.656984603434  0.656984603434  0.656984603434  0.656984603434  0.656984603434  0.656984603434  0.656984603434  0.656984603434  0.656984603434  0.656984603434  0.656984603434  0.656984603434  0.656984603434  0.656984603434  0.656984603434  

-1.11671542857  -1.09408310802  -1.02339069053  -0.936020320877  -0.825736980477  -0.672820220191  -0.471508787191  -0.226865126153  0.0341435364502  0.259082017149  0.4590697064  0.590794962485  0.663112204408  0.678529170717  0.646289788052  0.568716373573  0.448744661872  0.302333655931  0.157169956992  0.0328591050555  -0.0594312960226  -0.115949031201  -0.137994422788  -0.129852091577  -0.0970322328629  -0.0471143416626  -3.22596907311e-06  

0.0  0.00656984603434  0.0241032345737  0.0413045154933  0.0585101718698  0.0773484919116  0.09726833242  0.118145329646  0.140065315283  0.161876493861  0.188240051319  0.216120300814  0.24666488128  0.277171312264  0.308227308144  0.339937107508  0.372272193337  0.404173016569  0.434560048593  0.463899220139  0.492658672219  0.521097113479  0.549307610008  0.57726765873  0.605453120409  0.633675199046  0.656984603434  

