7.97762501822e-19  0.387141377118  2.28045887583  4.00817223665  5.49023397485  7.09038456665  8.87946337817  9.78268008521  10.5058594021  11.9471127803  13.953656453  16.1912754107  18.6648161137  21.4018419792  24.3799640774  26.979063817  29.2813221075  31.1256337207  33.0722370573  35.3869428074  37.8272380657  38.9469379679  

-6.64157771875e-18  -0.00024926004677  -0.00864600758779  -0.0266977324436  -0.0500617938903  -0.0833956838844  -0.130168476909  -0.156095528616  -0.175953853347  -0.210943397327  -0.248574908147  -0.275000480866  -0.285050022625  -0.27275992649  -0.231849330462  -0.174861592512  -0.118299225864  -0.0791839792996  -0.0470918914047  -0.0214680518569  -0.00663299091156  -0.00211926485547  

6.90476717739e-19  -0.00128854657107  -0.00758762348353  -0.0133291560264  -0.0182422182249  -0.0235051376587  -0.0288831676292  -0.0286594430743  -0.026652277657  -0.0220821046936  -0.0155198632698  -0.00814951243805  4.52076385514e-06  0.00898807677307  0.0185222681686  0.0250540199016  0.0235502480885  0.0191892932029  0.014104708625  0.0084286436786  0.00444049298049  0.00390330128713  

0.0  0.0128956797085  0.0759152191727  0.133412012802  0.182894075712  0.23661990016  0.29735021088  0.328408339868  0.353701728262  0.404779553042  0.47631457967  0.554924373904  0.638049141123  0.723144211648  0.806763575441  0.874031206421  0.933521829051  0.983122546151  1.03618138523  1.09889457152  1.1642883966  1.19405313101  

0.0  -8.11037433101e-06  -9.77948048289e-05  0.000788001182106  0.0051896032738  0.0222243654314  0.0730773922364  0.11676819238  0.162070830531  0.279888566983  0.501710545016  0.818729496864  1.23618089631  1.75033451662  2.32906158593  2.81368191163  3.21567277252  3.53732449102  3.90163392383  4.4019731542  5.04371737217  5.38395194186  

-5.37651188563e-18  2.09121475727e-06  0.000381743370569  0.00201079048678  0.00560566451217  0.0139915872069  0.0311738615245  0.042778343378  0.0527842638084  0.0732845836449  0.100935803295  0.127649761762  0.148827998235  0.15836639899  0.148410789745  0.121696726688  0.0935353405677  0.0795592466074  0.0777767579674  0.0941276230522  0.129972433081  0.150177003338  

-2.60888246278e-18  3.21915741884e-06  0.000659259327279  0.00355587095016  0.00892553224236  0.0182464983514  0.0329636614183  0.0420540092649  0.0502425009719  0.0690550326295  0.101122796935  0.145775864913  0.207196204413  0.291176838508  0.402687936795  0.517109616003  0.631667889337  0.733081654982  0.84933614496  1.00018643172  1.17520772753  1.26165403539  

4.89961641676e-18  0.000249460895639  0.00864920542721  0.0265359538494  0.0487937752729  0.0780154941536  0.1147677821  0.134591791953  0.151285551595  0.18677023001  0.241308550258  0.309586981055  0.394349936049  0.499035218126  0.624483568609  0.741608225029  0.849858406691  0.939777322679  1.03764392398  1.15862651984  1.29325229192  1.35811036195  

0.0  0.0128960221073  0.0759571676278  0.133476223178  0.182741276936  0.235750339679  0.294666635308  0.324221386384  0.348122841035  0.396354564706  0.464900967288  0.543563370176  0.63337602459  0.735844693652  0.849550095209  0.948315860922  1.03385839583  1.10151744411  1.17267564819  1.25833372187  1.35189860648  1.39651136912  

-0.0238997543984  -0.023899784271  -0.0239067647824  -0.0239355144268  -0.0239797370797  -0.0240533660889  -0.024184706079  -0.0242727751613  -0.0243550250043  -0.0245550897602  -0.0249481556959  -0.025650162549  -0.0269484324085  -0.0293132163905  -0.0333367028476  -0.0382755062995  -0.0438106100308  -0.0490789505873  -0.0554566352619  -0.0641249735808  -0.0744274412517  -0.0794735792815  

0.360749532972  0.360749561103  0.360754121473  0.360764019895  0.360765783215  0.360746139228  0.360667745656  0.360593371821  0.360511349294  0.360270357491  0.359667875296  0.358312310103  0.355231851853  0.348450435058  0.334667539041  0.314980465779  0.290053296066  0.263981776312  0.229810831397  0.179421651993  0.114420713235  0.0807514944101  

3.02192297505  2.8827598543  2.20082294692  1.59058837468  1.09046553412  0.589738485022  0.0969166347584  -0.119236179694  -0.277139027057  -0.54724852695  -0.81714785304  -0.968516524405  -0.960027450901  -0.768281749305  -0.418008629587  -0.0814870215302  0.169830834596  0.30387611047  0.355908194164  0.288748143315  0.104165302426  0.0110472544839  

0.395935180126  0.39596580858  0.396620807598  0.397154841441  0.397217647961  0.396942089652  0.396071657306  0.395274116855  0.394380620415  0.391644367886  0.384868919485  0.371789460055  0.348833238909  0.311588669931  0.256965562139  0.199830021213  0.14574348231  0.103155487437  0.0625329763853  0.0247758510147  0.00285677761127  0.000294225884964  

-0.0500073790809  -0.0499771026297  -0.0490867187526  -0.047688953546  -0.0465507563448  -0.0454401869311  -0.0439468552906  -0.0430015628661  -0.0421116445874  -0.0398682694679  -0.0355101405005  -0.02886205066  -0.0195212756604  -0.00744442656225  0.00628466513904  0.0169966334797  0.0239929911027  0.0270147345877  0.0269065639634  0.0214438195318  0.00846463593454  -0.000172070463286  

-0.109535428359  -0.089846335379  0.0020040803411  0.0821748181539  0.149140694627  0.21535084645  0.274512405456  0.297964448037  0.315452481527  0.348289552069  0.389742756756  0.429008524438  0.460442278878  0.474524329966  0.457493041471  0.410699718016  0.342262710819  0.270692792985  0.187079891717  0.091924450044  0.0186608471986  0.00137715563724  

-0.136391702077  -0.136604250623  -0.14428157634  -0.160093082661  -0.175608772314  -0.187636246071  -0.192688310067  -0.192816752438  -0.192240917863  -0.190062886542  -0.185577202623  -0.177740070728  -0.16178070243  -0.127898472185  -0.0610673241001  0.0308978631699  0.142869720592  0.255998872661  0.399813918778  0.60590229405  0.866978618583  1.00219469491  

-0.0915051095064  -0.0862656471009  -0.0603136282667  -0.0333261154478  -0.007443432338  0.0203372895283  0.0482446243386  0.0610481065124  0.0710009493469  0.0904852132859  0.118136650981  0.151684009431  0.193526940203  0.244802202153  0.300763467766  0.340280914211  0.358387944451  0.354799278548  0.326566000568  0.249138173369  0.0982032800168  -0.00133102090898  

0.623487475155  0.626950087519  0.64111820013  0.64843106703  0.648717355685  0.64151648511  0.623796048091  0.611501622392  0.600677405873  0.577491409598  0.542789058155  0.50195669074  0.455033218941  0.401089268327  0.33923887536  0.281282956673  0.223135021662  0.169899531681  0.111211671275  0.0479189702954  0.00530841449295  -0.000183244612679  

1.28960221187  1.28960221187  1.28960221187  1.28960221187  1.28960221187  1.28960221187  1.28960221187  1.28960221187  1.28960221187  1.28960221187  1.28960221187  1.28960221187  1.28960221187  1.28960221187  1.28960221187  1.28960221187  1.28960221187  1.28960221187  1.28960221187  1.28960221187  1.28960221187  1.28960221187  

-1.5312729691  -1.5293670885  -1.51653639964  -1.49569676127  -1.46128439042  -1.36962241375  -0.675636907292  0.776555103715  1.15679152898  1.35010022922  1.41931192757  1.43914242911  1.43135477096  1.3822900923  1.19136268884  0.402541285668  -0.659494630363  -0.891469447811  -0.908938402963  -0.733135106561  -0.272926183678  -0.0277939153184  

0.0  0.0128960221187  0.0759576655376  0.133490381759  0.182824476191  0.236044657396  0.295317477089  0.324991520907  0.348894674287  0.396719964589  0.46341896727  0.537839977055  0.620110051087  0.711105083513  0.809959422531  0.895748176164  0.971339747159  1.03212824933  1.09636965467  1.17268366442  1.25288242898  1.28960221187  

