-5.44991702639e-20  0.7995004742  3.20633264693  5.52063161177  7.56862963169  9.48054458829  11.2750412748  13.1188876818  15.0842189455  17.2216285666  19.5871312508  21.6586691414  22.9497110368  24.2839620695  25.5365272771  27.5275310654  29.7507573948  32.0400572102  34.3368053641  36.6250384802  38.8980970584  41.1578432318  43.4193031556  45.717311696  48.0469266616  50.3079419177  52.5326064617  54.7761136409  56.9764593699  59.1177316092  61.3161038581  63.7063119655  66.0595596239  68.483118942  70.4058809203  72.268225987  73.8749992692  75.3232233678  76.681424226  77.9847816384  79.2561698443  79.9382751256  

-1.99988479145e-19  -0.00106518737586  -0.0171321475204  -0.0507913445427  -0.0954709746471  -0.149807433018  -0.211902309889  -0.286899010144  -0.379329165191  -0.494472945873  -0.639581789625  -0.781476629187  -0.875252821473  -0.971234947981  -1.05712180312  -1.18362389663  -1.30982125483  -1.42297123223  -1.51928917507  -1.59806748772  -1.65928773197  -1.70326100123  -1.73035736366  -1.7405204606  -1.73291773367  -1.7082763608  -1.66741688337  -1.60950625999  -1.5364005976  -1.44973707921  -1.34481925593  -1.21239547833  -1.06331667537  -0.890354733202  -0.739084910549  -0.580699933739  -0.434652520553  -0.295547164522  -0.158645526637  -0.0214005909265  0.118025480453  0.195088752859  

-8.00973061767e-20  -0.00266480697606  -0.0106871065297  -0.0184014687547  -0.0252288711209  -0.0316034172564  -0.0375872413574  -0.0437362551781  -0.0502904145948  -0.0574153479067  -0.0652767980964  -0.0719556686963  -0.073995586974  -0.0707914860559  -0.0669111231319  -0.0605123050723  -0.0532781090591  -0.0457937177856  -0.0382613941616  -0.0307327943041  -0.0232293424192  -0.0157481784987  -0.00824480242438  -0.000608313425309  0.00714145870428  0.0146685467358  0.0220785933451  0.0295546991509  0.0368899064678  0.0440309310382  0.0513653233601  0.0593433996522  0.0672022400329  0.0753006528539  0.081729362514  0.0879594021041  0.0933372397204  0.0981866950088  0.102736745222  0.107104997038  0.111367989386  0.113655892291  

0.0  0.0266454240469  0.106777677695  0.184001281027  0.25310696703  0.319214578612  0.384489996318  0.45759629756  0.546022527482  0.659839711492  0.815531516796  0.986035982981  1.11100210091  1.25262931359  1.39313512141  1.62532998846  1.88862397619  2.15306439579  2.40032145194  2.6186009988  2.79981203442  2.94012356863  3.04039850287  3.10607916018  3.14625501766  3.17469867303  3.20846189071  3.26249571099  3.34407139223  3.45320034545  3.59237529423  3.76564391507  3.94634977171  4.13020897398  4.26736114818  4.38876594743  4.48254577171  4.55745468774  4.61898263599  4.66987149499  4.71172311014  4.73099623573  

0.0  -3.20645510214e-05  9.9269953338e-05  0.00421370013906  0.0249142280061  0.0839506218942  0.195147873592  0.379783564656  0.667912277101  1.10516606512  1.76661438809  2.52771910512  3.09821529973  3.77470797355  4.48883284817  5.76508537383  7.36671295415  9.16750527783  11.0732961053  13.0044730421  14.8798631914  16.6218700446  18.1640201956  19.4547145342  20.4311842702  21.0508774441  21.3802430994  21.5061783556  21.5284206294  21.5550961261  21.6799249324  22.007044404  22.5683609087  23.4024407969  24.2343314427  25.1625617602  26.0423170651  26.8837756647  27.7034447652  28.5081252587  29.3014008558  29.7274293657  

-1.03795432833e-21  1.79844690886e-05  0.00101383109742  0.00524988214129  0.0157982900417  0.0355628276025  0.0638367931776  0.102175638016  0.153057917003  0.220624568184  0.312019667295  0.408583688504  0.476650888599  0.549685684459  0.617596309618  0.721436200686  0.8281066898  0.923280475629  0.99849226071  1.04718962047  1.06319713473  1.04089629263  0.975287164988  0.861443741849  0.698823104128  0.502186648416  0.283096452905  0.0521209368754  -0.167603246642  -0.360952496489  -0.528262696313  -0.668648709097  -0.765077130788  -0.826631069836  -0.853696519218  -0.866105068235  -0.868795682718  -0.866689083567  -0.862001137556  -0.855871923799  -0.84897524201  -0.845075741337  

1.54271027781e-20  2.8422543067e-05  0.00183443131022  0.00910114669898  0.0216432257435  0.0378111296333  0.0563372020944  0.0791018469944  0.10843873652  0.14753595382  0.201174814875  0.25850696241  0.299531517935  0.347080353468  0.397029388166  0.487562759532  0.605904584924  0.747865729492  0.911299556375  1.0947037674  1.2958067422  1.51179646336  1.74009660304  1.97936606665  2.22332223913  2.45572605109  2.67597134635  2.88767966206  3.08608931105  3.27391474194  3.46710555235  3.68588484071  3.91927914292  4.18743735113  4.42563084051  4.6813944175  4.92399439972  5.16143462896  5.40126554585  5.64779941629  5.90443080998  6.04891234383  

3.32706086339e-19  0.00106518773788  0.0170894823984  0.0494328682583  0.0871153409425  0.124990980381  0.162150385853  0.20335380492  0.252176866202  0.31221454457  0.388135393635  0.463596923173  0.514996602962  0.572480493618  0.630836708146  0.732287264989  0.858318563903  1.0020719755  1.15994054789  1.32947222654  1.50768119868  1.6910732424  1.87606085215  2.0593595889  2.23309499842  2.38316876954  2.50770969313  2.60729998603  2.67999534343  2.73018845612  2.7660540639  2.79467384294  2.82014547802  2.85068398142  2.88167658021  2.91944730462  2.95915982384  3.00114135053  3.0461665042  3.09475055543  3.14740933409  3.17786818675  

0.0  0.0266482797471  0.106868304125  0.183927082085  0.251813676618  0.314814874707  0.37400542994  0.43565864419  0.503296566053  0.580347572166  0.671563177029  0.758118323935  0.815591281977  0.878838999779  0.942301522828  1.05166430064  1.18717098292  1.34291542919  1.51697603203  1.70875618497  1.91683414412  2.13863960541  2.37059824206  2.60828012796  2.8392821666  3.03993792727  3.20098904689  3.31537916214  3.37412638215  3.37981292141  3.33764466636  3.24713616315  3.12592295668  2.98165385487  2.86098427022  2.74346851101  2.64379923067  2.556422564  2.47713879948  2.40375610497  2.33485053823  2.29898868404  

-0.0104428061933  -0.0104430856567  -0.0104559648894  -0.0104332485751  -0.0103676622259  -0.0105300562493  -0.0110428788897  -0.0119033258142  -0.0131135724891  -0.0147095552386  -0.0167483367197  -0.0186700455638  -0.0198539675854  -0.0210258328458  -0.0220722180042  -0.0236107905957  -0.0251169369649  -0.0263791362611  -0.0272757484979  -0.0277147597247  -0.0276189480244  -0.0269354352649  -0.0256406503853  -0.0237346402689  -0.0213060207048  -0.0186427286164  -0.0159266639582  -0.0132827447572  -0.0109205268989  -0.00890160321606  -0.0071038770434  -0.00539276496902  -0.00388690417326  -0.00256685460926  -0.00187707269604  -0.00183288781733  -0.00264043994514  -0.00437980183418  -0.00719825031849  -0.0112784102211  -0.0168295081673  -0.0205354773565  

0.839059965142  0.839060216011  0.839068035842  0.839065525605  0.839070769146  0.838990204506  0.838602522213  0.837711199195  0.836107237612  0.83351101287  0.829552400039  0.825260953388  0.822368541744  0.819319944919  0.816437652009  0.811910715443  0.807115420227  0.802773486932  0.799457785748  0.797724867869  0.798143662951  0.801239217302  0.807448747936  0.817129933734  0.830193894041  0.845347397821  0.861666504431  0.878435999555  0.894250221031  0.908504691575  0.921898884942  0.935406310531  0.948040371766  0.959825069089  0.96634495636  0.966750601903  0.958228922304  0.93907447759  0.906711918349  0.857895411765  0.788696181629  0.741030352564  

13.464853448  12.7922316309  10.7422608404  8.78139201373  7.11155652314  5.65964178596  4.42561729493  3.30881648266  2.2980649298  1.4089358224  0.663406777062  0.190515497212  -0.0317022527649  -0.214639543003  -0.350223508719  -0.508747888895  -0.631432329911  -0.73403398802  -0.847374856709  -0.998212887247  -1.20255114291  -1.46425257521  -1.77697072223  -2.12809476119  -2.49157790239  -2.82350494155  -3.10488144317  -3.32208529083  -3.45524410748  -3.50364673001  -3.48177856683  -3.42651344629  -3.45415994674  -3.77626778972  -4.44102155514  -5.60893950068  -7.14488662469  -9.00139886802  -11.1476399472  -13.5227996839  -16.0287588615  -17.3916195829  

0.486086638941  0.486226843129  0.486974466595  0.486720460813  0.487274845416  0.488977921362  0.489877176789  0.488286383499  0.482733749195  0.472077646277  0.455870376344  0.439863900592  0.430166912434  0.420862420464  0.412815654101  0.401427765708  0.390872542621  0.382743562204  0.377915816792  0.376984482859  0.380312312318  0.387919780417  0.399430952322  0.414079106042  0.430182872842  0.444748741973  0.455602680859  0.460606035125  0.45755609589  0.445311571295  0.421910133782  0.38330520556  0.332893165796  0.272847055848  0.226544349392  0.1926194745  0.181770386834  0.195506371076  0.2363462532  0.307459348801  0.411909839052  0.483350892899  

-0.0630015464428  -0.062858061464  -0.0618515186615  -0.0634919548117  -0.0680805926579  -0.0720375014565  -0.073373729376  -0.072008268325  -0.0680275485819  -0.0616892496446  -0.0535279618416  -0.0464996064894  -0.0426235030158  -0.0391545172143  -0.0363482306204  -0.0326969292693  -0.0297077945027  -0.0278036806666  -0.0271042936949  -0.0276064290961  -0.0292066618785  -0.0316874901571  -0.034726503109  -0.037916991989  -0.0406935833706  -0.042415975404  -0.0427642925915  -0.0415010405297  -0.0385708844668  -0.0340820382655  -0.0277846742493  -0.0189919461117  -0.00846921228918  0.00371750391856  0.0133311937068  0.0210572347281  0.0248276686069  0.0243515362956  0.0191142168852  0.00839143521937  -0.00864459735687  -0.020831236878  

-0.361560273934  -0.311597232284  -0.166338346153  -0.016142529337  0.128468798282  0.253834135853  0.34813227365  0.416435835634  0.457195769014  0.465974191212  0.436502160328  0.381702527082  0.337282665676  0.28911235292  0.245133030211  0.179545731376  0.113951509534  0.0561721706847  0.00952064502012  -0.0242440145259  -0.0437690102394  -0.0480622104989  -0.0364410140251  -0.00825076957513  0.0361365910194  0.0922101904618  0.156644872988  0.226813334452  0.295995622545  0.358542946942  0.411570416547  0.447014598545  0.447099972315  0.39658722775  0.312075069461  0.192051158446  0.0651032861635  -0.0555108720674  -0.157117261159  -0.222974095667  -0.231733765208  -0.2033218933  

-0.0671877288182  -0.0683363872956  -0.0862711505385  -0.120259431348  -0.149273069567  -0.160832039767  -0.157181163051  -0.145607662383  -0.131624382149  -0.118921946801  -0.108916352053  -0.102288924026  -0.0984006203439  -0.094199735506  -0.0899875341955  -0.0824459358888  -0.0721285773352  -0.0587452451233  -0.0423417093787  -0.023660757341  -0.00430701116175  0.0134004766434  0.0267247646307  0.0327586161811  0.0287127130505  0.0139751007478  -0.0103188306798  -0.042712353605  -0.0797290608914  -0.118805724831  -0.161243789174  -0.210755335036  -0.264596405603  -0.325758800519  -0.375613034133  -0.418914096942  -0.444955344875  -0.451993921842  -0.437391293293  -0.397482820884  -0.32807596316  -0.276518597158  

-0.0740853385274  -0.0692618267636  -0.0562679148946  -0.0338619687746  -0.00192588465011  0.0309566910856  0.0584228825154  0.0815000861656  0.101373401969  0.119606515179  0.137691479457  0.15199306588  0.159627990826  0.166133897733  0.170982899037  0.176115513862  0.177759611337  0.174301720457  0.164917409208  0.149288999871  0.127708267796  0.101163713843  0.0712852773388  0.0402221308872  0.0114349197315  -0.0105347516549  -0.0237709696155  -0.0271566621277  -0.0204381425947  -0.00479382052962  0.0202632625642  0.058993510543  0.113165871474  0.194475869094  0.285447972485  0.401944899259  0.527099215257  0.65836193225  0.793537894558  0.92793890559  1.05466965551  1.11693924285  

0.173642000962  0.179714761427  0.198480060807  0.212110295128  0.213247087974  0.199846069804  0.172845912954  0.130953259176  0.0722567291127  -0.0048896674026  -0.101211466908  -0.189404351166  -0.243025334742  -0.294612622512  -0.338559642578  -0.399888071924  -0.45768895021  -0.50757682269  -0.549675299748  -0.585035623894  -0.614430603745  -0.638257640494  -0.656573140902  -0.669072832268  -0.674833603519  -0.673158022442  -0.664023885895  -0.646932092185  -0.622301323804  -0.590948940685  -0.551878540604  -0.503858561192  -0.456571027049  -0.41948950698  -0.411159275107  -0.434430705059  -0.489884324475  -0.574961328264  -0.688307034505  -0.827089659223  -0.98572286569  -1.07674501354  

2.66482806378  2.66482806378  2.66482806378  2.66482806378  2.66482806378  2.66482806378  2.66482806378  2.66482806378  2.66482806378  2.66482806378  2.66482806378  2.66482806378  2.66482806378  2.66482806378  2.66482806378  2.66482806378  2.66482806378  2.66482806378  2.66482806378  2.66482806378  2.66482806378  2.66482806378  2.66482806378  2.66482806378  2.66482806378  2.66482806378  2.66482806378  2.66482806378  2.66482806378  2.66482806378  2.66482806378  2.66482806378  2.66482806378  2.66482806378  2.66482806378  2.66482806378  2.66482806378  2.66482806378  2.66482806378  2.66482806378  2.66482806378  2.66482806378  

-1.56691854458  -1.56671454186  -1.56592962206  -1.56485585299  -1.56350714996  -1.56149383655  -1.55832088523  -1.5528109801  -1.54227229417  -1.51864272288  -1.44523066753  -1.11519068731  0.309117141656  1.11534678807  1.26552982394  1.34278366442  1.37446965991  1.39300748472  1.41122209387  1.43285603566  1.4564623303  1.47907764545  1.49877403559  1.51508902539  1.52806627237  1.53779486124  1.54515416719  1.55080741249  1.55499481229  1.55809366994  1.56059517459  1.56292731688  1.56516997593  1.56739767385  1.56868299557  1.56916242953  1.56894854594  1.56836348649  1.56756773969  1.56662620481  1.56554658984  1.56489255266  

0.0  0.0266482806378  0.106872072563  0.184016812463  0.252292314901  0.31603993498  0.375881661438  0.437378780123  0.502937571039  0.574242044839  0.653133914151  0.722079339535  0.764685783022  0.808799872813  0.850402440245  0.916620776749  0.990591170452  1.06675920021  1.14317103372  1.21930253893  1.29494021787  1.37015086246  1.44543620936  1.52195643219  1.59954760674  1.67487217759  1.74900432307  1.82378471929  1.89714846415  1.96856592279  2.04191463819  2.12169866344  2.20028887466  2.28127383475  2.34556117003  2.40786166799  2.46164012169  2.51013478365  2.55563546708  2.59931828357  2.64194867916  2.66482806378  

