4.27248927065e-20  0.793144360157  2.8895339991  4.86319369598  6.73430590833  8.61971677992  10.1790755995  11.6216810106  13.1068064947  14.6916072402  16.4135553049  17.4408243037  18.4380476899  19.4539865007  21.0926328206  23.1770201212  25.4683125202  27.8349696733  30.2466726135  32.7073882649  35.0016443224  36.9833638611  38.778389374  40.5803062839  42.557031074  44.6183852478  47.0207992266  49.49283944  51.9838945683  54.5255897871  56.8713460321  59.0077729118  61.0497591694  63.0528816334  65.0408990621  67.0203433042  68.9832991047  70.9081425468  72.7672011539  74.541633636  76.2283912761  77.8355636997  79.3760563219  79.8338898786  

3.00381016111e-20  -0.00104810834909  -0.0139107603875  -0.0394037157692  -0.0755580181178  -0.12378832295  -0.172624624968  -0.225011290989  -0.286162715572  -0.359448655739  -0.448215859761  -0.504964276998  -0.560443361417  -0.614886426819  -0.696287071031  -0.787574416678  -0.871808471808  -0.941109325357  -0.993499039771  -1.02878341131  -1.04696606197  -1.05405142791  -1.05634148216  -1.05645429836  -1.05436503609  -1.04829464025  -1.03302754905  -1.00486571509  -0.961693137846  -0.901514545545  -0.831480825161  -0.755824056114  -0.673146568554  -0.582261845621  -0.482325682259  -0.372761622577  -0.253542857552  -0.125680376854  0.00873096853611  0.147426432671  0.288899269154  0.432533503086  0.578354412909  0.6232340914  

-3.78222335336e-20  -0.00264331280189  -0.00962985465687  -0.0162073439738  -0.0224430212559  -0.0287259626242  -0.0339213432352  -0.0387254285165  -0.043664869346  -0.0489129348015  -0.0544512007906  -0.0567902692239  -0.055399223772  -0.0524583118732  -0.0472982359265  -0.0405900648011  -0.0331979977885  -0.0256272311119  -0.0181012528122  -0.0109245076066  -0.00536607524855  -0.00217031406934  -0.000584901683969  0.000432195924104  0.0018369550859  0.00435185068553  0.00876496983485  0.0144228016138  0.0206626812239  0.0271810635733  0.0331295711604  0.0384266225002  0.0434079179866  0.0482997032358  0.0532766201884  0.0584792496801  0.0639756445499  0.0697065526798  0.0755048992505  0.0812043173522  0.0867145374743  0.092015220503  0.0971244126584  0.0986466283264  

1.38315117251e-19  0.0264314254038  0.096227551141  0.162005749371  0.224822036413  0.289129666524  0.344066031478  0.397624955923  0.457087317675  0.527370816004  0.614335463838  0.672316672579  0.732611144237  0.79709989954  0.904985100943  1.04482165836  1.19569761462  1.34175352409  1.47473189236  1.59061619091  1.68121537407  1.74948532116  1.80718114406  1.8636017336  1.92450766535  1.98599537163  2.05315301269  2.11664180575  2.17737135694  2.24154421469  2.30887676282  2.38146112556  2.46335306796  2.5563581228  2.66055418779  2.7746947992  2.89632029356  3.02174913976  3.14652275787  3.266616397  3.37932402381  3.4831854511  3.57755599705  3.60436165641  

-7.34029948404e-21  -3.16018466445e-05  -5.80459621756e-06  0.00217938527447  0.0137498419769  0.0539405013816  0.125760532308  0.233204137956  0.391779848262  0.621514013505  0.950448482107  1.18892011533  1.45252451698  1.75504144806  2.30813032128  3.11227718748  4.09922614867  5.19494717543  6.34671393586  7.50882087443  8.53942305548  9.36914380983  10.0706834788  10.7347745921  11.430098986  12.1306588058  12.9199681731  13.6889582356  14.3963397229  15.0294651681  15.5334194658  15.9401259036  16.3058000729  16.6698186711  17.0635850871  17.5120196148  18.0308307531  18.6227962697  19.2774385004  19.9773692341  20.7058945148  21.4499463871  22.1997563712  22.4279463111  

-2.06464924221e-19  1.75617007873e-05  0.00075319997711  0.00354493854395  0.0106590399234  0.0260832617616  0.0466270969891  0.0718736853991  0.103844388032  0.144538203371  0.196579616674  0.231328977386  0.266482014893  0.302128535402  0.357350970743  0.421418580257  0.481093553313  0.527692164794  0.556141246718  0.562683707233  0.548191807056  0.522932623964  0.494594316504  0.464951902235  0.433011790906  0.398701800427  0.351228518246  0.286325770715  0.199599376677  0.0888736413418  -0.0292428859671  -0.144437723274  -0.255656805076  -0.360925486796  -0.457948996823  -0.544910762707  -0.62070156618  -0.68479463616  -0.737180308302  -0.778514060384  -0.810038263677  -0.833249296866  -0.849629661353  -0.853469300188  

2.00595989555e-19  2.77427658376e-05  0.00134289459411  0.00630141474279  0.0158618656693  0.0301771348878  0.0450874714706  0.0613455026609  0.0808498169017  0.105220983981  0.136445495307  0.157593330314  0.180137372832  0.205495751266  0.251633800216  0.320201383119  0.409148484829  0.516599959536  0.642551345243  0.787631148088  0.936798711159  1.07532895474  1.20781940423  1.34695570635  1.50618777979  1.67942927137  1.89078986603  2.11900055638  2.35945757886  2.61445035073  2.85717724622  3.08375199921  3.30531659614  3.52828884209  3.75672796773  3.99361794593  4.24076457755  4.49816775703  4.76411806554  5.03676839299  5.31551250461  5.60102343159  5.89480634809  5.98617284954  

-7.21606119355e-20  0.0010481424535  0.0138888356079  0.0387784942819  0.0711710028333  0.1080917836  0.14030585385  0.17179011579  0.206591649972  0.24705040325  0.295407008223  0.326471448537  0.358391232244  0.393048186827  0.453315474952  0.537680793376  0.640209046461  0.756360320824  0.884396023766  1.02336734258  1.1584413498  1.27779803236  1.3871696401  1.49767588303  1.6194949645  1.74720210796  1.89672875973  2.05006528152  2.20118951853  2.34782054349  2.47269833587  2.57541172615  2.66280378654  2.73840778578  2.80450760941  2.86311020371  2.9161335895  2.96532914856  3.01223216324  3.05824439091  3.1046727731  3.15268434028  3.20329607444  3.21935861931  

-9.68670278844e-21  0.0264342023702  0.0963012971255  0.162040102721  0.224188329815  0.286487386975  0.337913856973  0.385761677165  0.435718744547  0.490299344609  0.551632460687  0.589311671695  0.626910964316  0.666707738181  0.733983603748  0.82526293328  0.933338311016  1.05364605117  1.18496315096  1.32681721448  1.46431149968  1.58541875035  1.69591314594  1.80689609185  1.92814338232  2.0534253159  2.19657093746  2.33757151843  2.46818664261  2.58308870321  2.66676648419  2.72030953405  2.74916809809  2.75569126303  2.74149401412  2.70851786582  2.65945391076  2.59792507447  2.52821880124  2.45438142713  2.37942377359  2.30523615809  2.23287354229  2.21129747562  

-0.0352842770772  -0.0352853221902  -0.0353428906537  -0.035573801182  -0.0360398865038  -0.0367869795209  -0.0376020358636  -0.0385072547079  -0.0395972741414  -0.0409400890336  -0.0425704999784  -0.0435769836818  -0.04453864663  -0.0454964123098  -0.0469694425741  -0.0486595563827  -0.0501961990199  -0.0513679871275  -0.0521434361779  -0.0526224204711  -0.0529606169992  -0.0532759531595  -0.0535880652  -0.0538721848426  -0.0540757186559  -0.0541450790978  -0.0541736781707  -0.0545001426657  -0.0556479545975  -0.0582155077897  -0.0622208336804  -0.0674055444716  -0.0737468692445  -0.0812006603245  -0.0896583766392  -0.0989448664834  -0.108812455278  -0.118946153992  -0.12902151931  -0.138810182798  -0.148230004767  -0.157309636067  -0.166133733984  -0.168784571454  

1.63988804318  1.63988897783  1.63992393093  1.63998989712  1.63997185234  1.63970410315  1.63917726087  1.63836670966  1.63713080681  1.6352815328  1.63262364929  1.63077892765  1.62887548562  1.6268424398  1.62344194497  1.61910606162  1.61470459993  1.61097661894  1.6082559275  1.6064115714  1.60499043672  1.60356583271  1.60206998637  1.60063404085  1.59955042644  1.59916210466  1.59898860351  1.59689139603  1.58907483022  1.57049764779  1.53976546945  1.49776480674  1.44369856468  1.37688934079  1.29720380609  1.2051938338  1.10231340681  0.991074670223  0.874619616969  0.755534676959  0.634998563299  0.512873759954  0.388163984214  0.349473776161  

20.2189357619  18.9216232406  15.5098418965  12.4027721708  9.63885843756  7.11584756226  5.27811828761  3.80232489155  2.51626078774  1.40090240845  0.472197317461  0.0476785673839  -0.282919956793  -0.547353004305  -0.835539447001  -0.998531951992  -0.984479212545  -0.835670587634  -0.616894847042  -0.386772507631  -0.208576840687  -0.103396545831  -0.0538494704511  -0.0467089261306  -0.0792771724624  -0.141897414537  -0.225532302971  -0.297191062001  -0.340314880728  -0.357478313928  -0.363518523908  -0.374949846328  -0.402108077477  -0.454652014417  -0.547432960135  -0.706504870045  -0.973460836726  -1.403543152  -2.05492487582  -2.97598061212  -4.1990629088  -5.73898637974  -7.59184534949  -8.21476538071  

1.75148938109  1.75203018505  1.75629834869  1.75963225753  1.75931920519  1.75454438128  1.74653107167  1.73546194991  1.72050771672  1.70137448621  1.67881079938  1.66574812801  1.65407251575  1.6432330654  1.62787987485  1.61173557467  1.59775481517  1.58657868292  1.57715528675  1.56738404125  1.5559001642  1.54302717541  1.52913177429  1.51393712355  1.49699841658  1.47949097344  1.45759656408  1.42854070663  1.38561677287  1.32058743347  1.23693297392  1.13930934645  1.02722729262  0.901093493476  0.762690061731  0.615269999536  0.463918307919  0.315749849144  0.179048346485  0.0613829423294  -0.0314605179946  -0.0951590136936  -0.126201284744  -0.128687070745  

-0.203161730295  -0.202597884411  -0.196233351349  -0.185546981713  -0.173354745568  -0.159854620553  -0.147689294926  -0.13570531838  -0.122969101403  -0.109545310423  -0.0961433447049  -0.0892536540231  -0.0835617998312  -0.0786471010673  -0.0722666507362  -0.0662818959397  -0.061721575605  -0.0585107182332  -0.056050192067  -0.0535769731407  -0.0506865304652  -0.0475142433624  -0.0441791416453  -0.0406032543834  -0.0366434879139  -0.0325288882623  -0.0274414631817  -0.0211909329064  -0.0131231177929  -0.002664917254  0.0088629158233  0.0204907291566  0.0320624997336  0.0432943470341  0.0538101982054  0.0632039102522  0.0710623019184  0.0769860584063  0.0806370797496  0.0817724524806  0.0802034325192  0.0757267591797  0.0680891716001  0.0650913503606  

-0.309919544912  -0.150953911718  0.236610502975  0.560882643229  0.824774775372  1.02484442542  1.12665686993  1.1669536705  1.1561302184  1.08976872486  0.959527484308  0.857726010026  0.751218035563  0.644714310191  0.485003029585  0.309171597542  0.156136627946  0.0455892063785  -0.0165371748825  -0.0302107076129  -0.00554845943657  0.0338299530432  0.0740110088889  0.112582405218  0.151695895937  0.193045057449  0.250258199961  0.325125960007  0.41571414599  0.515512380279  0.603112503371  0.669125214275  0.711934483359  0.72832679833  0.714432776438  0.666532585946  0.581858204535  0.459931336213  0.303947134691  0.120722626171  -0.0805149453883  -0.28880696558  -0.491313049775  -0.549552736883  

-0.170912272028  -0.174493209041  -0.216183158422  -0.27605536825  -0.306253176348  -0.285605835383  -0.242168560343  -0.196497468137  -0.153527260352  -0.116540976296  -0.0869469219859  -0.0735985175448  -0.0628781922589  -0.0536511661483  -0.0414669518897  -0.029007183418  -0.0176265773971  -0.00815939888266  -0.00190290876628  -0.000451104708764  -0.00427570474819  -0.0114159689017  -0.0205144457809  -0.0318183218782  -0.0465474261538  -0.0644673196377  -0.08836575273  -0.114977797637  -0.140742330116  -0.160966547116  -0.169058606928  -0.163801989862  -0.145315414068  -0.113600891304  -0.0692746858333  -0.0138844506598  0.0500130734822  0.119059804247  0.189853030863  0.260086111007  0.329115394495  0.397670329968  0.46731038113  0.489018136272  

-0.11950230598  -0.106206633839  -0.0644190267179  -0.00530003050048  0.0565688457246  0.0996679612463  0.114605283913  0.116116001675  0.111395793458  0.104878996851  0.100208443471  0.0993213461562  0.099676289118  0.101019338153  0.10432270124  0.108017875839  0.108014650506  0.101358038072  0.0878688464101  0.0698423806528  0.0528181270394  0.0404902276033  0.0324067620741  0.0277169389015  0.0268446962173  0.0312919931262  0.0448290286372  0.0703168155443  0.109742345743  0.164485530294  0.226064248617  0.288004409603  0.348515426734  0.405202969113  0.455336662222  0.49650789024  0.527219857732  0.547395775031  0.558537943904  0.563148232308  0.563628934182  0.561407135603  0.556531450164  0.554338222148  

1.3290098731  1.33817111715  1.35528009667  1.35186301772  1.32148313258  1.26121151282  1.19144122819  1.11438073139  1.02617354195  0.92649252225  0.817685688162  0.755948972103  0.701526375376  0.653415806356  0.590714412386  0.532437289734  0.488173895204  0.456497508847  0.433054903566  0.414695317493  0.40120704216  0.392069893917  0.38556425179  0.380282816594  0.375337520636  0.370598709203  0.36519226494  0.359537404248  0.353709173499  0.347663370643  0.341844683798  0.335891747243  0.328900478197  0.31984873228  0.307454612071  0.289970838704  0.264933387956  0.229023653256  0.178314040401  0.108820685772  0.0170184061269  -0.0997369259396  -0.242788431736  -0.291541080602  

2.64342032205  2.64342032205  2.64342032205  2.64342032205  2.64342032205  2.64342032205  2.64342032205  2.64342032205  2.64342032205  2.64342032205  2.64342032205  2.64342032205  2.64342032205  2.64342032205  2.64342032205  2.64342032205  2.64342032205  2.64342032205  2.64342032205  2.64342032205  2.64342032205  2.64342032205  2.64342032205  2.64342032205  2.64342032205  2.64342032205  2.64342032205  2.64342032205  2.64342032205  2.64342032205  2.64342032205  2.64342032205  2.64342032205  2.64342032205  2.64342032205  2.64342032205  2.64342032205  2.64342032205  2.64342032205  2.64342032205  2.64342032205  2.64342032205  2.64342032205  2.64342032205  

-1.56207099573  -1.56147252322  -1.55940312187  -1.55645624128  -1.55210340331  -1.54495345327  -1.53519069772  -1.52020307816  -1.49227532999  -1.42570273404  -1.14730204998  -0.21542883611  0.903955748078  1.17691107283  1.29679331468  1.33179783293  1.32117571991  1.27261386671  1.17093629889  0.973430877308  0.667175889789  0.370253350251  0.198333470108  0.171699067697  0.285214032813  0.482770861658  0.694321207611  0.828710895249  0.885418377446  0.88742517429  0.862936721799  0.83861096871  0.82866628276  0.841863276109  0.884637827565  0.959908013003  1.06114969321  1.16999738434  1.26660698521  1.34167419923  1.39609204304  1.43459140388  1.46181394328  1.46842303061  

0.0  0.0264342032205  0.0963033331563  0.162083606469  0.224448764928  0.287293464605  0.339271378733  0.387355984707  0.436850253052  0.489639952863  0.54688403954  0.580798225331  0.613626775507  0.647271535826  0.701675240175  0.770934863356  0.847060147203  0.925632934337  1.00559375121  1.08699084966  1.16262114889  1.22773794875  1.28662817038  1.34572189879  1.41055843425  1.47822556232  1.55721878975  1.63865097438  1.72080842131  1.80467610118  1.88207783292  1.95256223581  2.01992894803  2.08602827512  2.15166699973  2.21708986569  2.28206673659  2.34590324503  2.40768055097  2.46675169096  2.52298835595  2.57663732927  2.62811282367  2.64342032205  

