1.21337779902e-18  0.793389625361  2.91474691681  4.92135444683  6.90971009319  8.46052012659  10.0248790884  11.5280392686  13.0551899461  14.6615848011  16.3876994619  17.544432504  18.5881091157  19.5533174526  21.1856251405  23.2159679469  25.4222752346  27.7063050654  30.0492836331  32.4590479297  34.6791032912  36.6476743706  38.4420423611  40.2739190849  42.1701856561  44.1427002301  46.3715870873  48.5977289865  51.0320200739  53.5546872604  56.3214132689  58.8145798422  61.0028845501  63.0391343584  64.9773494168  66.835326558  68.6187751931  70.3277244459  71.9624733728  73.5271686811  75.0299720486  76.4816034449  77.8940806751  79.2803444707  79.7368091545  

-8.63708686789e-19  -0.00104880012236  -0.014155245886  -0.0403540482187  -0.0795505244851  -0.119267455148  -0.167450778014  -0.221427668882  -0.28396109906  -0.358071966918  -0.447041746663  -0.511388759116  -0.570153864806  -0.622525054779  -0.704764665704  -0.795242323935  -0.878472701069  -0.948097295757  -1.00229058651  -1.04060507011  -1.06216267786  -1.07353857197  -1.08091545092  -1.08753396966  -1.09350739805  -1.09695859802  -1.09394045472  -1.08031611797  -1.05097024638  -1.0034368011  -0.930695024405  -0.846358483049  -0.757201572975  -0.661001541546  -0.557161215287  -0.44612723411  -0.328824457671  -0.206490903682  -0.0803301870873  0.0488207023669  0.180612855043  0.315140739356  0.452864443771  0.594586255338  0.642674343534  

-1.15748759694e-19  -0.00264419647352  -0.00971416656634  -0.0164017571197  -0.0230286100717  -0.0281971229343  -0.0334103068276  -0.0384180850848  -0.0435014937682  -0.0488329731317  -0.0544579397515  -0.0574208563039  -0.0560052836236  -0.0531607356228  -0.0479833742024  -0.0414208534965  -0.0342778866414  -0.0269443551036  -0.0196036994692  -0.0125770750764  -0.00737170967549  -0.00470659979967  -0.00383245609457  -0.00352097998902  -0.00272394350946  -0.000573613158756  0.00358076476981  0.00893928979455  0.0154779926133  0.0225630419865  0.0304684518484  0.0377286371946  0.0443169273923  0.0506680877266  0.0568754038499  0.0629251166156  0.0687893776011  0.0744417283371  0.0798684731666  0.0850752044257  0.0900844376292  0.0949291959789  0.0996479630153  0.104282972524  0.10580991754  

-8.00145487834e-19  0.0264400047926  0.0970619629737  0.163909169964  0.23067486866  0.283575355936  0.338462314874  0.39387899961  0.454494892991  0.524972079662  0.610940212364  0.675565640929  0.738337576592  0.799173827408  0.905473136435  1.03963571804  1.18229142126  1.32078179615  1.44838451895  1.56170638756  1.65093175738  1.72174834226  1.78360354223  1.84651543913  1.91165218548  1.9779116891  2.04816682833  2.11153272363  2.17371793225  2.23479870357  2.30706568944  2.38658317343  2.47427889667  2.5745791979  2.68808200231  2.81267111638  2.94451340119  3.078886625  3.21125845918  3.33810439215  3.45713375931  3.56709420487  3.66745825224  3.75815805078  3.78614032736  

-6.51552636626e-19  -3.16209541791e-05  -4.1038208384e-06  0.00208242732079  0.0136309480525  0.0423081740595  0.103519062768  0.203171096919  0.352521615842  0.568318224953  0.874829198673  1.12677854353  1.38783475564  1.65905037756  2.17521310974  2.90254114511  3.7748810228  4.73510640649  5.74211215529  6.75910401052  7.64698201541  8.38227630302  9.01411161551  9.63452558906  10.2668826632  10.9271395024  11.6779871139  12.4159825216  13.1752379827  13.8718268329  14.5040305286  14.9617020076  15.3030520255  15.6035834309  15.9077345122  16.2457889245  16.637000417  17.0896416624  17.6028738295  18.1702985951  18.7833724622  19.4335732172  20.1134330998  20.8169889522  21.0548307963  

6.36366266204e-19  1.75775651661e-05  0.000768022068572  0.00356303262754  0.0109461822196  0.0227162336861  0.0415503981095  0.0663156399782  0.097748314407  0.137331693523  0.187317367894  0.22499193144  0.260517782594  0.292992475021  0.345177123662  0.403397712421  0.455927575414  0.495960647544  0.519320364115  0.522809285805  0.508334795267  0.485624422217  0.462622563155  0.441479732171  0.423560223589  0.406507995227  0.381737165787  0.342739449044  0.276894589489  0.18016434822  0.0432954718355  -0.100570053252  -0.235461580985  -0.361811200308  -0.477246343468  -0.5787888143  -0.664368960501  -0.73328692245  -0.786281015327  -0.825142890199  -0.852136911108  -0.869539108724  -0.879393802285  -0.883431995145  -0.883738772652  

-7.15756835441e-19  2.77699001821e-05  0.00137845032337  0.0065277603088  0.0169983941644  0.0285901825024  0.0425604139657  0.0579183865479  0.0757460887621  0.0974713735178  0.12489230023  0.145887489493  0.166843733194  0.188251388849  0.228992396184  0.288022591547  0.363207925293  0.453501690961  0.559229192611  0.681160013034  0.804253080934  0.921120861344  1.03347454424  1.15358248379  1.28354506312  1.42509340704  1.59351453753  1.77112527243  1.97569267463  2.19754192849  2.44956873106  2.68208326476  2.8894546589  3.08548663747  3.27601367333  3.46408134328  3.65184537716  3.84083069119  4.03227613929  4.22746167144  4.42785311394  4.63512572757  4.851194029  5.07833124846  5.15659250268  

-1.34994913486e-18  0.00104882561886  0.0141326729185  0.0397001804437  0.074458666618  0.104259335463  0.134764348302  0.164824396998  0.197204753158  0.234294985535  0.278355612459  0.310434511582  0.341277676429  0.371740125818  0.427263970983  0.503173581151  0.593968666363  0.696476344778  0.809602293846  0.932791342952  1.05066148818  1.15744630674  1.25610762014  1.35800350389  1.46493520472  1.57820548509  1.70898986252  1.84175388664  1.98673224698  2.13226593493  2.27998510998  2.39724231521  2.48510574111  2.55345149076  2.60696388608  2.64902238024  2.6827583915  2.71107996446  2.7365532851  2.76129221048  2.78694263742  2.81476026147  2.8457327258  2.88071230703  2.89334473847  

-1.65712208394e-19  0.0264428151475  0.0971433517394  0.163979162355  0.229991044886  0.281153368099  0.332503608049  0.381902075985  0.432616503971  0.487091198074  0.547523174418  0.589271631831  0.628019915843  0.665247222557  0.731141009108  0.81842337517  0.920236516661  1.03333309974  1.15703528168  1.29114367062  1.41906896777  1.53451370824  1.64064275721  1.74955396804  1.86283237047  1.98128079072  2.11539764143  2.24777454116  2.38659671671  2.51740080661  2.63603998773  2.71218687637  2.74976460202  2.75770496964  2.74058726349  2.70262350547  2.64844250324  2.58289719883  2.51050457912  2.43491485828  2.35872074518  2.283570008  2.21038899932  2.13958376821  2.11663422601  

-0.0262006793564  -0.0262014669996  -0.0262437959291  -0.0263971071599  -0.026688448919  -0.0270538108076  -0.0276036160651  -0.0283319594171  -0.0292774942444  -0.030484892756  -0.0319795944547  -0.0330371280942  -0.0339822359257  -0.0348421221238  -0.0362451597372  -0.0378629976633  -0.0394090443461  -0.0407442369086  -0.0418559323713  -0.0428234367818  -0.0436764823375  -0.0444554834886  -0.0451450337165  -0.0457271938297  -0.0460864572448  -0.0461311754058  -0.0458236764602  -0.0453366272466  -0.044973064437  -0.0452822151142  -0.0470237939932  -0.0502653398491  -0.0545898119451  -0.0598814536572  -0.0660086454271  -0.0728143967464  -0.0801553881918  -0.0879223428746  -0.0960604393975  -0.104577386949  -0.113533971593  -0.12302657149  -0.133172211383  -0.144101069622  -0.147923603028  

1.32016043379  1.32016114537  1.32018821656  1.32024086249  1.32024996393  1.32016072847  1.31989294786  1.31936790576  1.3184714787  1.31704959961  1.31493554822  1.31323093419  1.31156746041  1.30993934485  1.30704481388  1.3033247804  1.29935083461  1.29553610547  1.29202918354  1.28867622121  1.28545667433  1.28229850443  1.27932975734  1.27668347816  1.2749639175  1.27474495032  1.27639891535  1.27915887588  1.28132900854  1.27932630959  1.26741911791  1.2438691543  1.21065265344  1.16786289736  1.11581278098  1.05515230103  0.986563474618  0.910555957406  0.827212115182  0.73600398982  0.635771999516  0.524806982669  0.40093228861  0.261514413708  0.211305447153  

16.8571385106  15.8109212599  13.0129457352  10.4337976487  8.02220636939  6.29224147606  4.7206993996  3.39946667676  2.25918609768  1.28055712291  0.470058133014  0.0567159070728  -0.236728950823  -0.449642741634  -0.694062266593  -0.829116453012  -0.817619822816  -0.693357743  -0.50680662054  -0.306611865095  -0.152122873003  -0.058535894403  -0.0159300965975  -0.014382811943  -0.0507874419031  -0.116592335678  -0.204229133231  -0.283746787444  -0.344424051639  -0.378848427068  -0.414738482502  -0.498637013507  -0.665644028589  -0.94741209964  -1.37517198253  -1.97968848306  -2.79042077485  -3.83135009439  -5.11667670769  -6.6481080003  -8.41277644735  -10.3803045144  -12.4983323405  -14.6860552732  -15.4080710843  

1.4581795823  1.45862827954  1.46218962866  1.46506002621  1.46543714497  1.46399604061  1.46070175252  1.45516876453  1.44671979605  1.43487908949  1.41989438226  1.40965445945  1.40100367357  1.39354185208  1.38194881254  1.36894508228  1.35613367889  1.34376376151  1.33114714325  1.31692407714  1.30148994064  1.28562276581  1.27011582254  1.2547374699  1.24089790009  1.22960740031  1.21971729622  1.20947256089  1.19171818337  1.15832704386  1.09549786311  1.01015903061  0.911520604634  0.801016365159  0.681903601076  0.559043225241  0.438163794618  0.325387862722  0.226540740375  0.146659282783  0.0899221251498  0.0598114362558  0.0592596939699  0.0906764971937  0.108487038168  

-0.163874956845  -0.163410941489  -0.158353994907  -0.150629380434  -0.14267830015  -0.136584274849  -0.129854977926  -0.122365847833  -0.113727586126  -0.103981017359  -0.0936868307234  -0.087519557276  -0.0827570643813  -0.0789460816152  -0.0735167940701  -0.0680635842773  -0.0632669457647  -0.0590878707584  -0.0551666116207  -0.0510233770814  -0.0467717063018  -0.0426219633227  -0.0387428969871  -0.0350163301083  -0.0316857763497  -0.0288481863989  -0.0260686536875  -0.0230083613828  -0.0182983716129  -0.010922173475  0.000734769541214  0.0143354688093  0.0281521783679  0.0419159788488  0.055131610177  0.0671996277139  0.0775123182453  0.0854747830067  0.0905306466103  0.0921643079044  0.0898762247832  0.0831537591325  0.0714515693203  0.0541781852623  0.0471074231338  

-0.392465113795  -0.265019167258  0.0475720663772  0.309013120673  0.533974877088  0.675663153991  0.777970624431  0.833049875759  0.844899291479  0.810923574503  0.724888070984  0.642267986841  0.559243242074  0.483982084112  0.366402234852  0.241309332693  0.135213783657  0.0599064722673  0.0190555972741  0.0125034095231  0.0313799709044  0.0579938753162  0.0811923555608  0.0989739995414  0.111824017104  0.124895296082  0.1487488494  0.189282820185  0.254249857479  0.338654787897  0.43707597044  0.51450648473  0.560472110081  0.57493295219  0.5556885047  0.50124596973  0.412283863245  0.292447395851  0.148451932453  -0.0103888310334  -0.172596052493  -0.32454052831  -0.450045945321  -0.529658036032  -0.541986607383  

-0.0505050458531  -0.0533849896565  -0.0876504162535  -0.140884098999  -0.179875787258  -0.183100183469  -0.163907600528  -0.134563554615  -0.103433559699  -0.0751301271321  -0.0517623253093  -0.0397594802343  -0.0308322690552  -0.0238300844708  -0.0142438195648  -0.00516227700101  0.00222189556657  0.00743277089008  0.0097861752809  0.00853960626818  0.00420352958991  -0.00162306061685  -0.00807849112438  -0.0156767952824  -0.0249602545447  -0.0369008562187  -0.0542495945995  -0.0763559768952  -0.105649909256  -0.139412402708  -0.175296759046  -0.200725207268  -0.213365657281  -0.214537638064  -0.205007139287  -0.185703838488  -0.15755322298  -0.121094063343  -0.0761504750771  -0.0216882186995  0.0441184106059  0.123707855958  0.219955630909  0.336074928215  0.379583480427  

-0.0696800378132  -0.0661307246014  -0.0533023391285  -0.0248071209701  0.0152577079879  0.0422986458717  0.0590998590745  0.0660848762085  0.0678209371648  0.0680514512475  0.0697324373277  0.0722636741774  0.0752621065128  0.0783954928141  0.0836544960257  0.0882528147736  0.0886612992059  0.08312325613  0.0720743386753  0.0576723956976  0.0445531499123  0.0347477230642  0.0277896043392  0.0225364859316  0.0189246394877  0.0174034896897  0.019623743192  0.0281867270347  0.0480008466701  0.0834841509985  0.142657677547  0.214380034556  0.290226584484  0.369720789266  0.451746395417  0.535206791008  0.619485344233  0.704248414628  0.789133761488  0.873374396225  0.955405011969  1.03251124921  1.10052605088  1.15351324517  1.16644660303  

1.01360542066  1.01930970298  1.0331715605  1.0362837119  1.02038170076  0.99157175459  0.948231343669  0.895028912538  0.832070104595  0.759555142199  0.679122732613  0.626942799208  0.584035814348  0.549358555022  0.501234660814  0.456355314227  0.421225862268  0.39488589933  0.37468161919  0.358632389144  0.347018910649  0.338870886636  0.332865739367  0.327759226589  0.323291415797  0.319403201509  0.315853288118  0.313053309241  0.310666045654  0.308740687568  0.306627393335  0.303192958186  0.296733181562  0.284931699095  0.264753279877  0.232422303233  0.183654377188  0.114190235141  0.0203660080763  -0.100502480887  -0.24988022603  -0.427742427433  -0.632147210778  -0.858579676603  -0.93729566213  

2.64428159955  2.64428159955  2.64428159955  2.64428159955  2.64428159955  2.64428159955  2.64428159955  2.64428159955  2.64428159955  2.64428159955  2.64428159955  2.64428159955  2.64428159955  2.64428159955  2.64428159955  2.64428159955  2.64428159955  2.64428159955  2.64428159955  2.64428159955  2.64428159955  2.64428159955  2.64428159955  2.64428159955  2.64428159955  2.64428159955  2.64428159955  2.64428159955  2.64428159955  2.64428159955  2.64428159955  2.64428159955  2.64428159955  2.64428159955  2.64428159955  2.64428159955  2.64428159955  2.64428159955  2.64428159955  2.64428159955  2.64428159955  2.64428159955  2.64428159955  2.64428159955  2.64428159955  

-1.56302509329  -1.56251064029  -1.56071294252  -1.55814719357  -1.55416375304  -1.54930188448  -1.54156786649  -1.52914923946  -1.50609023104  -1.45232393344  -1.24290869043  -0.330735148555  0.948259535556  1.20116222034  1.31538991307  1.3463113693  1.33430735956  1.28502043277  1.17918658147  0.961190030053  0.608433301202  0.257499736929  0.0704561595686  0.062824255391  0.216932493794  0.46802338386  0.728026344434  0.896731149362  0.992403750948  1.03212150955  1.0550639223  1.10393202006  1.18165407244  1.26470199645  1.33525000439  1.38892481484  1.4281458851  1.45655524301  1.47720064004  1.49230591981  1.50342134737  1.51160593257  1.51757065385  1.52177512276  1.52283115831  

0.0  0.0264428159955  0.097145470024  0.164025645511  0.230301170076  0.281995574538  0.334143902392  0.384252482672  0.435156238777  0.488681903671  0.54611045162  0.584357851653  0.618723345926  0.650704100324  0.704917392481  0.772401089044  0.845721630935  0.921569466125  0.999267344685  1.07898139293  1.15213923288  1.21678394811  1.27562831813  1.33569158515  1.39787402404  1.46260999085  1.53590414011  1.60927712574  1.6896482536  1.77302014483  1.86450911826  1.94700990739  2.01951082246  2.08707872241  2.15149309656  2.21332432336  2.27274241426  2.32973249896  2.38429260551  2.43655223784  2.48677744091  2.53532174871  2.58258372608  2.62899418712  2.64428159955  

