-1.61359364711e-18  0.354754946457  2.00261634625  3.60181327052  5.47164467239  7.07095412263  9.10162734881  11.1064209696  13.2655290816  15.7478272929  18.3816777087  21.107710756  23.9018937267  26.1552282542  28.4296361668  30.7268904785  33.1326578158  35.5909421316  35.7894262484  

6.19962735423e-19  -0.000204269287419  -0.00647725650451  -0.0207921229265  -0.0471371085706  -0.0758650942945  -0.112477093958  -0.140703621024  -0.159155340509  -0.164264214684  -0.151487090839  -0.121644762611  -0.0818333596017  -0.051180856841  -0.0266633375252  -0.0103421278203  -0.00205550066713  -4.71896891644e-05  -8.83329903384e-06  

7.05877478007e-19  -0.001155026002  -0.00647371027157  -0.0114890754571  -0.0167410270338  -0.019119434602  -0.0166639524921  -0.0116218811117  -0.00558180396387  0.00139693163605  0.00824287075475  0.0134596470319  0.0146863793262  0.0126130268961  0.00913363261019  0.00529816412914  0.00187964441025  0.000204456954307  0.000192031147382  

0.0  0.011785811564  0.0664703871885  0.119443143867  0.181371972175  0.234303774556  0.301687768173  0.368361527289  0.439521736022  0.519236389365  0.600008746224  0.67903380527  0.756776188566  0.818878852755  0.881857275609  0.946101915841  1.01451801097  1.08586133961  1.09166186393  

0.0  -6.67281092007e-06  -0.00010375567185  0.000340920411328  0.00474467483329  0.0202121180074  0.0741544490023  0.179031386566  0.352462026937  0.621918439973  0.973187183018  1.38610518072  1.84638882127  2.24903387787  2.69948409814  3.21956647055  3.85658393511  4.6233756881  4.69068889618  

-1.1447527095e-19  1.5687648666e-06  0.000253057501633  0.00138638584879  0.00517933917938  0.0124886296124  0.0278652309599  0.0468837540039  0.0677702178392  0.0883254083712  0.10278969751  0.108575276072  0.108781854816  0.111230547955  0.120974633896  0.140864520099  0.172862524457  0.21441635869  0.217964201884  

-1.81521311696e-18  2.45727708378e-06  0.0004423225266  0.00255962317687  0.00871430997433  0.0177903123097  0.0344854601588  0.0568259580769  0.0879686554214  0.13393990979  0.195942911084  0.275699883937  0.37507542721  0.469146303923  0.577444530298  0.701150346591  0.847160478971  1.01532819765  1.02980673808  

0.0  0.000208367202989  0.00663151318531  0.021333453537  0.0480401924198  0.0767722535019  0.118362631525  0.164529733127  0.220456768991  0.293364708849  0.38089894307  0.481953661702  0.595732837272  0.69468157273  0.800954784282  0.915006813948  1.0423358289  1.18190962178  1.19363792884  

0.0  0.0117860742367  0.0665016922642  0.11951844612  0.181250985103  0.233624257904  0.299987283007  0.366127839658  0.438495837252  0.523512214517  0.615849296418  0.713234466916  0.814377190882  0.89696462892  0.981667197674  1.06931562902  1.16444296739  1.26642374146  1.27490344616  

-0.00712406745515  -0.00712406877587  -0.00712425746859  -0.0071239534805  -0.00712391840666  -0.00715187136119  -0.00727797825465  -0.00749817479834  -0.00780608510247  -0.00822375768339  -0.00872971748577  -0.0093117502865  -0.00995063491485  -0.0104750093498  -0.0109837973651  -0.0114386180726  -0.0117959634063  -0.0119570903509  -0.0119581185727  

0.0261650503774  0.0261650516276  0.026165185205  0.0261651008711  0.0261648302139  0.0261565288976  0.0260765214973  0.025854848705  0.0254232857555  0.024651819972  0.0234659988597  0.0217931012741  0.0195994802377  0.0175264752275  0.0152766553328  0.0130520203627  0.0111357978539  0.0102001641346  0.0101938596906  

0.180050661551  0.170816588228  0.127060185451  0.0845693106656  0.0377087620694  0.0027589988364  -0.0320731660609  -0.054503965311  -0.0651814237624  -0.0621102342617  -0.0453480085416  -0.020075003039  0.00631957073051  0.0229608028409  0.0322602976389  0.0322725871527  0.0220187771852  0.0021182019607  0.00015758037704  

0.023188066861  0.0231894964343  0.0232097919568  0.0232105357165  0.0232048235596  0.0231914068408  0.022955949948  0.0222556528809  0.0208956525677  0.0186090804213  0.0155076229735  0.0118562471564  0.00805294866353  0.0052545232906  0.002926653468  0.00125222151545  0.000284632577827  -1.27449481006e-08  -1.19352000044e-06  

-0.00574428057691  -0.00574295223964  -0.00571763109977  -0.00571735355058  -0.00578106203363  -0.005759637766  -0.00544110650996  -0.00483029177181  -0.00398411956587  -0.00292807871641  -0.00184874553724  -0.000895479603448  -0.00018525212406  0.000155189573915  0.00028984296037  0.000250610947865  0.000106671802612  -1.30651475476e-06  -2.20075523985e-06  

-0.0260468405076  -0.0239787334939  -0.0142910001225  -0.00392563122193  0.00997836213727  0.0219060920305  0.0343047203194  0.0425751364145  0.0474798320116  0.0489740217481  0.0466936857409  0.0410323249967  0.0326923108078  0.0249126576553  0.0169993620418  0.0098245074146  0.00397432700057  0.000223490269721  2.16145907808e-05  

-0.112595617079  -0.112613610915  -0.112832256803  -0.112172916078  -0.108825062495  -0.103762689174  -0.095703079831  -0.0872438510361  -0.0782886084595  -0.0682685933296  -0.0576763219733  -0.0464866319412  -0.0347889140567  -0.025449285245  -0.0165569483583  -0.00873507597569  -0.00267351378392  3.33345885749e-05  5.10592456889e-05  

0.0459950317584  0.0464320837678  0.0483736395781  0.0506098795615  0.05464453931  0.0594344507828  0.0659720257453  0.0715140569366  0.0758457165375  0.0787231545306  0.079426439563  0.077480405519  0.0722245294741  0.0651534096674  0.055087774718  0.041661900566  0.0239160777597  0.0019002133089  -4.18690718522e-05  

0.208888013603  0.2072589767  0.199591156158  0.191853873671  0.182039512906  0.172594587277  0.159008402348  0.144263171338  0.127632007602  0.108323623601  0.0882663128867  0.0684076697378  0.0492176275051  0.0348193803924  0.0218047062744  0.0110076624388  0.0032202395628  2.50976598185e-05  6.92346160371e-06  

1.17860742433  1.17860742433  1.17860742433  1.17860742433  1.17860742433  1.17860742433  1.17860742433  1.17860742433  1.17860742433  1.17860742433  1.17860742433  1.17860742433  1.17860742433  1.17860742433  1.17860742433  1.17860742433  1.17860742433  1.17860742433  1.17860742433  

-1.37548328349  -1.36521267943  -1.29746335843  -1.17215700924  -0.813881075177  -0.0770020474161  0.722429629016  0.968267350169  1.03126202978  0.986011155671  0.804491192572  0.407089884927  -0.126341887615  -0.413158912948  -0.53111525288  -0.513736223186  -0.357303407625  -0.0354152431239  -0.00263553185609  

0.0  0.0117860742433  0.0665019107097  0.11952562599  0.18132690474  0.233887840675  0.300586436515  0.366710898115  0.438051585838  0.520077056647  0.606984241845  0.696654345619  0.788308237968  0.862247993681  0.936964914281  1.01245835973  1.09146548373  1.17209972402  1.17860742433  

