-1.50188611209e-22  0.408273507812  1.18723418992  1.9349121335  2.64483018443  3.3057012398  3.92451461709  4.54702072724  5.17529740434  5.81702713535  6.47967855071  7.16445146187  7.86445063362  8.57258847827  9.23756299877  9.50370935404  9.79032660231  10.0913883479  10.3711769848  10.6550310898  11.1595523917  11.7325126814  12.4681422137  13.3070219191  14.1850318462  15.1021479888  16.058148583  17.0533948637  18.0892166758  19.1683577251  20.2955970999  21.4517069988  22.5225032204  23.5315559813  24.4996319773  25.437266907  26.3499924433  27.2399227974  28.1044586513  28.9307997687  29.6919819824  30.357491411  31.0436098115  31.7623580754  32.5528948408  33.4195502341  34.352311742  35.333555  36.3765387032  37.4442215257  38.4962323695  39.5146881046  40.4707936422  41.0526266718  

7.69501000251e-23  -0.000277356251781  -0.0023451527248  -0.00622846406668  -0.01163620051  -0.0181759513627  -0.0256148900366  -0.0343808288633  -0.044531051561  -0.0562479204408  -0.0697742747557  -0.0852694768161  -0.102689793327  -0.121906149512  -0.141320598277  -0.149401474283  -0.158219382791  -0.167498297769  -0.176029503342  -0.184515195155  -0.199060344509  -0.214651973746  -0.23315061595  -0.25211308019  -0.26949892156  -0.284955899454  -0.298119014011  -0.308618841585  -0.316073296065  -0.320070742579  -0.320141397559  -0.315862377524  -0.30797761651  -0.297109918546  -0.28356924215  -0.267580492315  -0.249358944205  -0.229180642569  -0.207532592863  -0.18543946756  -0.16461971852  -0.146694294594  -0.128937331371  -0.111405611346  -0.0935765509147  -0.0759075796677  -0.0591579086741  -0.0440933397141  -0.0309054231  -0.0202725710411  -0.0123444698893  -0.00661101815259  -0.00235894460699  -1.29143117389e-05  

2.26840703122e-22  -0.00135941628395  -0.00395278120985  -0.00644151948768  -0.00880400613412  -0.0110026181096  -0.0130605389661  -0.0151297026691  -0.0172165465138  -0.0193457498753  -0.02154042551  -0.023800933626  -0.0260957227034  -0.0283744407345  -0.0303635159256  -0.0310019153885  -0.0313620142462  -0.0311441629388  -0.0305440497832  -0.0297694858213  -0.028242349366  -0.0264224986442  -0.0240376290778  -0.0212904483685  -0.0184006399039  -0.0153740930732  -0.012214573296  -0.00892280131563  -0.00549587182218  -0.00192620265221  0.00180007922604  0.00561649843534  0.00914277160262  0.0124526354976  0.0156069462752  0.0186253044122  0.0214934327954  0.0241408847833  0.0263606744128  0.0276807317127  0.0277076102901  0.0268689414953  0.025506415903  0.0237964664259  0.0217465869481  0.0194018501047  0.0168386809291  0.0141595548773  0.0114022434931  0.00878086648883  0.00656055963561  0.00497565296598  0.00418386449507  0.00405734927589  

0.0  0.0136012172127  0.0395433204625  0.064428991371  0.0880488000595  0.110040034766  0.130647765303  0.151406679137  0.172396709072  0.193883668626  0.216129962942  0.239199718875  0.262904585442  0.287069124578  0.309979082836  0.319205678184  0.329171070689  0.339698781004  0.349568753973  0.359658647077  0.37773715264  0.39843613443  0.425195160527  0.45585464107  0.487974197123  0.521398075037  0.555923327866  0.591330637206  0.627402319414  0.663942488049  0.700802063819  0.737084384285  0.769260446234  0.798336113306  0.825158229452  0.850237032804  0.873932459147  0.896514532434  0.918143037888  0.938754269344  0.95795675793  0.97509613134  0.993143608808  1.01239309712  1.03384282537  1.05752245023  1.08301628877  1.10968290325  1.13774756924  1.16614829658  1.19384665218  1.22045212358  1.24526615693  1.26027676006  

0.0  -9.00037247179e-06  -6.22504885064e-05  -0.000104922744404  -5.4388552072e-05  0.000174319025411  0.000687252426224  0.00172631903764  0.0036925168975  0.00725438315541  0.0134363724415  0.0235896800553  0.0391493668827  0.061434496263  0.0892968777145  0.102478895334  0.11801632713  0.13592026488  0.154110136326  0.174109470166  0.213458038801  0.263951882485  0.337618657059  0.433321955394  0.546176015449  0.677018102737  0.826371523815  0.994511828384  1.18150955866  1.38729031885  1.61171985806  1.84911746616  2.07288277039  2.28489392424  2.48739344164  2.68097315173  2.86548985792  3.04036456163  3.20443138823  3.35534276642  3.48968465627  3.60447771365  3.72131910013  3.84332916177  3.97876325773  4.1310239986  4.30223598872  4.49391617158  4.71438435116  4.96162399345  5.22969574716  5.51458256807  5.80594889555  5.9947721882  

1.12404505033e-23  2.45096167059e-06  5.73544861042e-05  0.000237546301002  0.000586873763173  0.00112644244831  0.00188648838412  0.00299309111975  0.0045860176774  0.00686926242577  0.0101048794105  0.0145587662501  0.0204087059964  0.0277279825261  0.0358760293357  0.0394598975541  0.0434942369607  0.0478896480971  0.0520828998678  0.0564095389381  0.0642087033199  0.0731424564605  0.0845896520337  0.0974241270631  0.110396638915  0.123226883351  0.135596467534  0.14715517797  0.157516533501  0.166247057442  0.172846599086  0.176662635072  0.177300874364  0.17518097789  0.170542131059  0.163538044325  0.154318294898  0.143095845707  0.1302769829  0.116741449016  0.10398322643  0.0933663039694  0.0835198612  0.0747975462908  0.06739283296  0.0621540971648  0.0600554951204  0.0618915739562  0.0683491534944  0.0795555378079  0.0947032486587  0.112535822678  0.131187445842  0.142988496574  

1.80266887043e-22  3.77712469822e-06  9.29782296722e-05  0.000402748212252  0.00102834252403  0.00200446716929  0.00334163317674  0.00516278522963  0.0075323226296  0.0105339663378  0.0142622473686  0.01878364551  0.0240980670194  0.0301768355484  0.0365193420583  0.0392250939184  0.0422429085527  0.0455400769069  0.0487360718987  0.0521105656341  0.058433866482  0.0661226961721  0.0768044278467  0.090136711077  0.105462331697  0.123037357594  0.143138666311  0.166079647797  0.192225136642  0.222014483052  0.255998761892  0.293977192249  0.33203102632  0.370456150305  0.409674300762  0.44985388952  0.491021072622  0.533071710258  0.575663636047  0.617915669308  0.658214690691  0.694627502696  0.733347961189  0.77517490463  0.822645441057  0.876430796152  0.936356097881  1.00170393343  1.0738233959  1.15059591452  1.22929737408  1.30855778681  1.38593462844  1.43454259502  

-1.2850030454e-22  0.000277505757095  0.00234640858655  0.00623038107894  0.0116301064568  0.0181318330884  0.0254647333239  0.0339815617797  0.0436261727109  0.0544199845987  0.0663997496011  0.0795091660639  0.0935505568672  0.1083356924  0.122708987834  0.128582431238  0.134979045859  0.141801576485  0.148266284283  0.154949283853  0.167124055957  0.181403027525  0.200449886924  0.223175047649  0.248138749045  0.275529110635  0.305529286073  0.338338006869  0.374183831319  0.41334542973  0.456182520617  0.50208967669  0.546304128184  0.589370195723  0.631872435008  0.674047359361  0.715951218804  0.757499605273  0.798387300055  0.837844242725  0.874523387094  0.906919023384  0.940645625102  0.976307094278  1.01589874174  1.05974649903  1.10749600524  1.15843566131  1.21351536883  1.27108249266  1.32918343123  1.38694777136  1.44273716053  1.47751247532  

0.0  0.0136016174548  0.0395516825189  0.0644581370701  0.0881045336182  0.11011342751  0.130715352255  0.151429602783  0.172319117418  0.193631543189  0.215606376858  0.238276718585  0.26141296326  0.284783326644  0.306686245192  0.315427044253  0.324815740807  0.334684639547  0.343903550815  0.353304360281  0.370110244382  0.389328559779  0.414207735778  0.442876087678  0.473246256973  0.505392132841  0.539380267222  0.575293646078  0.613243016112  0.653380744491  0.695920813301  0.740131009112  0.781516127614  0.820804529916  0.858660396321  0.895369451407  0.931026723394  0.965591710823  0.998840878649  1.03020254454  1.0587241126  1.08343078481  1.10870720123  1.1349871005  1.16368797494  1.19497208453  1.22854119748  1.26389591648  1.30172075865  1.34093008076  1.38026732097  1.41920417313  1.45666864019  1.47994862825  

-0.0241002836427  -0.0241003241731  -0.0241013695461  -0.0241052365164  -0.0241131942493  -0.0241253032912  -0.0241409302137  -0.0241604937286  -0.0241836061633  -0.0242103220252  -0.0242412147266  -0.0242770352902  -0.0243182061092  -0.0243648466884  -0.024413271343  -0.024433858221  -0.0244567468508  -0.0244816534598  -0.0245057271503  -0.0245311276948  -0.0245788557256  -0.0246375405596  -0.0247214008318  -0.0248322628539  -0.0249717445843  -0.0251517436113  -0.025388077313  -0.0257011354336  -0.0261166652029  -0.0266669477053  -0.0273927202445  -0.0283223201462  -0.0293722000549  -0.0305446872174  -0.0318494645191  -0.0332907752812  -0.0348682038725  -0.0365752936607  -0.0383933401847  -0.0402756700801  -0.042135759256  -0.0438654432591  -0.0457516443238  -0.047839665112  -0.0502685558769  -0.0530910265302  -0.0563165696487  -0.0599210369586  -0.0639893158552  -0.0684021434073  -0.0729844644948  -0.0776241415102  -0.0821399963854  -0.0849524833709  

0.42192672903  0.421926767068  0.421927619782  0.421930229705  0.421934477893  0.421939314581  0.421943582672  0.421946518365  0.421947123009  0.42194446652  0.42193742248  0.421924522409  0.421904146817  0.421874726961  0.421837831095  0.421820341277  0.421799700175  0.4217758602  0.421751505602  0.421724468904  0.421670138103  0.421597444061  0.421483346635  0.42131632485  0.421084081343  0.420754611718  0.420281285879  0.41959803059  0.41861316508  0.41720084911  0.41518830175  0.412410060138  0.409049502823  0.405060529861  0.400367899069  0.394909784347  0.38863958921  0.381535789773  0.373634648958  0.365113758059  0.35637356907  0.347976623417  0.338539872647  0.327770846909  0.314840794046  0.29930271395  0.280912285748  0.25961363435  0.234689238894  0.206663521885  0.176540311945  0.145040882202  0.11346198036  0.0933504097487  

3.72497586121  3.55328160123  3.22504160082  2.91044549007  2.61347754287  2.33964870429  2.08645924706  1.83578432888  1.58780614592  1.34073093899  1.09329416056  0.847004176584  0.606354003387  0.375571077429  0.17161272147  0.0937622893936  0.0124806620269  -0.0702865578172  -0.145079311905  -0.218794834046  -0.344040644311  -0.476819099972  -0.631929030187  -0.787072581499  -0.924069875492  -1.03904606635  -1.12816335508  -1.18782769126  -1.21478507974  -1.20619286071  -1.15967233949  -1.07570991777  -0.969299265924  -0.847993758639  -0.716559557091  -0.57928401447  -0.440243393927  -0.303433700722  -0.173037231866  -0.0539083411792  0.0488188642457  0.131696934288  0.208924040822  0.279312418482  0.34252874709  0.392782023492  0.422738349063  0.425998614913  0.397778920634  0.337433918345  0.252121715165  0.153249893937  0.0560258516513  9.65422962629e-05  

0.456351319566  0.456390593906  0.456636109998  0.456988876692  0.45733897113  0.457616173592  0.457799708933  0.457898254866  0.457915375719  0.457863211198  0.457752799657  0.457588329262  0.457365208584  0.457070699107  0.456716927461  0.456551774312  0.4563578641  0.456134070062  0.455903929328  0.455644811045  0.455108344128  0.454355836194  0.453111851402  0.451223004676  0.44859469513  0.445007114998  0.440208785763  0.433913270627  0.425794317029  0.415477298548  0.402524387032  0.386806202602  0.369984733162  0.352132761593  0.333218984339  0.313309456446  0.292540898527  0.271125962802  0.249411384227  0.228022989296  0.207924182571  0.19013877139  0.171732160695  0.152556731372  0.131831795338  0.109861746116  0.0874796417148  0.06579961484  0.045371557535  0.0278013449552  0.0143101557843  0.00529411744922  0.000773215937557  1.87899211352e-06  

-0.0520946654133  -0.0520554607176  -0.051774807308  -0.0512828064732  -0.0506604779587  -0.0499964743088  -0.0493484397361  -0.0487128462883  -0.0481184772179  -0.0475740529602  -0.0470732013794  -0.0466003237267  -0.0461360269832  -0.0456604176481  -0.0451929895516  -0.0449986940896  -0.0447845473779  -0.0445524616747  -0.0443272395359  -0.0440866686702  -0.0436217307936  -0.0430227887414  -0.0421207853798  -0.0408818680112  -0.0393194971688  -0.0373783995921  -0.0350079734615  -0.0321624276986  -0.0288011680029  -0.0248890135589  -0.0203962703014  -0.015418883318  -0.0105455572163  -0.00579410508118  -0.00116304352221  0.00331698470607  0.00759901313804  0.0116248500686  0.0153214969878  0.0185909762689  0.0213259261071  0.0234662306133  0.0253909270794  0.0270580940654  0.0284282152053  0.0293095269177  0.0294576749406  0.0286336796977  0.0265630653457  0.0230737332627  0.0181969230514  0.0120499902862  0.00495691133564  -1.21754673616e-06  

-0.0989216065263  -0.0773974662644  -0.0375776179056  -0.000690147033086  0.0333842179942  0.0644827803417  0.0931686118081  0.121587651831  0.149656151884  0.177358293925  0.204477922642  0.230410705293  0.254281620643  0.275424554817  0.292427225607  0.298476939923  0.304569700338  0.310648120974  0.316154470414  0.32167037775  0.331368548314  0.342274188531  0.35616212149  0.371871458564  0.388141295928  0.404848754664  0.421772024271  0.438587028771  0.454854748406  0.470003655257  0.483302297791  0.493617002071  0.499589122042  0.501594469731  0.499843832932  0.494428068741  0.485421858664  0.47293867548  0.457200528346  0.438700872115  0.418445003407  0.398046244284  0.374435856921  0.34714962759  0.314593484305  0.276576075822  0.233988209687  0.188682977292  0.141701250318  0.0969050203095  0.0581799448651  0.0278740778855  0.00766388405281  1.09940156336e-05  

-0.12402724219  -0.124273353311  -0.126176960312  -0.129847126139  -0.134947693037  -0.14089948519  -0.147198559305  -0.153816035088  -0.160291699373  -0.166215797289  -0.171225547871  -0.17503644726  -0.177538782867  -0.178856804974  -0.179251841092  -0.179239437318  -0.179142068265  -0.178962876787  -0.178740247964  -0.178472706007  -0.177928519865  -0.177256056118  -0.176378003115  -0.175407950159  -0.174421981776  -0.173342331912  -0.172000073794  -0.170119137511  -0.167297244891  -0.162978988032  -0.156413761403  -0.146848545981  -0.134820380164  -0.120171941856  -0.102652627078  -0.0820714505622  -0.0583075023943  -0.0313471116703  -0.00140437446877  0.0307731444759  0.0636203927988  0.095011893173  0.130092002293  0.169870213104  0.217284406119  0.273792694352  0.34007556205  0.416142780727  0.504397674188  0.602930428649  0.708359360657  0.818478787923  0.929168306137  1.00001543818  

-0.0880642875612  -0.0830390569251  -0.0734860639809  -0.0640400411137  -0.0545307859303  -0.0450527258487  -0.0356122169958  -0.0256606131331  -0.0153515664045  -0.00481283738577  0.00579694106841  0.0162382829895  0.0262373905853  0.0356537932471  0.0439278845918  0.0471050083849  0.050450523395  0.0539014247371  0.0570729068748  0.060263373729  0.0658807116067  0.0722119815694  0.0803456988175  0.0897560914926  0.0999147444462  0.111024983997  0.123303628124  0.136978945914  0.152282098067  0.169436512187  0.188644954645  0.20957068376  0.22982238443  0.249375903078  0.268227079579  0.28619982239  0.303023491886  0.318363491918  0.33182391731  0.342950465508  0.351368614431  0.357049991096  0.361018000946  0.362831673402  0.361686736586  0.356146632658  0.344489399156  0.324956953926  0.294841822326  0.252567804651  0.197951221214  0.131116107545  0.0542243693532  -1.09559097853e-05  

0.639349638184  0.642863797866  0.649069079127  0.654277975451  0.658393952521  0.661361339366  0.663267908959  0.664230360651  0.664137669862  0.66286300867  0.660240576036  0.656108503742  0.650392896695  0.643109316294  0.634960711192  0.631374913242  0.627338484175  0.62293780728  0.618730786432  0.61437468533  0.606464704284  0.597276603225  0.585227669374  0.571214921758  0.556307443176  0.540534193061  0.523924137149  0.506490357362  0.488219407509  0.469058373919  0.448897086598  0.428031394556  0.408487022598  0.389822236705  0.371632957381  0.353694640375  0.335871219579  0.318084961222  0.300328732866  0.282733499692  0.265653818425  0.249749982022  0.23229075011  0.212890329885  0.190428762509  0.164815472525  0.136676145445  0.107265591543  0.0773613507372  0.0496249944025  0.0267242735745  0.0103325254265  0.00157148096553  1.31186660211e-07  

1.36016174705  1.36016174705  1.36016174705  1.36016174705  1.36016174705  1.36016174705  1.36016174705  1.36016174705  1.36016174705  1.36016174705  1.36016174705  1.36016174705  1.36016174705  1.36016174705  1.36016174705  1.36016174705  1.36016174705  1.36016174705  1.36016174705  1.36016174705  1.36016174705  1.36016174705  1.36016174705  1.36016174705  1.36016174705  1.36016174705  1.36016174705  1.36016174705  1.36016174705  1.36016174705  1.36016174705  1.36016174705  1.36016174705  1.36016174705  1.36016174705  1.36016174705  1.36016174705  1.36016174705  1.36016174705  1.36016174705  1.36016174705  1.36016174705  1.36016174705  1.36016174705  1.36016174705  1.36016174705  1.36016174705  1.36016174705  1.36016174705  1.36016174705  1.36016174705  1.36016174705  1.36016174705  1.36016174705  

-1.53845802063  -1.53689654882  -1.53344772017  -1.52940838251  -1.52469661906  -1.51928440363  -1.51300930633  -1.50508678132  -1.49478888201  -1.48075269958  -1.46038401413  -1.42845433434  -1.37289300739  -1.25713376109  -0.952533517903  -0.654593748929  -0.101710946457  0.521231196437  0.869467134355  1.05985395418  1.22771407725  1.31797148492  1.3776325243  1.41433490735  1.43649144757  1.45034932665  1.45874809943  1.46303000496  1.46371251772  1.46070150199  1.45323549198  1.4399042142  1.42042744517  1.39260680252  1.35211160128  1.2909904559  1.19373387287  1.02840120537  0.733583582721  0.261563893103  -0.227703039255  -0.540756708469  -0.74011275385  -0.862608422415  -0.937753228796  -0.976474479628  -0.983191321267  -0.957858465507  -0.893419093637  -0.778662177519  -0.604586654047  -0.376059817202  -0.135578650228  -0.000227285397221  

0.0  0.0136016174705  0.0395516923767  0.0644583236433  0.0881057485354  0.110118004229  0.130727888274  0.151458887794  0.1723795774  0.193744740912  0.21580118276  0.23858540892  0.261861356891  0.285378637209  0.307399613127  0.316175710248  0.325591408445  0.335473754695  0.344688896043  0.354067255882  0.370779329372  0.389793649303  0.41423363573  0.442123440032  0.47132615053  0.501836752565  0.533645206736  0.566761585834  0.601228470357  0.63713543616  0.674639354441  0.713097569834  0.748708980151  0.78225513417  0.814422584933  0.845554868799  0.875824501479  0.905282502108  0.933813496498  0.960977384895  0.985947821976  1.00780484986  1.03038392578  1.05407644319  1.08016563611  1.10878671821  1.13959884142  1.17200696023  1.20643253847  1.24163270361  1.27625885601  1.30971818945  1.34108416837  1.36016174705  

