2.94029088715e-19  0.231701242219  1.94211121002  3.62870937345  5.60896004272  7.74124496528  9.56945861397  11.603057787  13.9192129377  16.2352404408  18.551001491  20.8666055343  23.1578928895  

1.07335512551e-18  -2.66039160915e-05  -0.0016527334649  -0.00510102804693  -0.0105265324396  -0.016903647933  -0.0217441297263  -0.0253097057086  -0.0261281604603  -0.0233776180765  -0.0176506217569  -0.00964088421093  2.89113826603e-05  

-3.7622379289e-19  -0.000224112295912  -0.00155576491002  -0.00239758221445  -0.00290853192476  -0.00286011486699  -0.00226470968188  -0.00112035858498  0.000433867477779  0.00185537701281  0.00295561003616  0.00382002419491  0.00436025061898  

0.0  0.00784866193255  0.0657705133833  0.122856933541  0.189960796658  0.261891297831  0.322610141048  0.3889547401  0.463269479598  0.536513208308  0.608821041402  0.680262571363  0.750133754514  

0.0  -8.79362485016e-07  -4.91327485794e-05  -0.000303401716438  4.52908041883e-05  0.0140228975807  0.0564262049885  0.151248913506  0.327263956206  0.576549983746  0.897278012038  1.2870712237  1.73845998152  

6.74101345291e-19  1.31807540021e-07  3.84920260086e-05  0.000108285287377  0.000836860265438  0.00579101434063  0.0154807155457  0.030971928614  0.0518541815952  0.0739423217359  0.0960823643862  0.117786646698  0.138616132754  

4.10725611219e-19  7.25335583963e-07  0.000427521696247  0.00277298791844  0.00990688517387  0.0239472019345  0.0411432133453  0.0660516615721  0.102762603104  0.149633253623  0.207939353916  0.278849525594  0.362482923828  

0.0  9.24040689488e-05  0.00649290521249  0.0225681162062  0.0525350305816  0.0938525288439  0.133894041055  0.183312087043  0.246880183899  0.318915760119  0.399630105919  0.488978276405  0.585766543734  

8.80220959441e-19  0.00784873977916  0.065802056985  0.12296347225  0.190078281165  0.262278939203  0.324134596879  0.393197058738  0.472788052287  0.553951329155  0.637110731527  0.722570231066  0.809626884617  

0.00254342283838  0.0025434227938  0.00254335572616  0.00254215049074  0.00253945402711  0.00257115042568  0.00265537389124  0.00278411672765  0.00291552995725  0.00297088346625  0.00289486086059  0.00263442521411  0.00214673371143  

0.000880212980514  0.000880213023537  0.00088025951357  0.000880723630196  0.000881102117368  0.000894027206278  0.000956817744282  0.00110043093777  0.00130156349705  0.00140855688356  0.00121478674543  0.000442575294972  -0.00122486432082  

0.0038923755293  0.00368698950291  0.00238948615638  0.00144397871071  0.000492955984884  -0.000707332203049  -0.00180260513797  -0.00269321693198  -0.00292424573008  -0.00242843950853  -0.00177135853907  -0.00133051357908  -5.55228246138e-06  

0.0026567614249  0.00265684539472  0.00266348941391  0.00267832482046  0.00268351692543  0.00265672166204  0.00260583941632  0.00247229568384  0.00214483015268  0.00160413828441  0.000922961125724  0.000288638380603  -1.5394288717e-07  

0.000210455730332  0.00021053808919  0.000216405846802  0.000241082644356  0.000315219577165  0.000430146872015  0.000551593427109  0.000729336504625  0.000967532334408  0.00116274396752  0.00118253662042  0.000856769006247  4.91518048483e-07  

0.00388384235789  0.00389342338069  0.00384598364964  0.00332237473751  0.00208666048778  0.00105963531478  0.00105346057074  0.00168198766448  0.00242351629464  0.00255523741218  0.00187091617738  0.000701881146126  -9.40489299978e-07  

-0.0252351865072  -0.0252356341072  -0.0257038361503  -0.0283825503278  -0.035483669326  -0.0452372282511  -0.0524986508278  -0.0579397266615  -0.0598787270132  -0.0563203131697  -0.0460435165823  -0.0276438281525  -1.39163164635e-05  

-0.0629581618177  -0.0623633725977  -0.0579430244685  -0.0536561730486  -0.0492638363063  -0.0455037753241  -0.0420845682412  -0.0370154489357  -0.0293266711896  -0.0201746404784  -0.0108320054912  -0.00322130905041  -5.57365316157e-06  

-0.0776296266154  -0.0761543036222  -0.0657018668621  -0.0561488101471  -0.0458181225562  -0.0355626069775  -0.027414084324  -0.0192140355513  -0.0113678358877  -0.0055145166608  -0.00186393160748  -0.000256545597264  8.20989113274e-06  

0.784873977932  0.784873977932  0.784873977932  0.784873977932  0.784873977932  0.784873977932  0.784873977932  0.784873977932  0.784873977932  0.784873977932  0.784873977932  0.784873977932  0.784873977932  

-2.84457291794  -2.85940584847  -2.95585805434  -3.02847468035  -3.10278836509  3.0866273955  3.00664744693  2.9504836399  2.9436222695  2.97954352886  3.01981864207  3.0409243175  3.14107537639  

0.0  0.00784873977932  0.0658020933092  0.122964252617  0.190088081344  0.262368766596  0.324337185302  0.393256488837  0.471743886631  0.550231284424  0.628718682217  0.70720608001  0.784873977932  

