-2.03162306432e-18  0.799235758424  3.1085177726  5.27939362691  7.21551064964  9.10105702816  10.8502839582  12.6184526865  14.5061722917  16.574616128  18.8789246857  21.5122064022  22.8847178412  24.2311724536  25.6227079179  27.5951101168  29.8702622463  32.241591692  34.6198030483  36.9726960113  39.284959663  41.5564468141  43.8024136826  46.0546536371  48.3122084801  50.4322933663  52.4537205078  54.428938296  56.4067130093  58.4394865953  60.5234460438  62.7245030261  65.2615602129  67.7740159711  70.0071245054  72.2555062435  74.5738089481  76.3142056692  78.0279062342  79.5804025099  79.9466653823  

4.06082014755e-18  -0.00106440060201  -0.0161014209633  -0.0464447973616  -0.0867601677551  -0.138035810172  -0.196206346496  -0.265378335679  -0.35073292486  -0.457883779962  -0.593939041315  -0.770173035317  -0.868513395016  -0.963994244329  -1.0580160898  -1.1813569929  -1.30843150654  -1.42323044839  -1.52011006414  -1.59784545226  -1.65657405589  -1.69712483021  -1.72044853789  -1.72704399162  -1.71674605775  -1.69164002506  -1.65376463665  -1.60360105522  -1.54033515977  -1.46170453342  -1.36676553943  -1.2507269852  -1.09686475177  -0.923255552497  -0.751204577853  -0.561119011926  -0.347424624478  -0.175152925961  0.00447639469671  0.175816465959  0.217434049281  

-2.28878458891e-18  -0.00266380910561  -0.01036056468  -0.017596328061  -0.02405008272  -0.030335791175  -0.0361674562314  -0.0420623133348  -0.0483546613443  -0.0552438528939  -0.0628880115638  -0.0712252772609  -0.0729266508631  -0.0699955975607  -0.0658707290022  -0.0596795561213  -0.052389867269  -0.0447190627423  -0.0369718794087  -0.0292584875326  -0.0216379959623  -0.0141227775371  -0.00667265519706  0.000810918385102  0.00832051405399  0.0153780880119  0.0221107753203  0.0286922605968  0.0352846083106  0.0420625459224  0.0490134596787  0.0563574281907  0.0648254611758  0.0732137643657  0.0806694649928  0.0881718539186  0.0958987938829  0.101700273737  0.107422780188  0.112616654634  0.113843112839  

0.0  0.0266357432468  0.103525870154  0.175959726486  0.241145789292  0.30587985135  0.368617711457  0.437106889412  0.519197698125  0.624614074647  0.768699997302  0.980585844912  1.11471376781  1.2597352276  1.41921116128  1.65562594821  1.93406279643  2.21858452704  2.48512673266  2.71830924158  2.9083268255  3.05135396662  3.14917107521  3.20838888185  3.23961241282  3.2578199876  3.27992013574  3.31855874937  3.38302391379  3.48016253498  3.6102733344  3.77300945467  3.97674192927  4.1770529057  4.34113709456  4.48515609722  4.60686158047  4.67915185106  4.734236551  4.77060181951  4.77734475489  

0.0  -3.20429263662e-05  6.89330307279e-05  0.00367251852112  0.0216794801399  0.0756921657709  0.177904367814  0.346252092575  0.611017116318  1.01858684155  1.64332329185  2.62250599689  3.2611700035  3.98440942354  4.83205180051  6.19368235462  7.97041901308  10.0128393419  12.1954798886  14.4112336846  16.5556168139  18.5360397191  20.2777107843  21.7239241342  22.8115409411  23.4850649093  23.8376571288  23.9669288363  23.9658298528  23.9282002963  23.9535188624  24.1427378699  24.643149718  25.4595499833  26.4311977827  27.5995630439  28.9478881322  30.0194575669  31.0965667637  32.0707474279  32.2983073694  

-1.46842829722e-19  1.79661390212e-05  0.000933505108585  0.00470879285712  0.0140984240396  0.0325711898069  0.0590164188641  0.094560634823  0.142078302838  0.205946648696  0.293174306457  0.416751326671  0.491348722673  0.567753734822  0.64670273492  0.755592896144  0.8731507742  0.981471444915  1.06920425365  1.12798772671  1.15058740915  1.13097155958  1.06412008915  0.945483044964  0.774873523516  0.573127041921  0.353433333434  0.126105077595  -0.0993453683913  -0.31392579631  -0.503239066122  -0.661108732409  -0.787357434938  -0.860002731583  -0.890382421463  -0.898140116214  -0.891034555914  -0.880077464001  -0.867193121575  -0.855163878873  -0.852387473402  

1.8781511868e-18  2.83914657565e-05  0.00167163770808  0.00799873284384  0.0191275117065  0.034736193647  0.0531415273781  0.0758754143185  0.105430958599  0.145118333599  0.199794122789  0.277966264388  0.326037729494  0.379119010352  0.440885118169  0.541273390746  0.677272168701  0.843716309378  1.03704909345  1.25437519917  1.49186466386  1.74540661799  2.01141881444  2.28752892623  2.56660843688  2.82430679024  3.0612722157  3.28199651802  3.49211619363  3.69922619  3.90750851631  4.13113802149  4.4058767868  4.70912292222  5.01430757848  5.36259296279  5.77063252213  6.11268763523  6.4815864714  6.84473066675  6.93455389906  

9.15796937575e-19  0.00106441134921  0.0160654495777  0.0453925402894  0.0804172771629  0.118516936091  0.15647775033  0.198192673241  0.247465037253  0.308009033502  0.38449659385  0.484871955821  0.543013052237  0.604872202718  0.674303364773  0.782425715637  0.921651335819  1.08350969079  1.2626296547  1.45510443341  1.65656744136  1.86247343355  2.06841375179  2.27019331813  2.45933587449  2.61733319814  2.74458013498  2.84370150499  2.91757179689  2.9695782384  3.00316195086  3.02501697944  3.04441766382  3.06878221204  3.10178716043  3.15000400583  3.21800847132  3.28219914384  3.35688281705  3.43464505976  3.45441705883  

0.0  0.0266385668488  0.103604690769  0.175898706237  0.24015332733  0.302472635483  0.360419151506  0.419779246495  0.484857409293  0.559256353141  0.647450813961  0.757348171762  0.81911478033  0.883764723834  0.955426440846  1.06593629302  1.20770005483  1.37359667668  1.56040673026  1.76655347228  1.98966183735  2.22644468711  2.47273353656  2.72327618079  2.96544624407  3.17062689317  3.33305032441  3.44988027837  3.51845881642  3.53621313291  3.50229176033  3.41854429173  3.27826485984  3.11296738014  2.95792335803  2.80312023008  2.65049493552  2.5423954632  2.44191059543  2.35599601403  2.33641940595  

-0.015850833366  -0.0158511656448  -0.0158665847206  -0.0158697741188  -0.0158821005244  -0.0161357145181  -0.0166890141557  -0.0175147814406  -0.0186294074278  -0.0200842153425  -0.0219467969008  -0.02425802978  -0.0254423824964  -0.0265435101945  -0.0276080481244  -0.0289672578801  -0.0302739210801  -0.0312621153903  -0.0317693108579  -0.0316872094433  -0.0309506607451  -0.0295450533648  -0.0275045141633  -0.0249040003086  -0.0219264143014  -0.0190268126228  -0.0164052306817  -0.0141875542275  -0.0124769953153  -0.0113719142841  -0.0109855985576  -0.0113859720473  -0.0127654349474  -0.0149059410314  -0.0172849640667  -0.0200288400053  -0.0232336085112  -0.0259942212111  -0.0291738574833  -0.0326270358798  -0.0335421763796  

0.890592969608  0.890593265104  0.890602222144  0.890604658595  0.890599496954  0.890466079204  0.890011925285  0.889090981762  0.887512586527  0.884995409717  0.881157639247  0.875590712553  0.872423927704  0.869289503288  0.866078338642  0.861700850352  0.857160432405  0.853455523804  0.851416698069  0.851787595904  0.855207477095  0.862126110424  0.872760812536  0.887094513925  0.904440344668  0.922254545781  0.939188895252  0.954223906985  0.966388959403  0.974636104512  0.977653129943  0.97429157225  0.962045838725  0.94175916113  0.917712438091  0.888150845645  0.851194608434  0.817305466808  0.776028568889  0.728676645129  0.715715856352  

13.6085491116  12.8955820617  10.81781308  8.88779935278  7.24070595747  5.75412185256  4.51150181954  3.40780420671  2.40724102973  1.51964170013  0.769901395855  0.177552249293  -0.0396569381816  -0.206304533123  -0.339642548535  -0.478254106975  -0.595758459668  -0.708418880128  -0.846172433448  -1.03066089251  -1.26821152496  -1.55148685822  -1.86501480951  -2.19130335635  -2.50803601615  -2.77963070475  -3.00482152895  -3.18506595244  -3.31655684866  -3.38600909055  -3.36751255809  -3.22533023793  -2.88684552086  -2.39012989875  -1.89270524751  -1.48129133244  -1.36684571297  -1.64650109853  -2.34561112594  -3.40149092883  -3.71107815816  

0.530254071642  0.530407700362  0.531267710726  0.531279872627  0.531619360315  0.532129917029  0.53098225392  0.526793547721  0.518322656154  0.504504298309  0.484868132486  0.46022833325  0.448084711106  0.437247495586  0.427234963993  0.415190186621  0.404612888861  0.397797841955  0.395856511734  0.399265359203  0.407971577533  0.421364892491  0.438336280301  0.457359571832  0.476071286025  0.490878574604  0.500419848269  0.503858697717  0.500412024304  0.48906969167  0.468988789968  0.438469726706  0.391570856942  0.33336414117  0.273591211187  0.210113733073  0.150407317041  0.118868187994  0.109272925821  0.128504928221  0.13795770413  

-0.0770157937609  -0.0768584421845  -0.0756303646298  -0.0760869848625  -0.0782830428592  -0.0794453248845  -0.0781978113917  -0.0746665811812  -0.0689670931722  -0.0612780022245  -0.0520215760528  -0.0420421814575  -0.0376352312749  -0.0339699935599  -0.0308146033139  -0.0273529295947  -0.0247346441403  -0.0235228185809  -0.0238346391444  -0.0255699693765  -0.0284679568432  -0.0321335236063  -0.0360842567971  -0.0397935071683  -0.042653785418  -0.0441027428543  -0.0441311877413  -0.0428538161168  -0.040423782306  -0.0370005566338  -0.0328637693837  -0.0281580030293  -0.022624414797  -0.0171885984605  -0.0124949354685  -0.00821235517331  -0.00513426635824  -0.0047413682388  -0.00716952565166  -0.0129539384386  -0.0149489053314  

-0.349102857061  -0.287519709464  -0.114718436564  0.0558731455311  0.213276845189  0.349398572937  0.446520545604  0.512884811056  0.54977657072  0.553235764619  0.516781521493  0.43210088565  0.375121579158  0.317237644355  0.259152945218  0.182040427544  0.102412569802  0.0318204452315  -0.0243281014905  -0.0633908308948  -0.0838652981767  -0.0852085112297  -0.0675825860579  -0.0314767936521  0.0213097114977  0.0830172263015  0.149352736764  0.217780578367  0.286585157646  0.354537232919  0.418466568331  0.476695483412  0.527170534927  0.551919399214  0.543708388604  0.496717270669  0.399226858866  0.292982738083  0.16776095773  0.050077570107  0.0238743268455  

-0.130134985614  -0.131543744419  -0.152069967852  -0.187229105259  -0.212265675016  -0.216370347981  -0.204913777508  -0.186870426292  -0.167452430693  -0.149964216624  -0.135901072654  -0.124508287753  -0.119374535778  -0.114324277332  -0.108840898383  -0.10011135448  -0.087787893843  -0.0715983526428  -0.0518531467465  -0.0298140488025  -0.00775336514781  0.0114441088251  0.0247660523714  0.029439984954  0.023392211947  0.0077354012084  -0.0147049038446  -0.0410480854764  -0.0684343824435  -0.0939999285644  -0.114239628617  -0.126801561554  -0.129550444109  -0.122069652883  -0.109972784776  -0.0949819670421  -0.0766745228561  -0.0588894153768  -0.0344327362598  -0.00243864102137  0.00693520534076  

-0.103665985793  -0.093770678607  -0.065412287539  -0.0282380189226  0.014040927116  0.0537769112047  0.0836278301892  0.106533056329  0.124995095683  0.141019801602  0.156399830347  0.172068153917  0.178976949358  0.184606376051  0.189248607053  0.193651542152  0.194978292732  0.19102105396  0.180440795573  0.162735764309  0.138410533405  0.108965232282  0.0766970660127  0.0444814476474  0.0162892315045  -0.00295973739495  -0.0124477302071  -0.012360473105  -0.00336473984407  0.0134287611854  0.0355818589116  0.0603685241229  0.0856632647001  0.103978312803  0.115116338436  0.125241407378  0.140925168807  0.160295280361  0.187562951057  0.218563017684  0.226444955436  

0.30611514218  0.3143260566  0.335565056717  0.346689898522  0.342519838129  0.321355013137  0.285847211978  0.23552236896  0.167975402231  0.0810081973002  -0.0264199105826  -0.153562914878  -0.217056754211  -0.274318865998  -0.327255518921  -0.392072717478  -0.454239754008  -0.507631531559  -0.552117593425  -0.589057275201  -0.61953423899  -0.644174722405  -0.663183100337  -0.676388950754  -0.683118196946  -0.683014402794  -0.676840827344  -0.664963763104  -0.647236401177  -0.62283922863  -0.591060842409  -0.549506336043  -0.49055718769  -0.420370962936  -0.350162706431  -0.277618906407  -0.211750995963  -0.177903715787  -0.166066436843  -0.17899375398  -0.185602455398  

2.66385677414  2.66385677414  2.66385677414  2.66385677414  2.66385677414  2.66385677414  2.66385677414  2.66385677414  2.66385677414  2.66385677414  2.66385677414  2.66385677414  2.66385677414  2.66385677414  2.66385677414  2.66385677414  2.66385677414  2.66385677414  2.66385677414  2.66385677414  2.66385677414  2.66385677414  2.66385677414  2.66385677414  2.66385677414  2.66385677414  2.66385677414  2.66385677414  2.66385677414  2.66385677414  2.66385677414  2.66385677414  2.66385677414  2.66385677414  2.66385677414  2.66385677414  2.66385677414  2.66385677414  2.66385677414  2.66385677414  2.66385677414  

-1.56497254131  -1.56465043668  -1.56346291284  -1.56186872173  -1.5598295344  -1.55677624025  -1.55230236172  -1.54510393607  -1.53212110106  -1.50481019057  -1.42921996509  -0.971486762891  0.302191593366  0.999139227931  1.18476088507  1.27673259115  1.32198247543  1.35362887209  1.38523235798  1.41826753178  1.44937178887  1.4758672235  1.49719147949  1.51403274195  1.52711181683  1.53658424856  1.5435049264  1.54852801389  1.55198838131  1.55400540089  1.55448662598  1.55314729711  1.54869026779  1.53962414517  1.52516596277  1.50329303237  1.48601020736  1.49202191623  1.5086881293  1.52287314353  1.52563509824  

0.0  0.0266385677414  0.103607857434  0.175967863481  0.240508572298  0.303370495566  0.361694743713  0.420657459284  0.483612751767  0.552595311192  0.62941572423  0.716975495685  0.762208591828  0.806666856132  0.852815465691  0.918335209647  0.993957576383  1.07279213  1.15186815978  1.2301215648  1.30704738513  1.38264036966  1.45740576944  1.53239995285  1.60759018506  1.67821919072  1.74557771635  1.81141262871  1.87734987431  1.94513984687  2.01465835121  2.08810842017  2.17280504411  2.25671704095  2.33132793761  2.4064715628  2.48397617519  2.5421927004  2.59956188328  2.65157890412  2.66385677414  

