-9.5218014966e-20  0.198569077757  1.64880156396  3.05250400417  4.58854319645  6.21853523061  8.21587457418  10.2130353197  12.2133515098  14.2165839073  16.2202447264  18.2237451065  19.9999996186  

6.87467612563e-20  -5.79712144581e-05  -0.00384212981867  -0.012309139899  -0.0243591700466  -0.0359947918093  -0.0443109183697  -0.0446840764239  -0.0381291691013  -0.027631366262  -0.0167092197715  -0.00726773138255  -2.10799458715e-06  

1.47306994815e-20  -0.000587143682416  -0.00457392417407  -0.00739103223025  -0.00806276601242  -0.00611033163685  -0.00221081102721  0.00174523775245  0.00464177761131  0.0056896424887  0.00522980534784  0.00437574891945  0.00404527793529  

0.0  0.00656979947156  0.0544526084525  0.100587711732  0.150955875438  0.204508340601  0.269837261987  0.333982514138  0.396632220803  0.457883218767  0.518081419757  0.577600333031  0.629955941343  

0.0  -1.92016326032e-06  -8.26112582113e-05  6.76466016937e-06  0.00105211128159  0.0061562408664  0.0290942712761  0.0847019630032  0.180798254282  0.319745542358  0.503440208466  0.735038122312  0.983016963869  

3.06738413664e-20  2.50297997131e-07  0.000122954737687  0.00065727538255  0.00187180571837  0.00429530417853  0.0101839078005  0.0194327328395  0.0307030516417  0.0433224400432  0.0577594786542  0.0744863621895  0.090947121424  

1.72504813788e-20  4.25491469878e-07  0.00024294361227  0.00153120139656  0.00511184566818  0.0122396253039  0.0260519866771  0.0454122228771  0.0706519972352  0.102448032136  0.141566093791  0.188753970691  0.237909602918  

-5.93947069615e-22  6.47443083178e-05  0.00445016298916  0.0151666177005  0.0338015142531  0.0602151738168  0.0989319302603  0.142694144047  0.191613050613  0.24623562022  0.306850979333  0.373535729504  0.437729917441  

0.0  0.00656984602761  0.0544719179211  0.100657989348  0.151023490379  0.204467703674  0.270008282388  0.335610249673  0.401566891645  0.468160967722  0.535635407635  0.60424179276  0.666221272147  

-0.0143389174814  -0.0143389178584  -0.014339228734  -0.0143424135821  -0.0143640635039  -0.0144699714726  -0.0149046028774  -0.0158796721109  -0.0175045166875  -0.0198114530702  -0.0227772285705  -0.0263071400774  -0.0297482961598  

0.041397028557  0.0413970289227  0.0413972602825  0.0413988073163  0.0414029920254  0.0413907243295  0.0411847634863  0.040350042597  0.0383253190694  0.0345370630835  0.0284813230814  0.0198566171998  0.0101456649975  

0.146885566086  0.138824510766  0.0822683689475  0.0331973913301  -0.0111129760913  -0.0438530856924  -0.0601870853815  -0.0521103779692  -0.0284659447929  -0.00198256668848  0.0148141565165  0.0141055025347  2.39822229902e-05  

0.0386319681671  0.0386328085794  0.0386950125488  0.038861370743  0.0390781807691  0.0388412198043  0.0365797373708  0.0313899080517  0.0238627016253  0.0153426166005  0.00743924897872  0.00181971529608  -2.51057971774e-07  

-0.0107369172276  -0.0107361620847  -0.0106582337522  -0.0103213556905  -0.00927603236769  -0.00688610059323  -0.00221380143743  0.00305481404675  0.00739825484746  0.00975636338562  0.00942443836201  0.00593424513185  -6.28164755735e-07  

0.0398442075433  0.0423911112674  0.0610858760424  0.0801964248776  0.102719624442  0.125671060669  0.143568295245  0.143634708723  0.126352217015  0.0961452323498  0.0593165333453  0.0236051521775  7.37057379047e-06  

-0.219986491376  -0.219997607436  -0.220380920265  -0.219100942899  -0.209501183642  -0.18014439707  -0.108633995136  0.000710598458657  0.14425662985  0.320372986921  0.528266406281  0.766413183274  1.00001500183  

0.0620681863534  0.0664085759714  0.0984575292963  0.130383016958  0.16666701647  0.206237029473  0.252503353536  0.289061339779  0.307082758303  0.296767326285  0.247012707094  0.145183762492  -3.40457025155e-07  

0.407880427204  0.406611925625  0.394571171957  0.378127627701  0.35459479697  0.323340655844  0.276922509107  0.223268845057  0.1650239882  0.106135934306  0.0526562456352  0.0134315173818  -5.47224099181e-06  

0.656984602779  0.656984602779  0.656984602779  0.656984602779  0.656984602779  0.656984602779  0.656984602779  0.656984602779  0.656984602779  0.656984602779  0.656984602779  0.656984602779  0.656984602779  

-1.11671537321  -1.09408304856  -0.853957181044  -0.433551166167  0.153515593207  0.544911296525  0.679376609969  0.580802163848  0.314449986297  0.0200116773201  -0.129352353088  -0.106828811002  -0.000161234264029  

0.0  0.00656984602779  0.0544719752575  0.10066010957  0.151043246811  0.204553506566  0.270251966844  0.335950427122  0.4016488874  0.467347347678  0.533045807955  0.598744268233  0.656984602779  

