1.98300720623e-18  0.449219563628  2.15753685311  3.81245371573  5.7018370661  7.85551518196  9.17143946098  10.63844432  12.1033225179  14.0418381688  16.4308685215  19.0663543622  21.8477588853  24.7541849962  27.8474097566  31.1150621157  33.3183850362  35.5259972908  38.1030949484  41.0348283146  44.0729671459  45.2631283204  

2.27661677503e-18  -0.000333788184426  -0.00769127176154  -0.0239788693969  -0.0534791214933  -0.100700450659  -0.135251017695  -0.173977401316  -0.208092817289  -0.243712475145  -0.271647208946  -0.281637132557  -0.268591550515  -0.230000782253  -0.165123104474  -0.0874864953818  -0.0430001878481  -0.00956463454905  0.0138611110377  0.0202826283926  0.00790583802354  3.86851401365e-06  

2.33180436234e-18  -0.00148830892914  -0.00713836202412  -0.0125859361931  -0.0187251021007  -0.0252330911594  -0.0274624536979  -0.0254472190627  -0.0214248561794  -0.0155061361109  -0.00798268136512  0.000358971804856  0.00903589755754  0.0175662856729  0.0240791473365  0.0226298522566  0.0180236314059  0.0125203836962  0.00585238570343  -0.00125426513216  -0.00637012255029  -0.00694363096498  

0.0  0.0149498517749  0.0717540343352  0.126746402985  0.189706755544  0.261915775293  0.306464073138  0.35704022883  0.408545714448  0.477239226985  0.560812931995  0.648900008567  0.73477564967  0.816141817392  0.896241174332  0.980894375843  1.03983472464  1.09899390394  1.16737301867  1.246337473  1.33474971916  1.37193704798  

0.0  -1.07720757852e-05  -0.00010315785897  0.000553733531598  0.00636736188112  0.0382103213162  0.0841659916979  0.167697890119  0.288162578049  0.502554370507  0.843023983641  1.2952868389  1.82773276094  2.40390630822  2.99572216396  3.58345877241  3.9885673104  4.44021537381  5.0722233355  5.98950332674  7.22422167541  7.7958216297  

-1.84222623804e-18  3.23336441052e-06  0.000322720225909  0.00170881065091  0.00631905860508  0.0199244148351  0.03388464982  0.0530553951894  0.073635176845  0.100353378951  0.12913992421  0.151736091861  0.161303330153  0.152551004469  0.122847255487  0.085623122559  0.0729924288845  0.0773340568183  0.106424132568  0.170652062405  0.266732087126  0.309169732093  

-1.75068069478e-18  5.01617765529e-06  0.000556551333953  0.00305418521228  0.00990468002908  0.0238758105661  0.0355776639348  0.0515484330052  0.0708885355265  0.102131797337  0.150396923759  0.217465718152  0.305327966135  0.416844455845  0.557825719912  0.731867374652  0.864453918258  1.0099275547  1.19676466197  1.43443491148  1.71414358193  1.83460384474  

0.0  0.000335270380625  0.00772738736742  0.02398797254  0.0522588822116  0.0929961720315  0.12065847559  0.153916470126  0.190141409512  0.243037351648  0.316382356833  0.407826038909  0.51574994612  0.639612454815  0.781264102878  0.93926607956  1.05040026745  1.16582048535  1.30729845648  1.48072514844  1.67989278404  1.76462010082  

0.0  0.0149503793336  0.0717912150302  0.126817632093  0.189499018085  0.260499087204  0.303539140338  0.351699093874  0.400563469235  0.466616234492  0.550483829211  0.646270048472  0.750603997796  0.861761305306  0.979677600356  1.10110652844  1.18152091556  1.26217516357  1.35882345859  1.47606866491  1.61056524777  1.66777945061  

-0.00941806608387  -0.00941807196084  -0.00941863285836  -0.00941865143888  -0.0094170404384  -0.00947438186147  -0.00957353428687  -0.00973529893351  -0.00993380137059  -0.0102307193007  -0.0106350886395  -0.0111334758649  -0.0117345645748  -0.0124581100265  -0.0133293566076  -0.014326586283  -0.0150135221728  -0.015683481227  -0.016402145361  -0.0170656405791  -0.0174627268407  -0.0175018776911  

0.0584917232025  0.058491728682  0.0584921108926  0.0584922068528  0.058491864392  0.058467763463  0.0583986647353  0.0582437076041  0.0579994873484  0.0575400361894  0.0567515463871  0.0555453471174  0.0537808565749  0.0512542417651  0.0476792786915  0.0429124836951  0.039220745687  0.0352993655214  0.0307273404818  0.0261331824394  0.0231598566662  0.0228504648709  

0.507920906151  0.481681360828  0.380311120224  0.281858948828  0.173478176888  0.0622468561208  0.0037280151364  -0.0521370506128  -0.0977653844278  -0.141785449408  -0.170525002696  -0.171720558322  -0.14358231991  -0.0912186061146  -0.0237638094252  0.0431512781964  0.0773747602757  0.0978963017108  0.101088519213  0.0769695060116  0.0256678258758  0.000149150341261  

0.0499746376894  0.0499795445383  0.0500328990375  0.050041620199  0.0500378757616  0.050119483352  0.0501142613929  0.0499566646943  0.0495770737003  0.0486587066153  0.0467807697221  0.0436547515511  0.0391081344643  0.0330855464593  0.0256375668672  0.0174215801229  0.0122445465462  0.0077713787265  0.00378912096663  0.0010656701393  4.32003758075e-05  -1.65827756085e-05  

-0.00824326630937  -0.00823844999388  -0.00816881871059  -0.00815833086924  -0.00836925659574  -0.00864554487443  -0.00867172772623  -0.0085576648477  -0.00831107849896  -0.00781312156881  -0.00698158290669  -0.00585156678432  -0.00450433225191  -0.00304988277324  -0.00162180119967  -0.000445037354151  8.06374459884e-05  0.000371055762206  0.000438259223352  0.000266076122797  3.50446983779e-05  4.32530242131e-06  

-0.0414457791003  -0.0377105291796  -0.0235698098462  -0.00864495515839  0.0106994366385  0.0318555465339  0.0420586240158  0.0509378192697  0.0578907685094  0.0648666181271  0.0707826287912  0.074455015815  0.0752184741973  0.0724275659064  0.0652198045089  0.0528950934143  0.0425036160818  0.0315524737518  0.0195408653198  0.0085891177667  0.00152509675455  1.51292104103e-05  

-0.114824555558  -0.114867108411  -0.115435992293  -0.115456853327  -0.113341345611  -0.107926998216  -0.103650218826  -0.0986290739643  -0.0937112483915  -0.087674186144  -0.0810272623439  -0.0743632976947  -0.0674482628701  -0.0596339937993  -0.0501125017615  -0.0386810424021  -0.0305139128621  -0.0223995695623  -0.013594553167  -0.00540857524792  -0.00049192626153  -7.43678236642e-06  

0.0397195066069  0.0403634220495  0.0426563692773  0.0454285368158  0.0505518150162  0.0586700572792  0.063727063328  0.0687588203321  0.0729464486597  0.0772167848431  0.0808895379972  0.0835519399685  0.0852845835153  0.0859720934387  0.0849062864971  0.080639344091  0.0752765785384  0.0675079529365  0.0550814620582  0.0362160373865  0.0111812115153  -0.000123936144853  

0.283577377676  0.281794326059  0.274930281913  0.26792829262  0.258886168739  0.246180652785  0.236946472698  0.225552312834  0.213399134964  0.196729494331  0.176020146361  0.153711807607  0.131321588984  0.109446961829  0.0877621643076  0.0656546493604  0.0507896313979  0.0364020100494  0.0212999930495  0.00804790486321  0.000758618238973  9.75770722461e-05  

1.49503793613  1.49503793613  1.49503793613  1.49503793613  1.49503793613  1.49503793613  1.49503793613  1.49503793613  1.49503793613  1.49503793613  1.49503793613  1.49503793613  1.49503793613  1.49503793613  1.49503793613  1.49503793613  1.49503793613  1.49503793613  1.49503793613  1.49503793613  1.49503793613  1.49503793613  

-1.47834866468  -1.47334353737  -1.4475954703  -1.40524460291  -1.30576276331  -0.920271434952  -0.0777247950705  0.819710990217  1.10073514049  1.22454889737  1.26851859061  1.25731149198  1.18286785218  0.971659007464  0.342510016523  -0.542178243771  -0.800531575871  -0.895430565971  -0.889217271236  -0.733941379133  -0.285918041203  -0.00170439080288  

0.0  0.0149503793613  0.071791568673  0.126828077965  0.189599216577  0.260935478411  0.304222483593  0.352439505097  0.40083826598  0.46505313009  0.544279622231  0.631694488812  0.723890909044  0.820047412086  0.921909791521  1.02915154354  1.10168143135  1.17448348348  1.25951119296  1.3561470678  1.45600625063  1.49503793613  

