-1.69651164168e-18  0.80008069021  3.53206334056  6.29340978922  8.56315534286  10.3964727972  12.1848985846  14.1628048946  16.304244305  18.49430283  20.7609280075  21.8346197605  22.7330162922  23.46301735  24.1939350272  25.4918218484  27.4924119321  29.6045024875  31.7584186326  33.9413502945  36.1506713695  38.3897125898  40.6699800988  43.0171875107  45.3751417505  47.7993474885  50.4166389163  53.2369515481  55.6789704239  57.7435132283  59.6076986861  61.3812267264  63.1348780821  64.9662103506  67.1702047785  68.5232292302  69.8530127751  71.063224119  72.1853765507  73.2472085475  74.2659276987  75.2533494913  76.2187077221  77.1701104177  78.1155688223  79.0641055119  79.9447852436  

3.58790382301e-19  -0.00106686042596  -0.0207926759051  -0.0660171929678  -0.12223412977  -0.180193027083  -0.247546550501  -0.334480192271  -0.44334522841  -0.570539058459  -0.719026547318  -0.795267952813  -0.861702693758  -0.916277883548  -0.970077677378  -1.06159248142  -1.19188954145  -1.31507610758  -1.42545251693  -1.52160091137  -1.60281010643  -1.66858971071  -1.7184835385  -1.75181227718  -1.76686312177  -1.76306253692  -1.73700297763  -1.68338087414  -1.61552717524  -1.54263273996  -1.46457224893  -1.37951037678  -1.28503590244  -1.17536345011  -1.02844668465  -0.930174263132  -0.827595852157  -0.729072445705  -0.633313183995  -0.538795008441  -0.444540928035  -0.349839581887  -0.254070049759  -0.156601845962  -0.0567077835352  0.0465543804858  0.145160232554  

3.9594149245e-19  -0.0026669093594  -0.0117736741426  -0.0209792898901  -0.0285473149346  -0.034661311279  -0.0406267900424  -0.0472258226725  -0.0543722608458  -0.0616820418991  -0.0692409436641  -0.0727980273377  -0.075578704834  -0.0750063844235  -0.0727261347326  -0.0684764108729  -0.0618571746348  -0.0548515955305  -0.047703553229  -0.0404585100027  -0.0331248465821  -0.0256898656247  -0.0181136992725  -0.0103099727816  -0.00246557537662  0.00560361613153  0.0143197118908  0.0237163111326  0.031856276969  0.0387410067062  0.0449601988528  0.0508792782349  0.0567340587128  0.0628501537702  0.0702138146289  0.0747362709472  0.0791826180597  0.0832305573622  0.0869851739638  0.0905390661697  0.0939496928136  0.097256524989  0.100490431794  0.103678545248  0.106847703537  0.110028166203  0.112982001309  

0.0  0.0266661800028  0.117603585309  0.209801262826  0.286964509602  0.3515912353  0.418675703032  0.500675390739  0.603223537498  0.728750404245  0.888321818243  0.977104373226  1.05881311246  1.12955289298  1.20345305779  1.33919572334  1.55461943371  1.78237989326  2.00620582112  2.21615213047  2.40442908407  2.56547472332  2.69648288138  2.79791085597  2.87117548039  2.92642053569  2.97794215622  3.0426524555  3.11908358636  3.20348180249  3.29605805577  3.39748516011  3.5085246057  3.6330060874  3.78963762591  3.88709018995  3.98231417116  4.06754973054  4.14468112287  4.21547315676  4.28099370986  4.34194615623  4.39884549645  4.4520996717  4.50205555361  4.54903507271  4.58970802364  

0.0  -3.21103417124e-05  0.000234580216124  0.00660266591416  0.0363069221932  0.103012218544  0.223233621328  0.431677955633  0.758695149483  1.21797812994  1.84889614281  2.21121939731  2.54850531029  2.84518411687  3.16616471857  3.78708074045  4.85449677415  6.09756868297  7.44999359877  8.86377994319  10.2894857142  11.6757999819  12.9723958402  14.1335317797  15.0827501963  15.8121668672  16.3315414092  16.6419434913  16.7860239186  16.8849369838  17.0018836767  17.1689529219  17.4102518048  17.7597852164  18.3262407316  18.7550327552  19.2354390626  19.7214209017  20.211248054  20.7071507751  21.2102448648  21.7211770867  22.2406500858  22.7697205685  23.3100894278  23.8645594006  24.3883695812  

3.53747674085e-19  1.80240671623e-05  0.0013181860176  0.00737536126659  0.0214390016085  0.0428025950863  0.072797923482  0.115552662162  0.172558505113  0.242884440951  0.330172304586  0.377393933289  0.419997798548  0.455964596495  0.491959535933  0.55399542644  0.642979355076  0.725575925875  0.794689675993  0.845731038406  0.87425455039  0.875754047027  0.845671205307  0.779221028766  0.676206335211  0.535629637572  0.352607054163  0.134162438337  -0.0577928130699  -0.212256273968  -0.339996520064  -0.448071593365  -0.54040382222  -0.620835233126  -0.696618401186  -0.732619220249  -0.760988132319  -0.781374806933  -0.796160052675  -0.806914929056  -0.814621245821  -0.819944543502  -0.823362647785  -0.825229932955  -0.825813044007  -0.825311190618  -0.824022181099  

1.75224050979e-18  2.84892310177e-05  0.0024512297566  0.0132013149548  0.029280169156  0.0449497773107  0.0617125101921  0.0827378510164  0.11004144044  0.144475943742  0.188549089045  0.212821432974  0.234904125032  0.25402003979  0.274559992962  0.314347319829  0.384232723931  0.469739844055  0.56960019596  0.683665498906  0.81155995162  0.952583086616  1.1059158653  1.27111057876  1.4411548616  1.61655295215  1.80286203271  1.99734870959  2.16044896673  2.29608475955  2.41878925946  2.53779703424  2.65977047475  2.79405858359  2.96845671556  3.08409654768  3.20516568235  3.32242280208  3.4376929809  3.55297545437  3.66959102821  3.78853873407  3.91072168846  4.03708401011  4.16873806305  4.30714356636  4.44151853732  

-1.67254054511e-19  0.0010668527892  0.0207189338926  0.0631349728988  0.105756280257  0.139108120219  0.171117254758  0.208961360419  0.255536955603  0.310615914245  0.376269231437  0.410607982928  0.440946585919  0.466614692618  0.493645049925  0.544560289309  0.630150856628  0.729672188429  0.840406525279  0.961340854196  1.09137618643  1.22911367726  1.37291731776  1.521143109  1.66603383282  1.80609253598  1.94210068709  2.06648852627  2.1540988674  2.21425675011  2.25900067808  2.29468987092  2.32501546175  2.35320433087  2.38494224174  2.40441490727  2.42424943338  2.44332960773  2.46220707447  2.48135034599  2.50106818121  2.5215938927  2.54313572831  2.56590849837  2.59016298138  2.6162263576  2.64206439902  

0.0  0.0266690983342  0.117730239015  0.209604057262  0.284493424495  0.344312027037  0.40246629305  0.467514680303  0.540165812619  0.61838659936  0.705251764154  0.749033202728  0.787087820929  0.818904764725  0.852109742548  0.914095625281  1.01747142215  1.13764427049  1.27261590146  1.42260436072  1.58769676695  1.76739617131  1.96046701115  2.16494251092  2.36900161355  2.56764710114  2.75657719742  2.91540111135  3.00589935388  3.04527512111  3.05189728158  3.03449679763  2.99717701611  2.94024494414  2.85275270707  2.79142840953  2.72716726553  2.66626073294  2.60844331995  2.55306292208  2.49970687959  2.44808113711  2.39793300531  2.3490138645  2.30105121236  2.25371247026  2.21055140338  

-0.00161104374865  -0.00161122936992  -0.00162138750065  -0.00156125781612  -0.0013923003184  -0.00141444739527  -0.00177477295268  -0.00258418555763  -0.00386555988935  -0.00552526416761  -0.00752648177591  -0.00853683101178  -0.00938814232541  -0.0100672975042  -0.0107407786518  -0.0119090861525  -0.0136286194594  -0.0153204116055  -0.016888327008  -0.0182755896266  -0.0194193402743  -0.0202461539566  -0.0206727084921  -0.0206034661616  -0.0199578531255  -0.0186492032285  -0.016446033115  -0.0129922300563  -0.00878617723219  -0.00398185897704  0.00167853173943  0.0085016603936  0.0167918730606  0.0270489612472  0.0409221140166  0.049540185937  0.0572688710805  0.0628640924101  0.0660179970429  0.0664056935542  0.0636229380702  0.0572084504937  0.0466465513564  0.0313536725227  0.0106470855826  -0.0163179995345  -0.0474404935418  

0.712855158517  0.712855328159  0.712861883944  0.712850153064  0.712860195675  0.712846433652  0.712624716257  0.711930709322  0.71049447975  0.70818848283  0.704877984386  0.703015537314  0.701353580561  0.699967793373  0.698541063574  0.695941199254  0.691819726579  0.687406357963  0.682974647085  0.67874775372  0.675007661055  0.672117230117  0.670530567593  0.670818269176  0.673572419083  0.679497509785  0.690120315058  0.707928820325  0.731039754549  0.758907937827  0.793335338518  0.836705614481  0.891718506936  0.96285419401  1.06402471536  1.12973268449  1.19070726726  1.23631477211  1.26279929555  1.26609708951  1.24122864746  1.1823865836  1.08286566932  0.934830166597  0.728866903663  0.453136700378  0.126160270475  

12.6888123022  12.1163323972  10.128194966  8.10590570214  6.48962269835  5.2585768243  4.15178466534  3.05848299644  2.04501084025  1.1958406255  0.507286012407  0.243007321235  0.0500505882172  -0.0886974059111  -0.214545439723  -0.406493645553  -0.634291546025  -0.807541662467  -0.941732021801  -1.06395644342  -1.20206002294  -1.38066628323  -1.61805051585  -1.92375704424  -2.27972007161  -2.66400043187  -3.04442591672  -3.34177371665  -3.46813641592  -3.50084473873  -3.54286453533  -3.71364979569  -4.19038513583  -5.30000221182  -8.03107809284  -10.8073039699  -14.5980734534  -19.1186742922  -24.3150965993  -30.1550408771  -36.5755951391  -43.4770804943  -50.7182073641  -58.1073555991  -65.3885875277  -72.218577367  -77.6741840901  

0.387362089293  0.38747536323  0.388102692473  0.387296420978  0.387902761141  0.390582207921  0.394041990269  0.396906773837  0.397086961714  0.3933275092  0.385733553296  0.381287126663  0.377416856506  0.374311349557  0.371226763472  0.365815937238  0.357585058563  0.349077029785  0.340850993363  0.333449697522  0.327551034297  0.323929875939  0.323386948769  0.326670638253  0.333972019548  0.344958556481  0.35865360919  0.370851229286  0.37340684839  0.364706872596  0.34454638941  0.312062432077  0.266392889683  0.206550988547  0.129536629653  0.0910948911551  0.0723804599753  0.0837984326462  0.130535170222  0.218141312365  0.352482892104  0.539408033536  0.784546879648  1.0931546115  1.46998123881  1.9192117955  2.39697766622  

-0.0323671422765  -0.0322500449347  -0.0314511957964  -0.0350856392023  -0.0435524229173  -0.0512793348779  -0.0571434009131  -0.0606253212356  -0.0609147002557  -0.0583115765249  -0.0537987365341  -0.0514209831613  -0.0494707342592  -0.0479783507941  -0.0465549457297  -0.0441860480339  -0.0408600462383  -0.0377387183622  -0.0350194464527  -0.0328572771832  -0.0314159011831  -0.0308425425843  -0.0312374114992  -0.0326247682551  -0.0348041025707  -0.0374192026943  -0.039831972462  -0.0404316770977  -0.0374633127935  -0.0307867358417  -0.0200986753175  -0.00467435613464  0.0164856308051  0.0451916974669  0.0873558705602  0.115280930976  0.141600425084  0.161814228288  0.17445147948  0.178048427503  0.170903271562  0.15114732964  0.116767007  0.0655808011546  -0.00483328052503  -0.0973005361056  -0.204282798845  

-0.296435737084  -0.271435252708  -0.191167366307  -0.0932830650241  0.0107583191529  0.0975728888775  0.172312794139  0.23657639712  0.281045090518  0.298350112676  0.286953761341  0.271913975595  0.255124473891  0.23963208051  0.223914592562  0.196710669604  0.157382400618  0.120020041901  0.0868802993624  0.0589236914329  0.037030167355  0.0222604249732  0.0160039760302  0.0201741278334  0.0365660875794  0.0672105772801  0.115993855694  0.183655398003  0.247397420848  0.294686196352  0.320047165656  0.314659121792  0.263891693997  0.141114444609  -0.132982830272  -0.381235418931  -0.685073885582  -1.00531151072  -1.32493669215  -1.62705402514  -1.89047490701  -2.08921298881  -2.19186076344  -2.16044148061  -1.94846659011  -1.49746447942  -0.809927117534  

0.0148949613211  0.0143142050697  0.00357875124222  -0.020936415067  -0.0468510646303  -0.0623602674806  -0.0684582911384  -0.0671182417983  -0.0618005987557  -0.0565255498769  -0.0523050586735  -0.0504324221896  -0.0487667182434  -0.0473082695369  -0.0457599895534  -0.0429253286819  -0.038380517254  -0.0329906724546  -0.0262165960108  -0.0174410326104  -0.0063393508588  0.00690911358082  0.0214760681548  0.0357556188122  0.0467032501388  0.0508391136004  0.041905500918  0.00752524185385  -0.0550655164752  -0.144363745839  -0.265613669169  -0.427865645619  -0.64298254347  -0.932372718682  -1.36537195854  -1.66534987969  -1.96865449018  -2.23350818673  -2.44970334184  -2.60795744181  -2.69698538273  -2.70413780969  -2.61564114093  -2.41643341932  -2.08960372044  -1.61516494638  -1.02989095101  

-0.0166196340607  -0.0182898789051  -0.0273589269011  -0.0291811537441  -0.0166882551299  0.000859130784739  0.0203624542978  0.0416156878253  0.0630246061485  0.083402167121  0.103042860763  0.111542266216  0.117976663505  0.122568432362  0.126614841167  0.132422372684  0.138011946067  0.139632169108  0.136894047868  0.129704628368  0.11799590329  0.101704503172  0.0807768695802  0.0551370519496  0.0259577181712  -0.00652731443694  -0.0428233541544  -0.0804727032765  -0.106997814965  -0.117757291406  -0.108301788265  -0.06892045679  0.0176222495284  0.185212546152  0.540417993417  0.868608784018  1.28985703002  1.76682642058  2.2915969563  2.85889118069  3.46067159006  4.08594249564  4.72066354713  5.34734239866  5.94427015428  6.48417530334  6.89834844636  

-0.0701944753146  -0.0685056744226  -0.0579004307446  -0.0433878146078  -0.0356978523962  -0.0374270860286  -0.0485461671351  -0.0726917593906  -0.112401616151  -0.165628227452  -0.230570941492  -0.263412170583  -0.291192775505  -0.313362725588  -0.334892456125  -0.370920831272  -0.421057967569  -0.467491122735  -0.508717497313  -0.544852001055  -0.576137318259  -0.602709940135  -0.62449530373  -0.641070196336  -0.651067013732  -0.653216072435  -0.644321276919  -0.618725413334  -0.580912915617  -0.537554779639  -0.491931039561  -0.448400474847  -0.415330204626  -0.409613861751  -0.483885988046  -0.603057100051  -0.799829726819  -1.06703596408  -1.40564972613  -1.81827570428  -2.30595968987  -2.8673933632  -3.49832115959  -4.19074051848  -4.93176919726  -5.70194299153  -6.40792144751  

2.66690992217  2.66690992217  2.66690992217  2.66690992217  2.66690992217  2.66690992217  2.66690992217  2.66690992217  2.66690992217  2.66690992217  2.66690992217  2.66690992217  2.66690992217  2.66690992217  2.66690992217  2.66690992217  2.66690992217  2.66690992217  2.66690992217  2.66690992217  2.66690992217  2.66690992217  2.66690992217  2.66690992217  2.66690992217  2.66690992217  2.66690992217  2.66690992217  2.66690992217  2.66690992217  2.66690992217  2.66690992217  2.66690992217  2.66690992217  2.66690992217  2.66690992217  2.66690992217  2.66690992217  2.66690992217  2.66690992217  2.66690992217  2.66690992217  2.66690992217  2.66690992217  2.66690992217  2.66690992217  2.66690992217  

-1.57016149845  -1.5701314271  -1.56999589436  -1.56983328985  -1.56972361437  -1.56945143198  -1.56865896853  -1.56657173214  -1.56134541162  -1.54769842639  -1.49674815348  -1.39692036778  -0.817450641642  1.05461071073  1.32552142773  1.42534528839  1.4637749763  1.47622097999  1.48136917167  1.48512152067  1.49019606668  1.49760706072  1.50700148169  1.51729735248  1.52705165541  1.53580835809  1.54379281949  1.5513596518  1.55813000359  1.56510939072  1.57316521302  1.5822423295  1.59082983926  1.59630866752  1.59626816437  1.59371208546  1.59040902709  1.58723534043  1.58437100902  1.58180659377  1.57949356516  1.57737538229  1.57539489455  1.57349422933  1.57161046605  1.5696665626  1.56774252284  

0.0  0.0266690992217  0.117736771248  0.209792964834  0.285473254249  0.346613260442  0.406268133812  0.472258776523  0.543724731347  0.616831454885  0.692494767483  0.728307510769  0.758167882854  0.782242979078  0.806537011513  0.849776322914  0.916469004792  0.986875165063  1.05865731159  1.13138649287  1.2049784342  1.27954984823  1.3554904046  1.43366238684  1.51219915969  1.59295352448  1.68015629637  1.77414775575  1.85555815467  1.92440858053  1.98660077278  2.04579315533  2.10434853307  2.16552599605  2.23918758379  2.28442551111  2.3288990902  2.36938507744  2.40693547818  2.44247708948  2.47658501544  2.5096543057  2.54199388299  2.57387523419  2.60556687072  2.63737150274  2.66690992217  

