-3.62050439124e-18  0.545396656461  2.74233288932  4.7780099865  6.62528197534  8.39966404326  9.98662750179  11.612792034  12.7738692378  13.4409620785  14.0765495868  14.6031363333  15.7316838817  17.7401811065  19.8503516324  22.153984228  24.6592314019  27.3459972739  30.0856310171  32.8088381283  35.0982076099  37.1540690891  39.1007072834  40.6074824335  42.20818409  43.6884280503  45.5743469181  47.6261969541  49.8227055101  52.1493815166  54.648228668  54.7389372871  

-6.34177452329e-18  -0.000495538579102  -0.0125278641007  -0.0380292613576  -0.0731168085586  -0.11751843935  -0.166100792471  -0.224537402088  -0.271525483568  -0.30025170554  -0.32781516985  -0.349988107232  -0.394603503357  -0.463701386969  -0.521903614169  -0.5685489089  -0.599244551602  -0.60896590771  -0.594161879488  -0.554736275564  -0.502585865557  -0.441104382153  -0.370670567297  -0.310139777305  -0.246956498849  -0.193983688414  -0.135708339154  -0.0844978142836  -0.0436554299864  -0.014984488064  0.00455763497539  0.00519765843529  

-5.27091196307e-19  -0.00181751631379  -0.00913848698066  -0.0159217003294  -0.0220764592746  -0.0279867430096  -0.0332687683472  -0.0386659034397  -0.0424563916566  -0.0442269240548  -0.0431219436735  -0.0414671274267  -0.0377691961266  -0.031110383889  -0.0240944860771  -0.0164294981172  -0.00809169299006  0.000850064924684  0.00996498801527  0.0190161324469  0.0266016049165  0.0333376323928  0.0392855996833  0.0412787220998  0.0381421425212  0.0339350877251  0.0282437138363  0.0219999723369  0.0155323810881  0.00966539240304  0.00716474287186  0.00718253396554  

0.0  0.0181754538749  0.0913319164344  0.159202950665  0.221182171101  0.281458128958  0.336955072585  0.397044605051  0.443051371572  0.470874523724  0.498271684232  0.521604281028  0.572831555339  0.666325126703  0.764621804829  0.867846924792  0.970837487903  1.06687349905  1.14830067126  1.2154585093  1.2662579675  1.31273911114  1.3622748148  1.40670818423  1.45988296781  1.51116942342  1.57377022001  1.6335297517  1.68598663305  1.73099112506  1.77320306971  1.77468648688  

0.0  -1.57494995427e-05  -3.50296393298e-05  0.00232249287119  0.0152929947519  0.0556270997811  0.1310583951  0.259270915661  0.387792169914  0.476619786189  0.571908663869  0.65945211208  0.871272127097  1.32293198216  1.88634349759  2.5825307806  3.40245852791  4.30797706171  5.20351340144  6.01017457048  6.58945114689  7.01664524372  7.33646827144  7.53200213624  7.70856258054  7.86922199809  8.10888520664  8.45711302989  8.96994962824  9.69934815377  10.708840866  10.7498081409  

1.09947046556e-19  5.80093822851e-06  0.000653060934295  0.00352397787004  0.0109873110039  0.0259365719056  0.0469891427545  0.0760892761127  0.101413788899  0.117554395639  0.133572253426  0.146938665837  0.175198800862  0.222768046984  0.266846672452  0.305333235657  0.332441404356  0.34041774184  0.322009629558  0.27411694634  0.210257351524  0.135504587563  0.0521075426758  -0.0160353092478  -0.0789771367314  -0.120088086389  -0.146070065362  -0.142288281696  -0.106036911964  -0.03908482278  0.0503496796227  0.0536165840082  

-4.59607460636e-18  9.01585100072e-06  0.00114818587127  0.00598023689819  0.0151969435441  0.0287036266796  0.0446240558501  0.0649029162301  0.0820365521369  0.0929036141759  0.103997803731  0.11385255475  0.136938603996  0.184976334848  0.245801319306  0.325318136144  0.428315451064  0.558598905225  0.712567174743  0.885801339848  1.04564384599  1.19887762171  1.35103352695  1.47238183729  1.60539830734  1.73231022784  1.89913466525  2.08812333945  2.30149357579  2.54365394551  2.82750487737  2.83836910041  

-3.75619501587e-19  0.000495570426472  0.0125122095953  0.0374509727135  0.0692155282155  0.104849484251  0.139907233599  0.179105503265  0.209335824652  0.227531666338  0.245479564856  0.260963951847  0.295825913449  0.363506262641  0.442499924828  0.537922104916  0.65213114868  0.785535677929  0.931072995696  1.08210321677  1.21100045134  1.32577471659  1.4314838482  1.51004366587  1.59074483022  1.66333028373  1.75407592766  1.85342780004  1.96481446721  2.09344434093  2.24878651973  2.25481864433  

0.0  0.0181763854772  0.0913910966256  0.159195736027  0.220580607554  0.279367484305  0.332018884386  0.386465941652  0.425888335708  0.44871943424  0.470656236811  0.489167487273  0.529632040206  0.604339879593  0.686799160427  0.781652909816  0.890380274574  1.01255695383  1.14103062287  1.26915012383  1.37353750613  1.46142813577  1.53664603322  1.58783339819  1.6355714267  1.67472743328  1.72008757053  1.76769145085  1.82159816433  1.88678149203  1.96960972925  1.97288842217  

-0.022722741084  -0.0227229387065  -0.0227563735837  -0.0229335703911  -0.0232609677838  -0.0236035041355  -0.0238565297529  -0.0240615812534  -0.0241789119092  -0.0242333402636  -0.0242739637502  -0.0242992042066  -0.0243266838267  -0.0242853475063  -0.0241380452696  -0.0239389117313  -0.0238718552793  -0.0243275787677  -0.0258445483796  -0.0289231391297  -0.033033435099  -0.0380276980542  -0.043873150763  -0.0490501798513  -0.0551195453792  -0.061207980499  -0.0695689445947  -0.0794543595045  -0.0910349027629  -0.104497705959  -0.120242009557  -0.120835444914  

0.902972691574  0.902972872934  0.90299214022  0.903028887139  0.902980121119  0.902812439674  0.902607586593  0.902379919557  0.902219545718  0.902136177413  0.902069325353  0.902025230262  0.901973826116  0.902066379739  0.902438664382  0.903012268163  0.903222832493  0.901485376512  0.895009650935  0.880329602814  0.858750494859  0.830299253789  0.794443668548  0.760640147109  0.718753826265  0.67447730015  0.610281271962  0.529750980773  0.42968924556  0.306506933273  0.154190697495  0.148286950238  

10.0440903866  9.55369899689  7.60346305412  5.86609765717  4.38164674233  3.06529021186  1.99479743503  1.01054970715  0.379339291255  0.0449402923655  -0.25527133185  -0.492931917565  -0.964505698428  -1.67483386417  -2.24387866707  -2.65730447172  -2.85996370485  -2.79746505367  -2.46117300522  -1.90900769854  -1.33799530997  -0.795434781951  -0.299216753654  0.0490987754729  0.371207531214  0.612209187392  0.817419223756  0.883197699272  0.751996594274  0.412957759313  -0.0291969418413  -0.0429937020166  

0.911205612739  0.911346200844  0.913669171329  0.915399478047  0.914281877443  0.910866226756  0.906835258227  0.902724087234  0.900323477783  0.899316396033  0.898681185042  0.898384913732  0.898355405381  0.899717627067  0.901730778072  0.902350530647  0.89774744008  0.881824722904  0.848167854469  0.792155724807  0.72534236423  0.649898421236  0.56645925446  0.495823474534  0.416796981123  0.342555370787  0.250844986523  0.160275699542  0.0805591308588  0.022852594406  -0.000926600464341  -0.00096337532158  

-0.0804895340055  -0.0803441267189  -0.0767014982004  -0.0693449056634  -0.061295304751  -0.0543697179923  -0.0495384460324  -0.046017650395  -0.0443942701562  -0.0438093991714  -0.0434875750403  -0.0433672985963  -0.0434385771272  -0.0441552734275  -0.04493868627  -0.044969789081  -0.0431608092506  -0.0382771996324  -0.0296845257777  -0.0176704804198  -0.00553024267292  0.00615729815045  0.0170827841929  0.024886076867  0.0321217146378  0.0374214584785  0.0416050985673  0.0421325508123  0.0371220754687  0.0244725887009  0.00140141058912  0.000367008711472  

0.081113024103  0.124824772981  0.283796025225  0.405888704609  0.487938259633  0.530306562369  0.535434935384  0.51144615347  0.478631281783  0.454870560054  0.43096593076  0.411985303322  0.375446016748  0.326539409985  0.299111600128  0.29714247465  0.325178336771  0.382993192803  0.459661038552  0.53828185181  0.593845364599  0.626931512111  0.637613556054  0.628114627714  0.5939681521  0.539257159848  0.444401679173  0.322253524164  0.188728703511  0.0692759001721  -0.00154195137468  -0.00254619726926  

-0.124195809714  -0.124867134988  -0.140153976959  -0.1598004502  -0.161384213893  -0.145953615822  -0.127221530752  -0.109724742187  -0.0996431890681  -0.0948492590691  -0.0909144980292  -0.0880763377319  -0.0832890274352  -0.0789086515375  -0.079683676158  -0.0863996481166  -0.0995379514053  -0.11733227948  -0.133424555536  -0.138628125985  -0.127252285327  -0.0998076530445  -0.0560559243605  -0.00984330408104  0.0512927662505  0.11884692515  0.220033015361  0.350172963145  0.515090696475  0.722411735644  0.986412059889  0.996846865371  

-0.0614189217328  -0.0545435529999  -0.0217946588127  0.016166037163  0.0449430497941  0.0583304819509  0.0604962614889  0.0580947559117  0.0556516173814  0.0543734485159  0.0533333135658  0.0526163014585  0.0515389385784  0.0510313926339  0.0524229654346  0.0570832832526  0.0682228330361  0.0908135369261  0.128440980015  0.181004471686  0.234178320467  0.284559760644  0.329537307415  0.359020621431  0.382614456181  0.395328081658  0.396052042932  0.373218351451  0.314908009725  0.20387617386  0.00986626487285  0.00105137106442  

0.77494967297  0.778057732603  0.783931150835  0.775556221478  0.753858821247  0.72170463747  0.686181035305  0.645813634526  0.615934725319  0.598885921731  0.583297632337  0.571178688891  0.547767997764  0.513329313783  0.484343096188  0.458020053773  0.433070505491  0.408701203708  0.385433020095  0.363515442638  0.345846183675  0.330337424834  0.315528543128  0.302704953582  0.282750952325  0.255672151139  0.210122665289  0.151068490676  0.0859140058197  0.028827889723  0.0012624515009  0.00121232834096  

1.81763855673  1.81763855673  1.81763855673  1.81763855673  1.81763855673  1.81763855673  1.81763855673  1.81763855673  1.81763855673  1.81763855673  1.81763855673  1.81763855673  1.81763855673  1.81763855673  1.81763855673  1.81763855673  1.81763855673  1.81763855673  1.81763855673  1.81763855673  1.81763855673  1.81763855673  1.81763855673  1.81763855673  1.81763855673  1.81763855673  1.81763855673  1.81763855673  1.81763855673  1.81763855673  1.81763855673  1.81763855673  

-1.55948531148  -1.55890466703  -1.55583296405  -1.55125126347  -1.54425892145  -1.53231407877  -1.51107057255  -1.45230210398  -1.26227516032  -0.355168141941  1.12697749511  1.32913685404  1.44534896151  1.49842219205  1.51706167309  1.52578315353  1.52908598983  1.52734222796  1.51833995996  1.49518636054  1.44797391981  1.33616192306  0.938177610215  -0.197586078125  -0.93215396711  -1.10723325613  -1.16846823168  -1.14809981297  -1.02649766132  -0.668839578398  0.0485255052386  0.071040993811  

0.0  0.0181763855673  0.0913926096217  0.159234676998  0.220798295942  0.279931549952  0.332813106472  0.386978733625  0.425594420819  0.447650035457  0.468596318418  0.486072700051  0.523614533513  0.590500506742  0.660794215321  0.737535563097  0.820990600895  0.910487547899  1.00173860325  1.09242791798  1.16863879677  1.23700684033  1.30153787675  1.35110178965  1.40381842322  1.4527764609  1.51524203833  1.58321100976  1.65588986078  1.73263762525  1.81466434004  1.81763855673  

