2.77891129101e-18  0.7948552524  3.04438461049  5.20819896999  7.36079369961  9.50081122937  11.370897167  13.0483640315  14.7828841717  16.6269198846  18.1183013058  18.8930621363  19.8301660054  20.8574260405  22.5211734522  24.408916871  26.4241525542  28.5496024759  30.7916624585  33.034426573  35.2526093515  37.3824590949  39.3648874555  41.2443266346  43.1306739231  45.0533744558  47.0084706011  49.2563388529  51.5954666683  53.9938424034  56.4155939148  59.0251690533  60.8523272391  62.6308954503  64.2013176763  65.6218521478  66.9439260174  68.1975281866  69.402372287  70.5738055211  71.7257810548  72.873300734  74.0362630546  75.2520555118  76.4638975761  77.4395089207  78.641582034  79.7544321528  79.7978153223  

1.05402108734e-18  -0.00105273829701  -0.0154434281846  -0.0451989779931  -0.0902855590143  -0.150421536355  -0.215473946626  -0.283743196874  -0.364181704602  -0.460607541491  -0.546506760864  -0.593198779535  -0.649344003193  -0.708393124862  -0.797105092296  -0.886965637204  -0.970107947446  -1.04352238531  -1.10529511509  -1.15162147127  -1.18407686198  -1.20721692914  -1.22730795032  -1.24813184683  -1.27093222437  -1.29371038076  -1.31192695352  -1.32158347446  -1.31576639518  -1.29169499423  -1.24825669561  -1.17967158818  -1.11814289957  -1.0475488378  -0.976435406049  -0.905013471402  -0.832485121193  -0.758319184724  -0.682090573513  -0.603329396841  -0.521416083976  -0.435440316494  -0.343906048207  -0.243944131956  -0.143573156519  -0.0655923586631  0.0262407392399  0.10699071372  0.110055157535  

1.07795124265e-18  -0.00264917018151  -0.0101466323056  -0.0173586509261  -0.0245336939474  -0.0316672340504  -0.0379009629154  -0.0434915288543  -0.0492674407695  -0.0553812072302  -0.0601288516835  -0.0613986207201  -0.0593324048365  -0.056159378947  -0.0507993816401  -0.0446550746634  -0.0380995285622  -0.0312418329616  -0.0241725370859  -0.0175653085476  -0.0123906520124  -0.0102209477185  -0.0106603702543  -0.0118717321901  -0.012489687355  -0.0111714262011  -0.0073541286555  -0.00111415646403  0.00618852685748  0.0139811447383  0.0219741163251  0.0306436457138  0.0367278946307  0.0426551144268  0.0478908074664  0.0526278412584  0.0570370772485  0.0612180964714  0.0652361748443  0.0691417543995  0.07297983919  0.0767963202774  0.0806400453997  0.0843525591302  0.0815683415685  0.0783551436038  0.0743578564222  0.0706482671808  0.0705035787675  

-6.31719476462e-19  0.0264893658439  0.101355400859  0.173316257462  0.245441629536  0.318817578559  0.385883111648  0.45024891014  0.523188531928  0.6104816226  0.69026240433  0.735070592351  0.791801727632  0.855963948666  0.961552583232  1.08039259855  1.20229222954  1.32200414713  1.43619300728  1.53746010981  1.62659442354  1.70635323299  1.78052063403  1.85325320687  1.92883149936  2.00692454559  2.08398744233  2.16492381893  2.23779465436  2.30213729523  2.36276902557  2.43447428104  2.49566262733  2.56825034486  2.64495589813  2.72509592279  2.80864002691  2.89519289435  2.9842390967  3.07533572043  3.16822108223  3.26292518888  3.35998165526  3.46093963822  3.55392104784  3.6158709991  3.674539684  3.71197622178  3.7131256362  

1.58236615638e-18  -3.17285121615e-05  1.80264884846e-05  0.00197460226083  0.0104537351534  0.0419774159292  0.111119195413  0.219983924831  0.386160772905  0.627983257141  0.87635904762  1.02423693189  1.22137029967  1.45888347994  1.8811678933  2.40114943741  2.98429551441  3.60911571835  4.25687282091  4.87391405735  5.44172923186  5.94977532955  6.40934043518  6.85884658198  7.34702186475  7.8974634817  8.50965472998  9.24798485146  9.99846799539  10.686299055  11.2500198946  11.6917522303  11.9104807567  12.0739372668  12.1990030118  12.3143501153  12.4373719431  12.5785347659  12.7446869296  12.9407885765  13.1710642344  13.440116394  13.7546157223  14.1274667503  14.5418602027  14.9101243386  15.4075056768  15.9101316952  15.9305142809  

6.18279147309e-19  1.7672076464e-05  0.000857155178984  0.00386159590886  0.0109062538277  0.0259314211136  0.0486354596329  0.0768431698202  0.112948350409  0.158295095287  0.199945893288  0.223007875082  0.250807041088  0.279619557511  0.321188514107  0.359693982432  0.389846917465  0.408871316483  0.414539857098  0.405998580389  0.386167290517  0.363298439814  0.347905785673  0.344454612552  0.35267620002  0.368288843489  0.381549980624  0.380031254307  0.349235549645  0.281868855249  0.177748722704  0.0320414105553  -0.0837209954208  -0.201012130456  -0.303842451316  -0.393109048826  -0.470891690233  -0.538555471669  -0.597140602371  -0.64756086974  -0.690657472707  -0.727211883291  -0.757946132503  -0.783340886809  -0.794116973098  -0.785553845933  -0.757793929876  -0.719367709545  -0.717675431334  

-2.12747010514e-18  2.79260950002e-05  0.00157079136391  0.00771775825914  0.020189653112  0.0367761561889  0.0514577146021  0.0641523146449  0.0778621619178  0.0945352083259  0.110380680982  0.119552256935  0.131682047814  0.146394012276  0.173345619667  0.20863948545  0.251801397445  0.303258227982  0.363740041937  0.430030127386  0.500613364056  0.57263950134  0.643472522979  0.714295331011  0.789514264901  0.871311926228  0.960800955449  1.07211634235  1.19670507401  1.33144368141  1.47141389161  1.62274244554  1.72728556721  1.82734865504  1.91442409469  1.99258392944  2.06536280057  2.13500103523  2.20311098939  2.27103525533  2.34004637597  2.41153494226  2.48731874979  2.57046677835  2.65807903802  2.73290721326  2.83027960916  2.92582503245  2.92965969854  

3.47916963066e-19  0.00105275347496  0.0154164180642  0.0443730353002  0.0833414894224  0.122125807597  0.150882890992  0.174445759182  0.200023527388  0.230997010843  0.259575777867  0.27563136273  0.296323841802  0.320644171538  0.363285868162  0.416121493901  0.47721700169  0.54625025033  0.623364536468  0.703960857719  0.786102451175  0.866693493495  0.94344453329  1.01841678112  1.09675463609  1.18079990924  1.2711960571  1.38040528672  1.4969177116  1.61454261157  1.72580213999  1.8312320016  1.8935834146  1.94428758689  1.9808847768  2.00779992902  2.0281330582  2.04382267858  2.05621547459  2.0663232696  2.07494866308  2.08276689869  2.09040409481  2.09858012328  2.10765681988  2.11648388697  2.13020713595  2.14654186828  2.14725880736  

8.79077861515e-19  0.0264922818064  0.101466363935  0.173530176968  0.244899368483  0.314930241758  0.374969589991  0.428116833277  0.483042467591  0.542330297755  0.591544009934  0.617571535656  0.649849153512  0.686485214148  0.748541475391  0.823203388037  0.907987896464  1.00288237205  1.10839629637  1.21829980387  1.32968114957  1.4378710452  1.53951332595  1.63726427926  1.73767271805  1.84349339765  1.95542004515  2.08862463198  2.22876855971  2.3678040977  2.49502085829  2.60652118047  2.66308240512  2.69802988814  2.71125410196  2.70885143789  2.69478898348  2.67163758979  2.64123688464  2.60494168951  2.56371649614  2.51814985426  2.46836515079  2.41363654604  2.35767527183  2.31328342424  2.26220499299  2.22023016518  2.21871447001  

-0.0105178127425  -0.0105180842324  -0.0105334814717  -0.0105821438916  -0.0106336477456  -0.0106635373017  -0.0107496613567  -0.0109761050556  -0.0114219220076  -0.0121425858488  -0.012874879985  -0.013282253087  -0.0137839052314  -0.014340618997  -0.0152431445182  -0.0162509611823  -0.0172903977736  -0.0183382376257  -0.019401929484  -0.0204582879606  -0.0215353569973  -0.0225984703179  -0.0235367673625  -0.0242559872984  -0.0246798940076  -0.024691798339  -0.0241942204819  -0.0229594997362  -0.0209786000073  -0.0184069378458  -0.0156942924224  -0.0136199147028  -0.0136420955617  -0.0158897960376  -0.0207248702194  -0.028380375465  -0.0392143275427  -0.0536352924454  -0.0720806071903  -0.0950266410803  -0.123018615879  -0.156736890723  -0.197158519213  -0.246053591425  -0.301273393186  -0.35032997634  -0.415136467065  -0.477919180167  -0.480394800045  

0.562268765558  0.562269018144  0.562280267186  0.562304894998  0.562319136878  0.562319670804  0.562299555855  0.562204410513  0.561935286084  0.561363296926  0.56065637369  0.560216277358  0.559630789926  0.558926204484  0.55766340518  0.556077470475  0.554244092  0.55218528353  0.549869555999  0.547338269165  0.544521199696  0.54151316164  0.538669332643  0.536355010735  0.534916404061  0.534880921629  0.536770034296  0.541704544671  0.550069411888  0.561551683977  0.574353791215  0.584694229117  0.58454502502  0.572158110265  0.544530062891  0.499288889633  0.433228708648  0.342649253771  0.223438402289  0.0709585469703  -0.120221563091  -0.356900942834  -0.648619992524  -1.01181889571  -1.43431419343  -1.81959835084  -2.34179659528  -2.86126932084  -2.88202013337  

8.16829581746  7.72037863039  6.43679894868  5.21133119095  4.0371938415  2.95246941031  2.10523754602  1.4464401905  0.877620049997  0.401498538261  0.109926362172  -0.0103242640036  -0.13080092371  -0.234100533584  -0.34375618345  -0.396383131401  -0.389128658066  -0.333967180075  -0.247219725284  -0.15271889636  -0.0688779784937  -0.00928862432594  0.0207341114348  0.0227257522979  -0.00264807315987  -0.0557573851295  -0.134405259726  -0.24866912031  -0.389416944959  -0.56821445404  -0.834337961067  -1.34077671807  -1.93416614517  -2.78055262975  -3.78420648963  -4.89158860072  -6.04133136281  -7.14158010147  -8.06307396178  -8.63009155248  -8.60433932865  -7.65530031236  -5.29839349428  -0.731790277803  6.71009944575  15.4676597098  30.4856825373  49.4414781326  50.291923704  

0.711317260919  0.711538252114  0.713484113384  0.715207399969  0.71572120983  0.715753873044  0.716244142664  0.716985004099  0.71739095365  0.716730163736  0.715316497968  0.714412702353  0.713266761232  0.711883271138  0.709144681751  0.705033933075  0.699308975996  0.691721640716  0.68193721871  0.670189298071  0.656557683748  0.641956298541  0.628196092666  0.616675163833  0.608271918823  0.604140916629  0.604681126511  0.609646956011  0.616094863172  0.618755452347  0.611720560458  0.588904378084  0.564136803305  0.536999628116  0.516217632266  0.506438836946  0.511643152858  0.535810229376  0.582787634793  0.656150106639  0.759067583259  0.894170992644  1.06347891259  1.26882283759  1.48990380745  1.66876724061  1.86738881946  2.00104555471  2.00478679043  

-0.0656518000698  -0.065427013781  -0.0629637084982  -0.0597733202884  -0.0581080213612  -0.059133957484  -0.0614347071119  -0.0633016195853  -0.0640736736435  -0.0633448850272  -0.0619562003434  -0.0611581783657  -0.0602221491344  -0.0591749177914  -0.0572737747476  -0.0546850445028  -0.0514082049809  -0.0474482321251  -0.0427814903154  -0.0376517359634  -0.0321954192994  -0.0268245926947  -0.0221357911714  -0.0184475221152  -0.0158499226699  -0.0144611561912  -0.0141156639557  -0.0142422516055  -0.0135973022554  -0.0104515867924  -0.00333147851855  0.00907615925843  0.0194915349571  0.0286977218025  0.0332600659216  0.0314515228625  0.0215699771903  0.00171751732349  -0.0301758352913  -0.0763794946414  -0.139453458117  -0.222455654332  -0.329453851989  -0.467115749538  -0.630884093248  -0.782266087089  -0.989162409797  -1.1957113426  -1.20396087279  

-0.29459328638  -0.244529125505  -0.11880940616  -0.0176275690651  0.0687985384767  0.142011877245  0.191544672467  0.220462951597  0.232103216223  0.222073611106  0.196632849409  0.178086377803  0.15450520608  0.130481087815  0.0972886575094  0.0687216440172  0.0487430610572  0.03871148245  0.0390414816507  0.0483312772013  0.062413328472  0.0738692038898  0.0759607426172  0.0678836998064  0.0518249077993  0.0325636659671  0.0174340742503  0.0131238517568  0.0261503643265  0.054169279275  0.0870055146643  0.109563408882  0.106954892696  0.0857424436156  0.0543965217346  0.0241669100372  0.00760981203355  0.0200309541744  0.0802849655826  0.211700774086  0.443606263807  0.814162739106  1.37650774841  2.21573322429  3.35503043819  4.52614547178  6.31155018662  8.32673508011  8.41259000787  

0.0786404269522  0.0775096900847  0.0636141075626  0.0410852095864  0.0185728127403  0.004306121143  0.00191831083957  0.00672342659106  0.0153856539525  0.0254369497263  0.0330050926275  0.0365966077962  0.0405491693128  0.0441587215776  0.0479870013799  0.0492044588911  0.0471710437188  0.0419298283081  0.0338246060989  0.0242458672043  0.0148653514316  0.0074252483261  0.00250668919454  -0.000878020573622  -0.00454622610255  -0.0110020769754  -0.0237607002002  -0.0516712639813  -0.103149966232  -0.187023637434  -0.306367943775  -0.463416364192  -0.571996393631  -0.6497819263  -0.666013417965  -0.607435855636  -0.459402065582  -0.204625375488  0.176343254178  0.705446407726  1.40824100017  2.31640583564  3.47378273743  4.95463377625  6.71709992064  8.3544100267  10.6156898168  12.9163189976  13.0094128515  

0.0329017830546  0.0262261563736  0.0063799983858  -0.00691641330697  -0.0107472161771  -0.00777586567334  -0.00290805988603  0.00232760816904  0.00893890696644  0.0176951689576  0.0256760698423  0.0297432454932  0.0342681408292  0.0385039479069  0.0432356405151  0.0450271180395  0.0430190907477  0.0376632468222  0.0302675126647  0.0230567720656  0.0175307593425  0.0139929355785  0.0114593942593  0.00867731582016  0.00479100599891  -0.000369906631078  -0.00596506481796  -0.00980885546557  -0.00409910131182  0.0242071234814  0.0939681548027  0.241605457502  0.404994661051  0.619592459435  0.855144076781  1.09971171009  1.34288379987  1.57048212268  1.76384233254  1.89895087676  1.94470400641  1.85960250043  1.584732785  1.02490542216  0.107845663727  -0.959153287747  -2.75116059518  -4.95184130449  -5.04914687444  

0.421062977137  0.418983027892  0.417760721889  0.419835837891  0.420586848723  0.416142672557  0.406173615444  0.392055968382  0.372757941645  0.34825426419  0.326961601381  0.316084187064  0.30377934522  0.291648265462  0.274764219908  0.258988037918  0.24525407949  0.233512425075  0.223573536259  0.215674226392  0.209482050992  0.204617672952  0.200615366509  0.197228170985  0.194584547129  0.193186985907  0.193353987903  0.195068008827  0.197096039993  0.196290854105  0.186188014728  0.151314331103  0.0998765783453  0.0165361998852  -0.0936591049012  -0.229385032605  -0.389663462701  -0.571515291995  -0.769169809757  -0.97322922688  -1.16931189301  -1.33571216362  -1.43883487235  -1.42222176717  -1.21779153519  -0.87349513612  -0.162553247933  0.84842052809  0.895744726391  

2.6492282652  2.6492282652  2.6492282652  2.6492282652  2.6492282652  2.6492282652  2.6492282652  2.6492282652  2.6492282652  2.6492282652  2.6492282652  2.6492282652  2.6492282652  2.6492282652  2.6492282652  2.6492282652  2.6492282652  2.6492282652  2.6492282652  2.6492282652  2.6492282652  2.6492282652  2.6492282652  2.6492282652  2.6492282652  2.6492282652  2.6492282652  2.6492282652  2.6492282652  2.6492282652  2.6492282652  2.6492282652  2.6492282652  2.6492282652  2.6492282652  2.6492282652  2.6492282652  2.6492282652  2.6492282652  2.6492282652  2.6492282652  2.6492282652  2.6492282652  2.6492282652  2.6492282652  2.6492282652  2.6492282652  2.6492282652  2.6492282652  

-1.5643582229  -1.56398453553  -1.5626142735  -1.56064366147  -1.55762748543  -1.55273961415  -1.54527111545  -1.53287273105  -1.50581467166  -1.4207175293  -1.04102204345  0.154225016106  1.08585791582  1.27357719836  1.35261128379  1.36860677509  1.35217892191  1.30284713644  1.19685659593  0.980626168287  0.569081481822  0.082021350132  -0.17439509585  -0.185234554431  0.0214560628875  0.424205922057  0.837955046629  1.13829859522  1.30768193628  1.41021912548  1.47701981907  1.52004879863  1.53554484577  1.54223100901  1.54341979168  1.54179509561  1.53835267709  1.53326254404  1.52612808891  1.51579644466  1.49943134614  1.46878022582  1.38684466688  0.536603346915  -1.34996498753  -1.45803079442  -1.5028141288  -1.52250210249  -1.52307196161  

0.0  0.026492282652  0.10146899189  0.173592175748  0.245347417512  0.31669134533  0.379043093528  0.434976088093  0.49280794441  0.554259488175  0.603830900635  0.629366761041  0.660300938126  0.694394195854  0.74970506416  0.812486589207  0.879487903717  0.950098859626  1.02447922787  1.0986961447  1.17179549855  1.24169950188  1.30670590331  1.36835043862  1.43020939416  1.4932833365  1.55760287308  1.63186995972  1.70941135092  1.78908747238  1.86965864913  1.95657352886  2.01747068659  2.07677211578  2.12914909917  2.17653801924  2.22065101083  2.26248661275  2.30270107518  2.34180487908  2.38026113594  2.41856509356  2.45736381897  2.4977709928  2.53795414633  2.57049451883  2.61062246636  2.64777971205  2.6492282652  

