3.53306441341e-23  0.281775798277  0.838669802835  1.38207301988  1.91083367836  2.46850514817  3.04919645064  3.6447214729  4.24959021157  4.86217237378  5.48540511026  6.04686464638  6.50581451763  6.90894179019  7.41922999409  7.9120038147  8.57416416015  9.27747941534  10.007319881  10.7685268266  11.5675243824  12.4123351425  13.3135830465  14.2872274612  15.3581036312  16.4199584197  17.4547422445  18.4601751482  19.4336248761  20.3751323732  21.2346567337  22.0316890856  22.8266659026  23.6348263106  24.4590882622  25.2990622957  26.1555454453  27.0355544207  27.9624072492  28.4210525589  

-9.06817939167e-23  -0.000130729314742  -0.00115720853942  -0.00313985712165  -0.00599593508098  -0.00999371798706  -0.0152236678325  -0.0217041663882  -0.0294195657882  -0.0383503880446  -0.04848993272  -0.058352710019  -0.0667021264043  -0.0740416372527  -0.0830795295682  -0.0913414981417  -0.101518509356  -0.111021616241  -0.119370076592  -0.126383904781  -0.131856861288  -0.135526217969  -0.137044790486  -0.135933934499  -0.131490197399  -0.123911805356  -0.113777550354  -0.101810592403  -0.0889215119054  -0.076016375879  -0.0644604572788  -0.0542975011443  -0.044896854392  -0.0362019977181  -0.0282594960938  -0.0210843797965  -0.0146052394761  -0.00863141088139  -0.00280503686323  3.59350056644e-07  

5.03157393829e-23  -0.00092973233048  -0.00276449599898  -0.00455031162262  -0.00628214207525  -0.00809974838549  -0.00997782040551  -0.0118790409738  -0.0137648957748  -0.0155839009987  -0.0172253163142  -0.0182828420922  -0.0185851920419  -0.018342365134  -0.0175102802154  -0.0163836120677  -0.0146238205428  -0.012604243492  -0.0104287059378  -0.00811633733949  -0.0056676607592  -0.00307411955864  -0.00032152635241  0.00260933816511  0.00573216021556  0.00863173944718  0.011102157206  0.0129099797582  0.013840682725  0.0138961580536  0.0133522628379  0.0125089147672  0.0114809754021  0.0103549646115  0.00921643113167  0.00815306728314  0.00725234452729  0.00659466240894  0.00624597935601  0.0062049439926  

0.0  0.00937261778186  0.0278906201519  0.0459491305507  0.0635090095317  0.0820171337639  0.101280105007  0.121031180285  0.141092705148  0.161409304827  0.182065291644  0.200643977071  0.215812573853  0.229145953387  0.246060330399  0.26242725682  0.284437656003  0.307794373517  0.331965707649  0.357063125831  0.383239184282  0.410679712951  0.4396264941  0.470450267306  0.50373708068  0.536047094571  0.566847734482  0.596170933984  0.624113041372  0.650878539032  0.675209000049  0.697739924908  0.720207889721  0.743051408493  0.766352145315  0.790091935598  0.814278847371  0.839085467837  0.865123773752  0.877958717174  

0.0  -4.30202939966e-06  -3.44975949233e-05  -7.65857054253e-05  -0.000103706708927  -8.12190253712e-05  5.14234129128e-05  0.000391149266345  0.00110288758497  0.0024709517118  0.00496510857377  0.00865271908946  0.0130485346762  0.018184333091  0.0267010326795  0.03734517997  0.0557952814549  0.0809991627676  0.113555645543  0.154589081076  0.205389867117  0.267484199557  0.342777464533  0.433900993463  0.544761083729  0.664377917947  0.788930613651  0.916455068352  1.04547769636  1.17551088398  1.29915870373  1.41857957587  1.54287007588  1.67519875183  1.81710278303  1.96966981303  2.13422497835  2.31339208151  2.51366553014  2.61724930625  

6.28099219317e-23  8.02380736642e-07  2.03942214481e-05  8.80952854571e-05  0.000225417434535  0.000471943425022  0.000870235169957  0.00147216740133  0.00234919809879  0.00360298045947  0.00537086588466  0.00747446464042  0.00957772206305  0.0116989480239  0.0147169168463  0.0179428496079  0.0226839093973  0.0281193408248  0.0340531651454  0.0403982879369  0.0470526696545  0.0538920175015  0.0607631516176  0.0674778242444  0.0737872233061  0.0787599537491  0.082323172677  0.0846963274101  0.0863058459741  0.0877003370834  0.089262367741  0.0912460931107  0.0939270940799  0.0974926837007  0.102063170046  0.107688242521  0.114353776402  0.122020876632  0.130734164963  0.135189863829  

2.76385595214e-24  1.23566552436e-06  3.2598136286e-05  0.000145936993459  0.000385713049892  0.000831152599976  0.0015640954726  0.0026623549939  0.00419499715234  0.00622329740003  0.00880994716699  0.0116019994801  0.0142106788353  0.0167473740043  0.0202919849732  0.0240689272978  0.029688690719  0.0363413491506  0.043998472725  0.0528229836071  0.0630388690981  0.0749470028398  0.0889613886604  0.105692465125  0.126088778649  0.1484600776  0.172387584662  0.197706458628  0.224230744922  0.251848141405  0.278814583298  0.305359902491  0.333343353509  0.363360475292  0.395634251607  0.43027889973  0.467468708808  0.507690923544  0.552325305488  0.575298200497  

-2.72370425799e-23  0.000131772668793  0.00116708356984  0.00316846862522  0.00605372248479  0.0100936378873  0.0153743930475  0.0218979706061  0.0296150810885  0.0384580173277  0.0483827436252  0.0579964966847  0.0662568424107  0.0737854268487  0.083661154645  0.0935390045652  0.107301677626  0.122510460995  0.138938973602  0.156799773085  0.176382310826  0.198059048101  0.222322658682  0.249884979675  0.28182954333  0.315174996438  0.349231847663  0.383755580076  0.418504353257  0.453356632868  0.48624685323  0.517652964777  0.54983429838  0.583412950889  0.618548658858  0.655274253574  0.693683851549  0.734176126675  0.777977057909  0.800099214792  

0.0  0.00937275159761  0.0278937951925  0.0459616155489  0.063537167944  0.0820661001423  0.101348410811  0.121105565426  0.141144961213  0.161396061475  0.181929894848  0.200346405381  0.215347793612  0.228513969502  0.245201390743  0.261348916702  0.283095257816  0.306253687048  0.33036095352  0.355602588851  0.382224589254  0.410533559824  0.440930826937  0.474006425604  0.51066269248  0.547271867707  0.583157944738  0.618186287616  0.652240346691  0.685331942166  0.715702654871  0.744018446568  0.772419967037  0.801468783672  0.831297841321  0.861928590863  0.893432703323  0.926121632007  0.960939754614  0.978328313711  

-0.0194588134299  -0.0194588176944  -0.0194589335414  -0.0194593795621  -0.0194603762871  -0.0194623408773  -0.0194658566964  -0.0194718581528  -0.0194819546164  -0.0194987993701  -0.0195263597185  -0.0195636104076  -0.0196049313587  -0.0196505269634  -0.0197220497548  -0.0198068269736  -0.0199464605575  -0.0201287890047  -0.0203574817703  -0.0206424356124  -0.0209976677551  -0.0214427814827  -0.0220054979315  -0.0227268935873  -0.0236709239991  -0.0247770687906  -0.0260296139403  -0.0274201941258  -0.0289360862405  -0.0305667859062  -0.0322008402554  -0.0338417958166  -0.0355988919476  -0.0375064375617  -0.0395738811361  -0.0418004636332  -0.0441847185949  -0.046738850659  -0.0495202480785  -0.050921865839  

0.133422730607  0.13342273469  0.1334228355  0.13342317821  0.133423840059  0.133424932105  0.133426486485  0.133428433486  0.133430497864  0.133431900587  0.133430822313  0.133425051755  0.133414554592  0.133399140853  0.133368531527  0.133323983992  0.133234810042  0.133094229122  0.132886193448  0.13258590234  0.132157957897  0.131550898991  0.130688098704  0.129450216583  0.127641131083  0.12528916006  0.122365197293  0.118834667169  0.114682599812  0.109897855863  0.104802042981  0.0994054893033  0.0933389420932  0.0864378742455  0.0786107472761  0.0697998826041  0.0599494350648  0.0489418287027  0.0364390237055  0.029939547553  

0.781110886748  0.743843999285  0.670029949868  0.59811507522  0.528599718696  0.456164734355  0.382146780103  0.308239586765  0.235815601291  0.165800192775  0.0986680089371  0.0422571428656  -0.000741010265833  -0.0361203997989  -0.0775911560766  -0.113942094364  -0.156747718927  -0.194317070754  -0.224518108588  -0.246496828503  -0.259362712702  -0.262157546708  -0.253862469997  -0.233382117453  -0.199508838169  -0.157291010887  -0.111219840006  -0.0650200164318  -0.0218462922328  0.0159620803059  0.0452102851599  0.0665115552546  0.0812057003609  0.0887639606824  0.0885014768922  0.0801435297776  0.0640690703626  0.0413590778937  0.0137321141296  4.64971141064e-07  

0.149294516554  0.14930073046  0.149343814554  0.149414195556  0.149498873137  0.149596228624  0.149698122462  0.149794990609  0.149874697991  0.149918117816  0.149893014713  0.149774045801  0.149580529717  0.149319008235  0.148838478302  0.14818857892  0.14698437822  0.145241900023  0.142887265383  0.139810085652  0.135883844626  0.13095917866  0.124851848503  0.117315181017  0.107998910112  0.0978442425902  0.0872503348277  0.0764964766115  0.0658557988257  0.0555494923002  0.0463073140951  0.038036987459  0.0302267273745  0.0228910570041  0.0161987160068  0.0103660295884  0.00561326172393  0.00215409674783  0.000241686323679  -2.78891713757e-08  

-0.0324307864615  -0.0324250288914  -0.0323812109504  -0.0322993831919  -0.0321841625727  -0.0320236246778  -0.031808418387  -0.031523969233  -0.0311465841805  -0.0306419469925  -0.0299656938536  -0.0291892605039  -0.0284249191022  -0.0276521906785  -0.0265351991677  -0.0253118236216  -0.0234581810265  -0.0212551176784  -0.0187556298309  -0.0159665027081  -0.0128937062369  -0.00954381332703  -0.00592470207458  -0.00204382845402  0.0020866675058  0.00592846041104  0.00932119676109  0.0121878206008  0.0144739223252  0.0161521941902  0.0171661782131  0.0176165051511  0.0175544238728  0.0169291819116  0.0156708363803  0.0137095665798  0.0109738142872  0.00736368721573  0.00266662170627  2.09333765426e-09  

-0.0489201801096  -0.0392271579087  -0.0202377802871  -0.00184057840668  0.0160369838322  0.0349769464039  0.0548978279984  0.0756057811064  0.0969035286563  0.118584445298  0.140442077702  0.159622663286  0.17475222972  0.187562547997  0.203057251186  0.217143784869  0.234514486656  0.250796763532  0.265172893005  0.27734558628  0.286995160917  0.293729588241  0.297037403581  0.296211728417  0.290194403451  0.279179578373  0.263906237369  0.245115285678  0.223581289822  0.200035924005  0.17664609939  0.153795626385  0.13038665393  0.106520271766  0.0827522281512  0.0598572732108  0.0387046622371  0.020187782502  0.00527923761828  6.69515135146e-08  

-0.21624918002  -0.216321763613  -0.21691347543  -0.218098633741  -0.219841970893  -0.22228312395  -0.225383850153  -0.228954110859  -0.232663508608  -0.236081481333  -0.238736576719  -0.240068441349  -0.240249201582  -0.239671938397  -0.237914666351  -0.235121766519  -0.229709629192  -0.221961441503  -0.211838219216  -0.199081056937  -0.183274682925  -0.163789712138  -0.139686110561  -0.109512888673  -0.0709504267794  -0.0266895153308  0.0226322205991  0.0767506139515  0.135269772505  0.197899243519  0.260494997171  0.323323669056  0.390688091035  0.464060664368  0.544029031598  0.630875541083  0.724968661127  0.827386906807  0.94136772344  1.00000004571  

-0.0690361331373  -0.0629642196405  -0.0509791460726  -0.0392245168156  -0.0276425839941  -0.0151880491251  -0.00188173289527  0.0121725617586  0.0268733725662  0.0421415182069  0.0579484229985  0.0722968224526  0.0840315241588  0.0943223110903  0.107307685004  0.11977280866  0.136355605841  0.153716902396  0.171434959148  0.189575471846  0.208214926685  0.227408224884  0.247163572867  0.267418445551  0.287944414727  0.305860650158  0.320244789724  0.330519612472  0.336182791957  0.336834144163  0.3325425339  0.323742823547  0.309707340011  0.289371464629  0.261561848857  0.225013218991  0.178236046951  0.119049134891  0.0431595447369  -4.24895356399e-09  

0.513184583453  0.515045907291  0.518240390738  0.520705937676  0.522447962153  0.523536209066  0.523795096441  0.523067577705  0.521228143546  0.518167288435  0.513765097371  0.50867685747  0.503750273297  0.498883070585  0.492045888078  0.484780754008  0.474084094588  0.461659312389  0.447723453066  0.432169038931  0.414830136495  0.395474333291  0.373771378416  0.349212257651  0.320992398763  0.291891357608  0.262587237185  0.233333878642  0.204376457241  0.17590794189  0.149746373854  0.125647133468  0.102149352487  0.0792902919529  0.0576246424911  0.037950491337  0.0211979659524  0.00841515804802  0.000981029302783  -5.07371920497e-09  

0.937275159928  0.937275159928  0.937275159928  0.937275159928  0.937275159928  0.937275159928  0.937275159928  0.937275159928  0.937275159928  0.937275159928  0.937275159928  0.937275159928  0.937275159928  0.937275159928  0.937275159928  0.937275159928  0.937275159928  0.937275159928  0.937275159928  0.937275159928  0.937275159928  0.937275159928  0.937275159928  0.937275159928  0.937275159928  0.937275159928  0.937275159928  0.937275159928  0.937275159928  0.937275159928  0.937275159928  0.937275159928  0.937275159928  0.937275159928  0.937275159928  0.937275159928  0.937275159928  0.937275159928  0.937275159928  0.937275159928  

-1.44687597937  -1.44073563266  -1.4265947929  -1.40953632689  -1.38875930239  -1.3606209508  -1.32140765383  -1.26485705769  -1.17906857756  -1.03923147251  -0.790676827363  -0.40778253649  0.00755928330239  0.352291757258  0.666669065478  0.855282405616  1.00414088133  1.0929025296  1.14515218457  1.17426025942  1.18616446955  1.18258335965  1.16182078127  1.11768105617  1.03536966862  0.903650676033  0.707137674411  0.442835517948  0.149864738536  -0.10406340985  -0.273752147103  -0.37452097888  -0.428019391735  -0.442082054015  -0.420583139719  -0.366164867452  -0.282262550922  -0.175165638985  -0.0554038444907  -1.82637053472e-06  

0.0  0.00937275159928  0.0278937963867  0.0459616397135  0.0635373373729  0.0820668859305  0.101351174537  0.121113469295  0.141164199763  0.161437231917  0.182009208432  0.200477414061  0.215534338794  0.228758635855  0.245529587271  0.261763479325  0.283622579487  0.306876711803  0.331031513252  0.356238948027  0.382705448904  0.410690855658  0.440540101708  0.472771528347  0.508189571676  0.54325767924  0.577361628891  0.610419127141  0.642363048036  0.673236542703  0.701429506484  0.727586964109  0.753688265151  0.780227990207  0.807295420517  0.834871597192  0.862978272945  0.891844381357  0.922237199419  0.937275159928  

