-6.01194559453e-18  0.799874293463  3.38598261712  5.92777108283  8.22697456957  10.1142206856  11.9315607762  13.9084104898  16.0286123514  18.3126660569  20.7002348  21.8436088594  22.7659566998  23.6872313234  24.4756693615  26.1653503128  28.2247034071  30.4032998228  32.6100270134  34.8320500014  37.0658592746  39.31426549  41.5888005167  43.9165420856  46.298473989  48.7132442531  51.2446635802  53.9004929615  56.2403094191  58.4921470233  60.5429418763  62.4803561767  64.4142890182  66.5327633902  68.1975152497  69.7962851305  71.1866386518  72.4439223639  73.6202952146  74.7426094482  75.8274266173  76.8871299421  77.9325258154  78.9745752769  79.9414842686  

-1.92724291922e-18  -0.00106626947654  -0.0191074898201  -0.0585656021843  -0.11281740064  -0.170529267381  -0.237340515346  -0.322540859626  -0.42843012712  -0.559301247598  -0.714651748281  -0.795611494802  -0.863507359882  -0.93166593762  -0.988601566621  -1.10417846494  -1.23250804595  -1.35306869268  -1.45920303412  -1.5498096605  -1.62444307803  -1.68289379852  -1.72498680205  -1.75029856094  -1.75757102954  -1.74568710329  -1.71239198429  -1.6545115259  -1.5840268996  -1.4989315612  -1.40668435829  -1.30660346958  -1.19415270486  -1.05656420672  -0.937865254258  -0.81510107308  -0.701349580939  -0.59288041086  -0.486566693659  -0.380786218607  -0.274496546436  -0.166825880015  -0.0568850055669  0.056388584168  0.164787906381  

-3.51327443441e-18  -0.00266616884257  -0.0112864682977  -0.0197597834862  -0.0274255467635  -0.0337189040484  -0.0397802536523  -0.046374909353  -0.0534490110889  -0.0610692038459  -0.0690167603299  -0.0727620631294  -0.0752550910639  -0.073719727423  -0.0712734669571  -0.0657795596  -0.0589986977879  -0.0518025232989  -0.0445059720482  -0.0371540400661  -0.0297567235145  -0.0223025080226  -0.0147522867857  -0.00701675119913  0.000906046276072  0.00894364015355  0.0173741508091  0.0262233224191  0.0340230703536  0.0415328352327  0.0483751995806  0.0548421293598  0.0613002058851  0.0683776495102  0.0739416820431  0.079287346313  0.0839379815632  0.0881450431351  0.0920827327248  0.0958407452134  0.0994744220351  0.103025174653  0.106529181511  0.110023185791  0.113266353801  

0.0  0.0266588325617  0.112748924914  0.19758090689  0.275505799423  0.341622366036  0.409248644631  0.490484765376  0.591073732278  0.721522488125  0.891471863475  0.988290383806  1.0745458426  1.16696034822  1.24967902843  1.43386011957  1.66465240356  1.90727457562  2.14178778558  2.35757451871  2.54654919937  2.70340849899  2.82618022314  2.91668987948  2.97976831593  3.02536892987  3.06985000339  3.1312836338  3.20956923505  3.31096420719  3.42498074834  3.54855307091  3.6828952864  3.83686343752  3.95883107641  4.07392892227  4.17071209534  4.25453523783  4.32910599842  4.39629713943  4.45722284423  4.5126523673  4.56316420486  4.60922051755  4.64799703103  

0.0  -3.20941826703e-05  0.000167562461174  0.00530424614125  0.0328648225155  0.0995997805576  0.221833775688  0.432856574806  0.762720465337  1.25671645972  1.95490517809  2.36554864567  2.73565419817  3.14177877657  3.52070526384  4.41825068307  5.64877733538  7.08016091463  8.62266913767  10.2191240375  11.8103018064  13.3358563482  14.7382131614  15.9672558154  16.9633306382  17.6842295491  18.1486914256  18.389415985  18.4859846334  18.5677383658  18.699655498  18.9192000253  19.2587285495  19.7864717163  20.3187519498  20.9242127823  21.5209152498  22.1118071265  22.7043133414  23.3011826389  23.9035523612  24.5124215992  25.1292590657  25.7565197521  26.3464336266  

-7.53656973272e-19  1.80100364032e-05  0.00117490993694  0.00627957176118  0.0196071288451  0.0410500442257  0.0713612101611  0.114239489005  0.171204090235  0.24596076514  0.341034265024  0.393572856497  0.439350964731  0.486766229655  0.527210354011  0.611109107678  0.705850702334  0.793872536447  0.866440074016  0.91837162005  0.944618420488  0.940179126311  0.900175274936  0.819659083968  0.695975414812  0.53230880203  0.329481784374  0.0990612408666  -0.102743263479  -0.28299121688  -0.427477013308  -0.542891698443  -0.636401472043  -0.71469277279  -0.760091192789  -0.792050981002  -0.811895121836  -0.824445954974  -0.832272971995  -0.836776601616  -0.83883712812  -0.839054445889  -0.83785354651  -0.835539214901  -0.832611424872  

3.31166000386e-18  2.84656113421e-05  0.00216000836777  0.0111549033678  0.0266377699907  0.0429263793698  0.0608625791174  0.0835288687621  0.112891459782  0.152043727892  0.203059668428  0.231644908014  0.256751182106  0.283815080091  0.308888401259  0.368530733522  0.452618899263  0.55588213744  0.675829438286  0.812014362192  0.963600164865  1.12932067065  1.30776486866  1.49804616925  1.6963821565  1.89653512255  2.10108439142  2.30723968683  2.48206046857  2.64691153344  2.79766271468  2.94426141676  3.09830451239  3.28013286245  3.43544605945  3.5969365358  3.74848446492  3.89529472908  4.0416848248  4.18998033233  4.34175334417  4.49838854398  4.66136373607  4.83250467523  4.99934701191  

3.45809193712e-20  0.00106626320586  0.0190495632938  0.0565252575288  0.0995680754136  0.135291009591  0.169962089841  0.210528657691  0.259681851402  0.320645064566  0.3942013105  0.433228746771  0.466486355354  0.501436013516  0.533073792648  0.605856386208  0.703647671957  0.817812933499  0.944200474004  1.08143992568  1.22792943761  1.38166600884  1.54034391586  1.7016784162  1.86031857466  2.00868069452  2.14508427172  2.26297249224  2.34464260873  2.40536146912  2.44824846746  2.48092368201  2.50892387905  2.5376117177  2.56076617918  2.58488201177  2.6081420179  2.63149683013  2.65566863326  2.68105765759  2.70794651049  2.73659864555  2.76731310437  2.80047942516  2.83364067657  

0.0  0.0266617284794  0.11285975678  0.19746351052  0.273481168913  0.335311366452  0.394789522173  0.460384487663  0.533068665809  0.615669402614  0.708732712735  0.75635232966  0.796287100984  0.837727417203  0.874886678957  0.959567487871  1.07258670484  1.20484627955  1.35304023096  1.51723167069  1.69714721517  1.89173878712  2.09902425026  2.31617182109  2.53471131039  2.74069587108  2.92547950283  3.07019328612  3.147383031  3.17469752071  3.1614086741  3.11944919878  3.05413412376  2.96220441466  2.87944822936  2.7943805561  2.71778916006  2.64756241032  2.5817439744  2.51934304562  2.45974391249  2.40246280309  2.34705492855  2.29305441099  2.24413827105  

-0.00446542093925  -0.00446563854046  -0.00447645993768  -0.00442989932112  -0.00428361484148  -0.00435864014895  -0.00480044596819  -0.00568669523671  -0.0070150715056  -0.00879481083702  -0.0109463091414  -0.0120358952372  -0.0129124602327  -0.0137672057664  -0.0144848547921  -0.0159657270439  -0.0176509829982  -0.0192656079654  -0.020684374862  -0.0218368773555  -0.0226485307256  -0.0230412761963  -0.0229377950315  -0.022261147617  -0.0209558662535  -0.0190258409554  -0.016400358029  -0.0130093063834  -0.00940559944317  -0.00520677977559  -0.00053803541352  0.00479447803169  0.0110849726383  0.0189140165597  0.0253494196389  0.0311540906257  0.035253557704  0.0375659362885  0.0379242345254  0.0360524358811  0.0316176967649  0.0242406662248  0.0134844095175  -0.00117666261685  -0.0186958929669  

0.761706565645  0.761706763246  0.761713624564  0.761705154157  0.761715825088  0.761678754805  0.761378417821  0.760544510126  0.758923987453  0.756236321  0.752356897934  0.750163425017  0.748294294448  0.746382635108  0.744709327906  0.741055862099  0.736556400422  0.731879307663  0.72743894119  0.723561614049  0.720640085642  0.719136420344  0.719572302176  0.722538253888  0.728607395373  0.738134228126  0.75190900841  0.770865288752  0.792267427664  0.818636670037  0.849535011138  0.886596837339  0.932467994066  0.992543444709  1.04435305418  1.09309803909  1.1289000558  1.14980798228  1.15311233883  1.13493852155  1.0905829695  1.01450509798  0.90009647742  0.73918645294  0.540905007435  

13.0491542544  12.4377436563  10.4297239907  8.45117173274  6.71865517865  5.38741575314  4.21663320367  3.09018500528  2.06635833247  1.1784655087  0.473722280732  0.208798935827  0.0261886335247  -0.131471045881  -0.249751647928  -0.4558592213  -0.636603996354  -0.771950889603  -0.882880309957  -0.999508475507  -1.14884665204  -1.35100587061  -1.61687660532  -1.94749374247  -2.32574776226  -2.71404658119  -3.07695239927  -3.35590840563  -3.49074038288  -3.54097886536  -3.58734159184  -3.75231506107  -4.22224594946  -5.40861384715  -7.12551305319  -9.68468406592  -12.8118745833  -16.4658483549  -20.6365433998  -25.2787074256  -30.3102553062  -35.6097072592  -41.0076649144  -46.2716462479  -50.7208102673  

0.424166735701  0.424289694772  0.424942005375  0.424336750304  0.425029494291  0.427643028369  0.430471993505  0.43181766053  0.429671325192  0.422700799291  0.411252829858  0.404946024193  0.399826663806  0.394874429894  0.390751791223  0.382285085735  0.372625709649  0.363334072077  0.355263713805  0.349049425234  0.345371975599  0.344882220842  0.348103433171  0.355346519809  0.366352623959  0.37981663259  0.393796145383  0.404064037411  0.404890830856  0.394108518491  0.371175720282  0.336259867519  0.288930409874  0.227604251157  0.180548145386  0.147491390822  0.139904485766  0.160942879131  0.214709895729  0.305983643237  0.439583839203  0.620095679381  0.851685361877  1.13795365467  1.4521766761  

-0.0434698565095  -0.0433434158715  -0.0425060284295  -0.0453936321387  -0.0530193064307  -0.059739139912  -0.0640913520121  -0.0656659859647  -0.0640569970029  -0.0595770861388  -0.0533323349016  -0.0502476085142  -0.0478894100602  -0.0457230279963  -0.0440003554932  -0.0406770972546  -0.0372216193355  -0.0342420077862  -0.0319782288148  -0.0305514276522  -0.030056416966  -0.0305331530895  -0.0319397883407  -0.0341343120248  -0.0367907005918  -0.0393469673241  -0.0410985958726  -0.0408578558594  -0.0378310413164  -0.0313578040886  -0.0214722025023  -0.00788360169429  0.0102213202556  0.0349429234698  0.0567487753817  0.0776140379686  0.0933707659471  0.103332537239  0.106640611754  0.102093769814  0.0883224277108  0.0638384281405  0.0270194683097  -0.0239642079749  -0.0852747974094  

-0.331741805795  -0.297755342593  -0.19300374149  -0.0762460549946  0.0500439318125  0.152352026577  0.235642393869  0.302713851956  0.345254956425  0.357162576695  0.334264010763  0.311840841676  0.289236131848  0.264582991532  0.243504071222  0.199989739795  0.151076931312  0.105197690166  0.0656718584594  0.033746566457  0.0105453638741  -0.00273499973596  -0.00474321962553  0.00617444972284  0.0316449699261  0.0721417593012  0.128889891338  0.199825428612  0.265194075471  0.320859782128  0.353442980177  0.354446444253  0.310186972774  0.188568832587  0.0262695506288  -0.189409359467  -0.420130050725  -0.652073086614  -0.872401047771  -1.06371123539  -1.20403457493  -1.26640650473  -1.21770812586  -1.01651872763  -0.650720942953  

-0.00718977783584  -0.00797578801529  -0.0215563628419  -0.0501419490677  -0.080045813281  -0.0953638607966  -0.0986422036365  -0.0937923029699  -0.0855894390986  -0.0779891612633  -0.0722531029628  -0.069825217354  -0.0678027773733  -0.0656414225837  -0.0636823920694  -0.0592182055639  -0.0530730620079  -0.0451586482846  -0.0350722398834  -0.0225595218186  -0.00791637714212  0.00788177603268  0.0231523317906  0.0355215306613  0.0417357551829  0.0382411920091  0.0207920328923  -0.0164646485254  -0.0698534708862  -0.145655398714  -0.242697936967  -0.365926765034  -0.525157856613  -0.743046702486  -0.941183383602  -1.14259533858  -1.31284911344  -1.44839028332  -1.54494039115  -1.59545609218  -1.591575183  -1.52407332866  -1.38277512252  -1.15604336446  -0.85975332955  

-0.0355257388276  -0.0354751502058  -0.0381246515679  -0.0324602429847  -0.0125066572435  0.0106057298997  0.0334089836896  0.056005889722  0.0773438205958  0.0980575094948  0.11796663037  0.12662756243  0.132902272721  0.138331828932  0.142335020565  0.148915333213  0.153269830451  0.153415706693  0.148736173237  0.138984970215  0.124086033385  0.104192366715  0.0797371962568  0.0514222867393  0.0208488738062  -0.00946086830099  -0.0377602778372  -0.0604794786856  -0.0712879317837  -0.0686180314809  -0.0475798559266  -0.000690967678551  0.0875125743563  0.255751540271  0.460593333248  0.733337337655  1.03979767239  1.37544500157  1.73827337867  2.12290839103  2.52115733713  2.92223193337  3.31244832691  3.67450283186  3.96362552449  

0.0146596504781  0.0178220350766  0.0315743403712  0.0460640003582  0.0520615877672  0.0462916472639  0.0291313464611  -0.00294287015738  -0.0517523393989  -0.118165230563  -0.198075993445  -0.238217542501  -0.270508822807  -0.301731456248  -0.327200521248  -0.377393877739  -0.43102933873  -0.47989240812  -0.522310146606  -0.55879494612  -0.589846572711  -0.615752666167  -0.636519623598  -0.651790873955  -0.66049001557  -0.661157086733  -0.651667876741  -0.628818638915  -0.596698878648  -0.555534994654  -0.511904123229  -0.470964382729  -0.440715669357  -0.440348095992  -0.485726069886  -0.589693590516  -0.746670418972  -0.956078121457  -1.22000017877  -1.53913664761  -1.91197194634  -2.33421931727  -2.79798496692  -3.29050639867  -3.75225195768  

2.6661729368  2.6661729368  2.6661729368  2.6661729368  2.6661729368  2.6661729368  2.6661729368  2.6661729368  2.6661729368  2.6661729368  2.6661729368  2.6661729368  2.6661729368  2.6661729368  2.6661729368  2.6661729368  2.6661729368  2.6661729368  2.6661729368  2.6661729368  2.6661729368  2.6661729368  2.6661729368  2.6661729368  2.6661729368  2.6661729368  2.6661729368  2.6661729368  2.6661729368  2.6661729368  2.6661729368  2.6661729368  2.6661729368  2.6661729368  2.6661729368  2.6661729368  2.6661729368  2.6661729368  2.6661729368  2.6661729368  2.6661729368  2.6661729368  2.6661729368  2.6661729368  2.6661729368  

-1.56908532833  -1.56900113232  -1.56865031935  -1.56817545402  -1.56760848621  -1.56675114393  -1.56510411468  -1.56159536512  -1.55382347713  -1.53349895891  -1.45577122766  -1.29018404625  -0.385353406625  1.08846065642  1.28855258487  1.39743727555  1.43304044387  1.44665284129  1.45418632377  1.46198967324  1.47254299204  1.48572760494  1.49998250938  1.51370511302  1.52577488039  1.53575998029  1.54415230566  1.55141606365  1.55732492899  1.56344428353  1.57004641868  1.5771849332  1.5839224404  1.58827963207  1.58858223666  1.58687914596  1.58455361632  1.58220305974  1.57998467935  1.57792719472  1.57601195592  1.57419997351  1.57244045813  1.57066917953  1.56895330894  

0.0  0.026661729368  0.112864889817  0.197598281322  0.274256233908  0.337190208978  0.397804403721  0.463752726546  0.534499526729  0.610727418676  0.690394095024  0.728489766052  0.759049658043  0.789457634201  0.815653567591  0.871908883219  0.94051424254  1.01308883894  1.08658488163  1.16057524777  1.23494893246  1.30980694734  1.38553968838  1.46305346466  1.54238454262  1.62282466871  1.70716973306  1.7956848892  1.87369300429  1.94879489708  2.01721925393  2.08188893931  2.14647297901  2.21725615348  2.27290534547  2.32636977144  2.37288133896  2.41495529893  2.45433428948  2.49191567013  2.52825313495  2.56376099513  2.59880117977  2.63374123728  2.6661729368  

