-2.65625534153e-18  0.7990020541  3.02771785385  5.06104142563  6.9179188761  8.85847451593  10.6262525316  12.3664624691  14.236675237  16.3043909774  18.6280485154  21.1964861144  22.8341571662  24.3353052769  25.8651123107  27.9015110325  30.2713001395  32.7671124489  35.2597974179  37.6919394941  40.0473971911  42.3338384081  44.5705109151  46.7890740904  48.929755189  50.895783029  52.7479169594  54.5432941466  56.3261652216  58.1374904163  60.0251482592  62.0644632223  64.3466303456  67.099733691  69.3072536391  71.3313282228  73.379671786  74.9186794808  76.2647797472  77.6587439792  79.0154556979  80.0260075133  

3.63987280455e-20  -0.00106366751683  -0.0152734795176  -0.0426767548516  -0.0797390995873  -0.130752576405  -0.188149521357  -0.254823518809  -0.337721403726  -0.442900177004  -0.57790914285  -0.746871980812  -0.862206691893  -0.966708754909  -1.06780833661  -1.19188940847  -1.32022553499  -1.436198018  -1.53205939704  -1.60613096374  -1.6593840964  -1.69357896103  -1.71028761033  -1.71046407323  -1.69512844778  -1.66761223622  -1.62991459921  -1.58245932233  -1.52469623463  -1.45514788105  -1.3710099562  -1.26673211136  -1.13354878818  -0.949701198923  -0.783997349146  -0.617862403047  -0.436535550745  -0.294605959733  -0.171649491471  -0.0469847454604  0.0783603683898  0.175936223878  

2.68524262685e-18  -0.0026628662305  -0.0100905527539  -0.0168671615015  -0.0230559128349  -0.0295237101764  -0.0354154914563  -0.041214502814  -0.0474436610196  -0.0543193792707  -0.0619911525892  -0.0699213998383  -0.0717087215544  -0.0686822636985  -0.0643401910904  -0.0581089128792  -0.0506297708984  -0.0426164029296  -0.034513628517  -0.0265360588197  -0.0187636540828  -0.0111910181196  -0.00376649644229  0.00360834685819  0.0107309092143  0.0172764817693  0.0234456772467  0.0294279980297  0.0353705091549  0.0414095971284  0.0477049228908  0.0545078671014  0.0621228156411  0.071309845388  0.0786708592717  0.0853917332973  0.0918923638124  0.0934896868231  0.0911492153898  0.0909687059242  0.094903406448  0.0982173679557  

0.0  0.0266268495537  0.100839314776  0.168682109529  0.231077862085  0.297330338203  0.360178733194  0.426762195363  0.50680992048  0.610413597572  0.75366640556  0.957530738055  1.1172315777  1.28129147741  1.46070951835  1.71168174126  2.01067872585  2.31941779853  2.60589967058  2.85001241675  3.04193840364  3.17978336277  3.26742872402  3.31365368218  3.33130053524  3.33835328571  3.35072685945  3.37956974042  3.43292919662  3.51651728269  3.63422552107  3.78938401  3.98265444463  4.21746980891  4.38928176725  4.52472807646  4.63546619696  4.6962556048  4.72312307262  4.72410874978  4.71085642405  4.69646633469  

0.0  -3.20226279856e-05  4.83660279618e-05  0.00325414902525  0.019505804477  0.0730562868815  0.174922627357  0.339489393747  0.601530175872  1.01232270671  1.65450549283  2.63254364171  3.42613215828  4.28517113052  5.2910873536  6.82152668941  8.85037427192  11.2266116286  13.7736261688  16.3349359871  18.7819834435  21.0137861361  22.9498469985  24.5302749466  25.6669613169  26.3534596207  26.7061383359  26.8253706287  26.7990082953  26.7121319766  26.6532998123  26.7235022373  27.0526082192  27.8521387472  28.7910739691  29.8395820444  31.0288029519  31.9671764471  32.8083118712  33.6952546354  34.5759280769  35.2305948377  

3.84487251337e-18  1.79495565668e-05  0.000871837808466  0.00426605387777  0.0128640299652  0.0312828642432  0.0575795314051  0.0922284195084  0.139152334737  0.203300412828  0.292396612696  0.41474450518  0.505734697395  0.593837210562  0.68437468023  0.802741883047  0.933174981117  1.05596244204  1.15571342344  1.2216428556  1.24593120592  1.22255838557  1.14665786814  1.01418353963  0.831948326181  0.622543087618  0.397639409835  0.165924140537  -0.0641280740437  -0.284060106222  -0.485720441519  -0.661860920436  -0.802819780711  -0.899870203617  -0.931948416916  -0.93640671859  -0.925108447166  -0.905967968158  -0.871022106381  -0.821220529288  -0.777420045562  -0.752627595696  

-3.16374844675e-19  2.83629111187e-05  0.0015445496086  0.00707414901574  0.0171176936772  0.0329408675341  0.0521273631333  0.0758257413165  0.107265731392  0.150193792808  0.210139038497  0.292955014545  0.355878642607  0.421932551167  0.498597012585  0.616555320481  0.778852229136  0.981419615141  1.21802226626  1.48238951738  1.76865531761  2.07173397863  2.38704005794  2.7111246448  3.02653106825  3.3115099893  3.57072196534  3.81038992858  4.03625868729  4.25489330607  4.47531090474  4.71234360244  4.98792326211  5.35357058841  5.68622046073  6.02997743703  6.42009870734  6.74125661257  7.0446332314  7.3805170726  7.73224400899  8.01039116263  

1.98417076726e-18  0.00106369770293  0.0152423298145  0.0418509557275  0.0748219432148  0.114705948112  0.1549531899  0.198614994831  0.250641845592  0.315006353182  0.396804976005  0.500154908191  0.573739729733  0.647695765711  0.730176671826  0.851520557731  1.0100374651  1.19770514015  1.40624463568  1.62875245734  1.8593404632  2.09279942211  2.32387684935  2.54730431647  2.74805614455  2.91142308914  3.04099689077  3.14065001546  3.21348944089  3.26270785938  3.29219166606  3.30708363981  3.31474215774  3.32863571185  3.35412054874  3.39389937325  3.4525548089  3.50927804214  3.56860456863  3.63980053303  3.71935172364  3.78501590301  

0.0  0.0266296359242  0.100907207758  0.168626872242  0.230308304427  0.294607206616  0.353422420202  0.412155730581  0.476960088178  0.551648636425  0.640873925093  0.748106306032  0.822100663924  0.895093118225  0.975379030786  1.09224246543  1.24423512513  1.42535244972  1.63035987103  1.85544566164  2.09723883888  2.35212638748  2.61523261362  2.8801317727  3.12627451763  3.33023237945  3.49048887033  3.60630215927  3.67601445755  3.69780766914  3.66995235976  3.58988288356  3.45444833625  3.25388287648  3.08272696303  2.9280486606  2.77945831317  2.67579408369  2.5922971728  2.51580582653  2.45073491212  2.40723672075  

-0.0226179259782  -0.0226183221323  -0.0226378873965  -0.0226790656178  -0.022794036297  -0.0231783948412  -0.0237923450676  -0.0245883357437  -0.025618472903  -0.0269510343793  -0.0286622594732  -0.0307047009694  -0.0319736246766  -0.0330527971915  -0.0340507156299  -0.035187743258  -0.0361709591546  -0.0367002159055  -0.0365710719444  -0.0356793681373  -0.0340069447296  -0.0316081259415  -0.0286021451217  -0.0251604794753  -0.0216710609753  -0.0185943196721  -0.0160433440628  -0.0140745252513  -0.0127379884836  -0.0120839964725  -0.0121725027926  -0.0130993973474  -0.0150153183073  -0.0182452621404  -0.0212801943488  -0.0242185936026  -0.0272248758021  -0.0294679598393  -0.0314411065234  -0.0335177073582  -0.0356499736076  -0.0373616745235  

0.938350697586  0.938351045958  0.938361734436  0.938369005597  0.938341460052  0.9381139914  0.937543580206  0.936548905132  0.934929662122  0.932385148619  0.928508014679  0.923127673871  0.919409826838  0.916020800114  0.912689746273  0.908636963065  0.904863137321  0.902678877577  0.903275925831  0.907568678215  0.916127942847  0.92914735154  0.946405737086  0.967274788192  0.989583317223  1.01025549146  1.02820599458  1.04268663086  1.05295246816  1.05819321812  1.0574207908  1.04916877113  1.0311454217  0.998635791659  0.9659280849  0.932258134783  0.895623891733  0.866714110424  0.840093053492  0.810839407589  0.779458368343  0.753275875692  

13.5984711351  12.8486311662  10.7503696914  8.8745946095  7.24704839166  5.68503646405  4.41804891466  3.33235718287  2.34963707963  1.47911700864  0.74789792408  0.194822421561  -0.0478517437861  -0.215721383732  -0.347029016468  -0.481249811978  -0.614187765451  -0.767880175098  -0.967124299175  -1.21924936295  -1.51243990537  -1.82378337136  -2.128114089  -2.40567278846  -2.63578278219  -2.81094211917  -2.94660551425  -3.05326320608  -3.13288583874  -3.17722279719  -3.16447706465  -3.05167403006  -2.76224814118  -2.1496862436  -1.4789698886  -0.808108920718  -0.215195300521  0.0575900207971  0.0949780218923  -0.13655847221  -0.69235204835  -1.35038035407  

0.573772334441  0.57394068113  0.574956373398  0.575211682413  0.575072546415  0.573622133143  0.569362202526  0.561469900925  0.548765682741  0.530278899992  0.505705994907  0.477336313786  0.460737398558  0.447361069965  0.435690213851  0.42338032121  0.414000069515  0.410441941019  0.414011059492  0.424727276509  0.441683695367  0.463298428396  0.487463912338  0.511708358686  0.532349168684  0.54635977676  0.5534062601  0.553439930335  0.546361437065  0.531921649024  0.509492016386  0.477433329701  0.432598268503  0.366418362779  0.304208641835  0.241399381895  0.175920823507  0.129954744253  0.0958704024439  0.0713275950012  0.0627763687341  0.0696912501197  

-0.0902312673534  -0.0900578167543  -0.0884873447878  -0.0874238377234  -0.0867858197384  -0.0844265173356  -0.0800719463921  -0.0740890753465  -0.0664070706944  -0.0571436529665  -0.0466912037238  -0.0362742910717  -0.0308247408708  -0.0267698077729  -0.0235022111974  -0.0204117857157  -0.0185274756634  -0.0184707260714  -0.0203152455235  -0.023772713638  -0.0283449296615  -0.0334252055742  -0.0383630835209  -0.0425250064621  -0.0452324508821  -0.046219905288  -0.0457194368915  -0.0439862597621  -0.0412675321916  -0.0378041102757  -0.0338186758852  -0.02947662016  -0.0249151305365  -0.0199824723278  -0.0163481384099  -0.0131447657394  -0.0101202293412  -0.00827062656747  -0.00726630929514  -0.00724046543746  -0.00869143462438  -0.0110659600857  

-0.292245977678  -0.21951949657  -0.0217347482204  0.164182995081  0.331865519522  0.478828538081  0.574692060428  0.632852964881  0.658572977478  0.64764851378  0.593083178085  0.491123971917  0.411045322201  0.335626225349  0.261394706764  0.169272949071  0.0738279673588  -0.0105824194434  -0.0755442918543  -0.117319288875  -0.13483564492  -0.128552605257  -0.0998508149562  -0.0506446597893  0.0134884782911  0.0831004445549  0.154340564183  0.225257246428  0.294570725189  0.361447035332  0.425409735795  0.486277533287  0.542186908705  0.587250339775  0.598057799399  0.579159431395  0.522292196288  0.449634959228  0.362865259709  0.253341346436  0.131955373594  0.0361200359091  

-0.212847024499  -0.214498864657  -0.236848808497  -0.269831197887  -0.28646152888  -0.277473026283  -0.254233566401  -0.227735615174  -0.201733561443  -0.178864002965  -0.160334869418  -0.145901502009  -0.138376547471  -0.131783233965  -0.124873117895  -0.114607660829  -0.0999870359693  -0.0805219837795  -0.0569338450119  -0.0313111229808  -0.00670209324535  0.013520978035  0.0262079999892  0.0288959340418  0.0207337262569  0.00438333444751  -0.0169725987898  -0.0406167326547  -0.0640419001098  -0.0848372582852  -0.100619156617  -0.108895468382  -0.10670159914  -0.0903826816983  -0.0705461664239  -0.0506591734251  -0.0313584049232  -0.0180162524564  -0.0067159492113  0.00549269868562  0.0193250383649  0.0319036856133  

-0.129736655266  -0.113116655444  -0.0652640340337  -0.0113192859216  0.0423231670319  0.0899444196517  0.121322063148  0.142694530571  0.158592734802  0.171396512828  0.18311623226  0.194538406177  0.20071555957  0.205361317196  0.209109841729  0.212323904061  0.21260332057  0.2072276759  0.194277773628  0.173222255334  0.144989981612  0.111709457723  0.0764008043072  0.0425971316615  0.0152740399431  -0.00204470425095  -0.0096960286831  -0.00852349838313  0.000411082976977  0.0157242671187  0.0355908259607  0.0575843440808  0.0776982328307  0.0895547828669  0.0876301382968  0.0789134965276  0.0678759061784  0.0618347623747  0.06034624413  0.0639242992543  0.0732342536833  0.0840576063311  

0.464610727797  0.474566258178  0.496016429428  0.501840248488  0.489529229443  0.455486226743  0.406156967584  0.342584385773  0.260542073683  0.157388665525  0.0321245449487  -0.108082388722  -0.192069853535  -0.261202243541  -0.3228368477  -0.392237907098  -0.458006357256  -0.513947765389  -0.559801770677  -0.597325860424  -0.628071649406  -0.652877441777  -0.67192595379  -0.684969596057  -0.691252202862  -0.691024447494  -0.685268032548  -0.674438704367  -0.658524195135  -0.637007532378  -0.608600063395  -0.570438503246  -0.517280601694  -0.436293823742  -0.35740997765  -0.276101841942  -0.190608425266  -0.131116599214  -0.0889877661178  -0.0588570356726  -0.0438197709393  -0.0435254650773  

2.66296368194  2.66296368194  2.66296368194  2.66296368194  2.66296368194  2.66296368194  2.66296368194  2.66296368194  2.66296368194  2.66296368194  2.66296368194  2.66296368194  2.66296368194  2.66296368194  2.66296368194  2.66296368194  2.66296368194  2.66296368194  2.66296368194  2.66296368194  2.66296368194  2.66296368194  2.66296368194  2.66296368194  2.66296368194  2.66296368194  2.66296368194  2.66296368194  2.66296368194  2.66296368194  2.66296368194  2.66296368194  2.66296368194  2.66296368194  2.66296368194  2.66296368194  2.66296368194  2.66296368194  2.66296368194  2.66296368194  2.66296368194  2.66296368194  

-1.56248016965  -1.56199471292  -1.56026782797  -1.55801950008  -1.55507119554  -1.55041370914  -1.54387652803  -1.53391974419  -1.51633442894  -1.47994199437  -1.38147245469  -0.903404526266  0.290832922708  0.917071078239  1.11469430241  1.22030350308  1.28442822107  1.33622454765  1.3839309634  1.42551032162  1.4588422978  1.48435688383  1.50369652599  1.51854985761  1.52971011588  1.5377334907  1.54357961519  1.54775207406  1.55046964597  1.55178201633  1.55156565777  1.54933697959  1.54362349189  1.52838473912  1.49897743949  1.42205568833  1.00677760961  -0.372606952272  -0.54347610008  0.683726702681  1.31881309065  1.43333120281  

0.0  0.0266296368194  0.100909943457  0.168680594443  0.230574333883  0.295262708868  0.354196789054  0.412215970522  0.474571130292  0.543503388379  0.620920452286  0.706229273236  0.760170058678  0.809694362958  0.860367393344  0.927939861212  1.00664174045  1.08957062602  1.17243356276  1.25332074039  1.3316895687  1.40778806567  1.48225140151  1.55613062901  1.62743348486  1.69293400004  1.75465382675  1.81449579187  1.87393474509  1.93433716997  1.99730177383  2.0653450531  2.14151652571  2.23343985648  2.30716376632  2.37474481389  2.44297083519  2.49376916013  2.53820026417  2.584148157  2.6292253006  2.66296368194  

