3.25282615448e-18  0.389233756155  2.08230511158  3.73934418676  5.71606434294  7.80157367779  9.5845848978  11.456960924  13.500017245  15.7553242358  18.6115982398  21.0386579394  23.5178855281  26.0705649428  28.687741797  31.4097985466  34.4522798178  37.2571890817  38.9475854891  

4.98931101795e-19  -0.000127607829335  -0.00366452506408  -0.0119941009701  -0.0287419711196  -0.0549153361715  -0.0839819044449  -0.119798721641  -0.161613928308  -0.204792056857  -0.246348653204  -0.266269372671  -0.270689710858  -0.258335519229  -0.228774356514  -0.182202194369  -0.115612438582  -0.0448746189728  0.000608263774886  

1.17651801103e-18  -0.00064586301936  -0.00349081194044  -0.00646037078757  -0.0102976074438  -0.0144380385831  -0.0175912820527  -0.0198084019178  -0.0199931841174  -0.0172588771994  -0.0111470317379  -0.00501142444161  0.00148838419936  0.00802823678935  0.0141487889787  0.0193569454988  0.0234527139016  0.0259913163326  0.0267407156519  

0.0  0.0131653107482  0.0703927737258  0.126351143937  0.193190144338  0.263701137644  0.324079038945  0.388476050931  0.460966930343  0.543556378859  0.649108975103  0.736204735204  0.819871756607  0.898870109629  0.972560216981  1.04374496558  1.12122279429  1.19403227758  1.2391536036  

0.0  -4.15320212735e-06  -7.3245225997e-05  -3.44182721253e-05  0.00279542355734  0.0252259707518  0.081911211903  0.195599374339  0.393774974498  0.706055986679  1.23179787067  1.77243194319  2.38723873748  3.05593577829  3.74649670296  4.43986963576  5.16327358933  5.78290706029  6.14191553677  

6.71622532612e-19  1.06365752789e-06  0.000129915709708  0.000695540168806  0.00333035770685  0.0126832873798  0.0285386428027  0.0524554828518  0.0845289560543  0.122720488372  0.167845870461  0.198188033206  0.217934581173  0.223777214224  0.213133218331  0.185178808919  0.138834427852  0.0889536407486  0.0585443443166  

4.02268788226e-18  3.42418389427e-06  0.000524555594095  0.00301854511142  0.0104131532612  0.0243840854187  0.0412991240361  0.0641976891114  0.0958756566989  0.139985212217  0.211394523608  0.28730241127  0.380602428069  0.494291937616  0.630036642605  0.791947320179  0.997347288946  1.20866911867  1.34597259026  

0.0  0.000260002169011  0.00743740611304  0.0238520349839  0.0541818818378  0.0946678846288  0.133647746053  0.178861194867  0.233996611822  0.30257588882  0.401614255804  0.496618774339  0.603675660567  0.723723066801  0.855843931058  1.00101510233  1.16971053474  1.32867052526  1.42533933743  

-2.85216866938e-18  0.0131656697144  0.0704296451097  0.126452620865  0.193210287383  0.263480067784  0.323558752098  0.387140582681  0.45777838855  0.537957443769  0.643664146683  0.737592880404  0.837386663999  0.94358371287  1.05481962933  1.17098913889  1.29826811502  1.41041153845  1.47476692944  

0.00582489986377  0.00582489913735  0.00582464106179  0.00582150419494  0.00581367786568  0.0058584697368  0.00599042773238  0.0062090449275  0.00650437400067  0.00686450529112  0.00733458135157  0.00771985137759  0.00807176688201  0.00835343273929  0.00850638979498  0.00844934863226  0.00801710543369  0.00715947833166  0.0063829995773  

0.000232680036471  0.000232680720225  0.000232853017235  0.00023400613812  0.000234669044083  0.000253787304606  0.000352455922023  0.00059096183227  0.00102189244537  0.00169142806428  0.00278688533977  0.00387221703097  0.0050237851344  0.00607830502109  0.00672368438301  0.0064369333765  0.00406747453766  -0.00116777238733  -0.00629287341525  

0.016435579194  0.0163749531306  0.0172524154953  0.0192620608189  0.021302413447  0.0202655670282  0.0155055830896  0.00684999899445  -0.00560060067158  -0.0206860967015  -0.0376535142077  -0.046974723687  -0.0497580671722  -0.0454128828362  -0.0354468704034  -0.0234436987682  -0.0135543800453  -0.00760966704821  -0.000442067898213  

0.00879735569691  0.00879820367006  0.00882874812225  0.00889083263577  0.0089069590794  0.00887206163435  0.00901154784723  0.00943107275778  0.0101457783533  0.0110713936391  0.0121167861778  0.0126024401306  0.0124674809489  0.0114807084774  0.00951584643509  0.00662419709067  0.0030391668855  0.000529643811472  4.16902210229e-06  

0.00192073084514  0.00192167638731  0.00196365789527  0.00211437555217  0.00241904224376  0.00258267981326  0.00245272422616  0.00214622809629  0.00176004652529  0.00139208341209  0.00112019679431  0.00110002303852  0.00127825442189  0.00162750908627  0.00205711082111  0.00239055562784  0.00226933719192  0.00125001481398  3.12972734498e-06  

0.0225745846955  0.0218136137515  0.018097492526  0.0129029937603  0.00411340534054  -0.0055208810999  -0.0114492512048  -0.0148037629578  -0.0156656006468  -0.0141467051472  -0.00986103244696  -0.00519750709249  -0.000385776906285  0.0037481835874  0.00629578512466  0.00653153485529  0.00403548679147  0.000835302302667  -4.60776431703e-05  

-0.000373868850773  -0.000368593719143  -0.00063811192604  -0.00251543685434  -0.00776981399395  -0.0155483373337  -0.0226526634079  -0.0298516218778  -0.0370825219097  -0.044217845498  -0.0520215873746  -0.0575275153405  -0.0618066569416  -0.064202316235  -0.063556304102  -0.0580661465966  -0.043728720721  -0.0202000187141  -8.65348390705e-05  

-0.0521177067182  -0.0520935116189  -0.0518376203  -0.0517421962424  -0.0530303804457  -0.0565582359222  -0.0600979169503  -0.063087496749  -0.0649133905024  -0.0650660536574  -0.0626257132533  -0.058419773148  -0.0522293478938  -0.0440014745077  -0.033919477715  -0.0223682218371  -0.0098942410075  -0.00162601107321  0.000125789153832  

-0.1802002099  -0.178144949544  -0.169284766236  -0.160715977488  -0.150393243495  -0.138809330669  -0.1279997888  -0.115787744906  -0.101818198321  -0.0862420907999  -0.0671887557311  -0.0521405805431  -0.0382217717177  -0.0257391371606  -0.0152305762108  -0.00714193544735  -0.00184130131613  -0.000151126341067  -5.6445682269e-05  

1.31656697206  1.31656697206  1.31656697206  1.31656697206  1.31656697206  1.31656697206  1.31656697206  1.31656697206  1.31656697206  1.31656697206  1.31656697206  1.31656697206  1.31656697206  1.31656697206  1.31656697206  1.31656697206  1.31656697206  1.31656697206  1.31656697206  

-2.62782062963  -2.62940080937  -2.60678448462  -2.55699783018  -2.50916615786  -2.53636540787  -2.66390234648  -2.92442642844  2.97105507694  2.59919214717  2.34300200026  2.25863123955  2.25226981115  2.3144005667  2.44680470983  2.63497747838  2.81552549185  2.93213452614  3.12774212378  

0.0  0.0131656697206  0.0704297821358  0.126456844809  0.193261163064  0.263733995652  0.324031297284  0.387442012362  0.45670456675  0.533075658132  0.629532960058  0.711338953372  0.794854151442  0.880875602429  0.969179844143  1.0611897489  1.16420280492  1.25925477749  1.31656697206  

