1.15068593714e-18  0.793714449542  2.94602764578  4.99059702499  7.01784393143  8.58868424617  10.1825729344  11.7244176741  13.3271378831  15.0005702223  16.7842945758  17.7629956789  18.7287550251  19.6411275985  21.216126394  23.173529315  25.2981178869  27.5084819269  29.7921511548  32.1394802776  34.34291922  36.3553979582  38.1834476211  40.0316521508  41.8934814484  43.8141322933  45.8863699843  48.052252832  50.3234728091  52.8001124755  55.4711362446  58.7824803082  60.8469216399  62.8531669944  64.6989271643  66.4173527546  68.0383435188  69.5811693196  71.0606271495  72.4899916908  73.8821678977  75.2505230839  76.6101711652  77.9806235597  79.392536102  79.7253064972  

1.03086002525e-20  -0.00104968928186  -0.0144611773751  -0.0414991956484  -0.0820637457604  -0.122915197732  -0.172772229448  -0.229055533843  -0.295946170759  -0.374870970634  -0.469002707089  -0.524459022266  -0.579707025065  -0.630199632788  -0.711519385563  -0.801572236799  -0.88527699821  -0.956850353948  -1.01438275612  -1.0567646407  -1.08277300456  -1.09833665791  -1.10974550527  -1.12129834658  -1.13334057656  -1.1444757696  -1.15150471173  -1.14952959596  -1.13455323145  -1.10158059444  -1.04564853873  -0.945980990705  -0.866253603787  -0.77545519138  -0.680167111414  -0.581261250762  -0.478926146824  -0.373360463395  -0.264640580829  -0.15262931543  -0.0369387753011  0.0831176281274  0.208644137814  0.341457327992  0.484886903017  0.51966496873  

3.44240554994e-19  -0.00264532442841  -0.00981861651487  -0.0166329388589  -0.023389739782  -0.0286254115512  -0.0339376515723  -0.0390753567915  -0.0444121815361  -0.0499694683217  -0.0557782027231  -0.0582697994103  -0.0570154943691  -0.0543223365786  -0.0493125031323  -0.0429687430932  -0.0360693280106  -0.0289406326698  -0.0217278075241  -0.0147598112534  -0.00940944696137  -0.00671185802204  -0.00621392744235  -0.00652863217136  -0.00646954490545  -0.00502571841747  -0.00155509296246  0.00358391517171  0.00981882695775  0.0170631421606  0.0251320488071  0.0354543814152  0.042091008882  0.0486513062774  0.0547428806962  0.0604405840107  0.0658287795354  0.0709649841591  0.0758952768982  0.0806621841615  0.0853077185134  0.0898757761462  0.0944161918787  0.0989933343099  0.103708018655  0.104818724283  

2.71353364908e-18  0.0264511104826  0.0980979279315  0.166179122248  0.234228262389  0.287862417683  0.343917391178  0.400978906005  0.465022013861  0.539246888871  0.629371168916  0.684425938185  0.742267403253  0.799314370957  0.90078652272  1.02847458993  1.16407995743  1.29682079064  1.42089986959  1.53230107098  1.62272884357  1.69719285842  1.76265829074  1.82954963961  1.8980862707  1.96856989605  2.04141028046  2.11088744613  2.17515243823  2.23735017145  2.30238585241  2.39737847837  2.47468771877  2.56874275237  2.67376433685  2.7872951582  2.90670292117  3.02907976821  3.15175715542  3.2725850641  3.3899903394  3.50293577412  3.61086645547  3.71370850502  3.81204036772  3.83396664477  

-2.33532982197e-18  -3.16453444475e-05  -4.3400404366e-08  0.00202487298906  0.0126739433527  0.0392174742974  0.097638113422  0.195251454724  0.347014449038  0.566437611688  0.876162951854  1.08149483186  1.30970537266  1.54972966799  2.0125441057  2.65858993701  3.42575473448  4.26793819642  5.15227461395  6.0413618471  6.83050738294  7.50265191448  8.08021722563  8.64943015915  9.22760769073  9.84501299829  10.5392913604  11.2801989829  12.0383590579  12.7946368879  13.4810193778  14.1204906943  14.420186459  14.6720980524  14.9027038483  15.1459464341  15.4238554919  15.7486845729  16.12605162  16.5574994452  17.0424896538  17.579963561  18.1697610567  18.8144769434  19.5233697128  19.6960312795  

-1.03941279561e-18  1.75985434061e-05  0.000788198455749  0.00361545357428  0.0108479379397  0.0222633618865  0.0408754963548  0.0657958268648  0.098369193169  0.139169262638  0.190190366241  0.221332201554  0.253102959864  0.282618110595  0.330649487331  0.383535886868  0.430505904229  0.465860519714  0.486020744465  0.488157995606  0.473965258573  0.45198992875  0.431385022006  0.415547113157  0.406628639428  0.402292383125  0.395730665547  0.377090626116  0.336279729094  0.261524224186  0.14464500681  -0.0442659857343  -0.178078553283  -0.311820692765  -0.431608626283  -0.535265979627  -0.622616367626  -0.694243517349  -0.751359447034  -0.795557238255  -0.828558656056  -0.852037673992  -0.867518251098  -0.876317346053  -0.879493564529  -0.879511594093  

-2.75130905818e-18  2.78050138569e-05  0.00142337174357  0.00680358147053  0.0177271834254  0.0295025958733  0.0432628982076  0.0579024531945  0.0748553963345  0.0951878473352  0.12067565778  0.136552616392  0.153692046632  0.17149085653  0.205940675213  0.255589040713  0.31838322771  0.393705126632  0.482046066394  0.583360744017  0.687200733689  0.788606253551  0.885789693643  0.988801879137  1.0974915397  1.21528428298  1.34973406983  1.49917107868  1.66557777066  1.85697103388  2.07200712497  2.34542877233  2.51739079166  2.68504568653  2.84031534127  2.9869523485  3.12864564584  3.26820450848  3.40798471328  3.55013371823  3.69674362313  3.85002243576  4.01256619986  4.18788765549  4.38170641883  4.42945365603  

-2.18830830062e-18  0.00104970929985  0.0144376512409  0.0408078973292  0.076531736166  0.106302768976  0.135856055692  0.164239394346  0.19515469426  0.230480014289  0.27254323676  0.297646688266  0.323919560076  0.350387352629  0.399577172356  0.466623977922  0.546432725206  0.636613078968  0.736489580961  0.844883900894  0.950406392125  1.0488741204  1.13969891446  1.23296914383  1.32886490966  1.43058873638  1.54419208425  1.66686790992  1.79780931459  1.93911648725  2.0833799424  2.24004325505  2.32086041584  2.38542252783  2.43278232031  2.46751397324  2.49345654596  2.51360039125  2.53032235762  2.54551059235  2.56066909865  2.57702959824  2.59567710551  2.61771411221  2.64456035713  2.65156987753  

1.21533962573e-18  0.0264539519597  0.0981871211096  0.166286118799  0.233565380203  0.285300332662  0.337381716553  0.387633494957  0.44026322165  0.496303715851  0.557972183847  0.59277286717  0.627954261966  0.662399858532  0.724498987388  0.806462146618  0.901649776271  1.00755415607  1.12387002746  1.24957511059  1.37154638928  1.48482460518  1.58865103612  1.6944472039  1.80213621219  1.9148828872  2.03865676334  2.16944212503  2.30525283306  2.44619754508  2.58083995192  2.70630102329  2.75310750023  2.77146498282  2.76364187425  2.73562767099  2.69244625396  2.63829883568  2.57662892014  2.51011944179  2.44074443662  2.369852762  2.29823580048  2.22612509141  2.15299618709  2.13603024986  

-0.0198298855293  -0.0198304778282  -0.019862232617  -0.0199687488983  -0.0201392839757  -0.020340915217  -0.0206907898759  -0.0212335933983  -0.0220340672398  -0.0231144702525  -0.0244837868161  -0.0252830901508  -0.0260690573323  -0.0268052657027  -0.0280456632563  -0.0295072573962  -0.0309594308948  -0.0323018486691  -0.0335268858421  -0.0346855347556  -0.0357699873504  -0.0367956963201  -0.037706284984  -0.0384872020047  -0.0389970617992  -0.039130096522  -0.0387987110562  -0.038012803904  -0.0369218121834  -0.0357893186353  -0.0351741534679  -0.0362043839175  -0.0383207732229  -0.0417653548304  -0.0463652870044  -0.0520943467886  -0.0589985907947  -0.0671575426158  -0.0766797185837  -0.0877021960393  -0.100391392433  -0.114949276717  -0.131632489347  -0.15080202436  -0.173062027157  -0.178674155949  

1.05633200711  1.05633254709  1.05635375459  1.05639577118  1.05641354455  1.05638163904  1.05624635756  1.05591767557  1.05525980587  1.0541337061  1.05239696578  1.05124367818  1.05001409215  1.04877701455  1.04650494297  1.04351697715  1.04019460243  1.03677721775  1.03332981964  1.02974497865  1.0260877446  1.02236297596  1.01884165936  1.01564710392  1.01344869432  1.01285088158  1.01445273807  1.01844477168  1.02428940509  1.03070379547  1.0343838877  1.02760682398  1.01296288672  0.987956492363  0.952984370865  0.907489266802  0.850336550988  0.780036489857  0.694728411963  0.592128420737  0.469456154575  0.323290929435  0.149257137707  -0.0587069996393  -0.310304195569  -0.375393086726  

13.9720380517  13.1335609194  10.8495622978  8.72199345653  6.71817692664  5.28066324078  3.95998300022  2.83864198417  1.85010864746  1.01385074458  0.334142868764  0.0479664437516  -0.180376372852  -0.352766212015  -0.559564655373  -0.681146208211  -0.68380615597  -0.590832371806  -0.439805010642  -0.270691253547  -0.131869837624  -0.0410010429107  0.00355233825691  0.00996884340543  -0.0191837243696  -0.0777289651224  -0.158514407006  -0.243704811556  -0.316331583459  -0.369990581129  -0.423901234274  -0.601644169185  -0.872658443552  -1.33638975516  -1.99765607043  -2.85905764985  -3.91349429952  -5.13877166779  -6.49578739831  -7.92595648171  -9.34634284062  -10.6415384978  -11.6500761192  -12.1391868645  -11.7480884114  -11.4782085639  

1.20760610244  1.20797758234  1.210975675  1.21342995021  1.21403139993  1.21362287938  1.21251519876  1.21022108903  1.20583741712  1.19876903519  1.18905950627  1.18341534352  1.17806599839  1.17322080411  1.16517586687  1.15539941918  1.14471088831  1.13316841523  1.12030255513  1.1053232809  1.08893340339  1.07194410289  1.05575091783  1.04034818254  1.02766889389  1.01885827068  1.01415423549  1.0123849213  1.00949835716  0.998228547454  0.967742557785  0.892058216783  0.820795761902  0.735066205841  0.645297478789  0.557065589745  0.475131804156  0.404032753864  0.347882074826  0.310257892957  0.294160765375  0.301947911275  0.335187632945  0.394395223087  0.478603462746  0.501012844761  

-0.129865029475  -0.129483219401  -0.125390934509  -0.119617025286  -0.114734545545  -0.111915485241  -0.109029651119  -0.105335568308  -0.100172827677  -0.0935971047274  -0.0861482419431  -0.0823460078066  -0.0790276190155  -0.0762331553844  -0.0719726347327  -0.0673191409747  -0.0627442868465  -0.0582567158342  -0.0536592807236  -0.0486994090041  -0.0436484499735  -0.0387539261673  -0.0343584981405  -0.030375408953  -0.0271837089949  -0.0248893271485  -0.0233225334284  -0.0220178424657  -0.0199660462005  -0.0156183073299  -0.00718258688983  0.00950566322908  0.0229664137515  0.0373416559862  0.05055993299  0.0616039449566  0.0695912672358  0.0736465819677  0.0729071813124  0.0665102459656  0.0535661354385  0.0331224825283  0.00410489641391  -0.0348138025841  -0.085577227402  -0.0991206179505  

-0.403607915272  -0.303199822291  -0.0552185198746  0.151071151423  0.329971455479  0.4457383013  0.534502615152  0.58754094841  0.60621757862  0.586012407546  0.521754734656  0.469902224807  0.413070175062  0.360451171294  0.276932163103  0.18896416651  0.115370600124  0.0638550832837  0.0369440673154  0.0345882707872  0.0502200431705  0.0707023284073  0.0855471450973  0.0920855440705  0.0908032702209  0.0866437503211  0.08786987374  0.103866193802  0.140687944636  0.201867652406  0.281959900431  0.374586117197  0.411484426681  0.420442694761  0.398869020744  0.350594173289  0.28152646842  0.199743341439  0.115562348438  0.0416174457388  -0.00683285395143  -0.0112588992285  0.0513333573891  0.210787835421  0.50959609844  0.603654556346  

0.0228575114731  0.0205856357151  -0.00684817966225  -0.0511715301887  -0.0897057995837  -0.101799877389  -0.0960188294885  -0.0790649379978  -0.0575165692086  -0.036661598266  -0.0188875420821  -0.0110685334417  -0.00444288493237  0.000945165852238  0.00835813607525  0.014796627765  0.019025607698  0.0207563120469  0.0197216650998  0.0157944369444  0.0101023259381  0.00414939435519  -0.00123728426525  -0.00659292606308  -0.0124914435358  -0.0202951408141  -0.0324150322624  -0.0512080702477  -0.0794754219138  -0.121222156604  -0.177537872004  -0.25537295635  -0.300954974843  -0.336210748102  -0.354690677266  -0.353780263436  -0.330636647162  -0.281878376282  -0.203619610047  -0.09143785131  0.0597006235921  0.255598597458  0.503210127133  0.811612276743  1.19475988252  1.29487345671  

-0.0267166497212  -0.0290554445419  -0.0341620724952  -0.0261842671029  -0.00494593404302  0.0129698750716  0.0265513310916  0.0344620484797  0.0393621929258  0.043789432672  0.0498726933869  0.0538934823416  0.0580241609039  0.0618833544137  0.0677942550514  0.0725060039976  0.073045345746  0.0683722742287  0.0591969499834  0.0476028168453  0.0371615741696  0.0293333288008  0.0237425192705  0.0190520212953  0.0147858651954  0.0107766657611  0.0076268235529  0.007542968839  0.0143010079343  0.0348662871454  0.0796718027535  0.178870133485  0.269724055077  0.38113697875  0.503905521491  0.63474122422  0.770744543989  0.90816861958  1.04222709506  1.16684553037  1.27426173959  1.35445000066  1.39421438911  1.37548540183  1.27131496313  1.23139734538  

0.784546616397  0.787106926322  0.79609003487  0.800941790934  0.794184262562  0.777512947779  0.749653722984  0.71312603936  0.66704073146  0.612804501163  0.552090435015  0.519531467126  0.489801162635  0.464842458799  0.428761824262  0.394094341032  0.365933735157  0.34394605832  0.32657662967  0.312680720481  0.302411312808  0.294919424462  0.289269085994  0.28435421941  0.280153332494  0.276758372561  0.274304262142  0.272963439491  0.27252381207  0.272512677712  0.271564013455  0.263660034248  0.249484516926  0.222788403641  0.180842630014  0.120637978855  0.0394960739234  -0.0643449344631  -0.191398909241  -0.340616623319  -0.508942024615  -0.690631177878  -0.876160168936  -1.05030354557  -1.18811807183  -1.2103916327  

2.64539528062  2.64539528062  2.64539528062  2.64539528062  2.64539528062  2.64539528062  2.64539528062  2.64539528062  2.64539528062  2.64539528062  2.64539528062  2.64539528062  2.64539528062  2.64539528062  2.64539528062  2.64539528062  2.64539528062  2.64539528062  2.64539528062  2.64539528062  2.64539528062  2.64539528062  2.64539528062  2.64539528062  2.64539528062  2.64539528062  2.64539528062  2.64539528062  2.64539528062  2.64539528062  2.64539528062  2.64539528062  2.64539528062  2.64539528062  2.64539528062  2.64539528062  2.64539528062  2.64539528062  2.64539528062  2.64539528062  2.64539528062  2.64539528062  2.64539528062  2.64539528062  2.64539528062  2.64539528062  

-1.56370017067  -1.56324692675  -1.56164311058  -1.55934947303  -1.55580879652  -1.55153889666  -1.54467742099  -1.53341278024  -1.51131852666  -1.45729281841  -1.21961567507  -0.362653189453  0.945043680342  1.20771082858  1.32525066051  1.35749133725  1.34817278015  1.30395654186  1.20663934895  1.00099773147  0.635337128013  0.219274549377  -0.0188399252602  -0.0517571544507  0.0980698694748  0.378163508174  0.685088173324  0.908435687207  1.04252777465  1.12031264272  1.17752325945  1.27853357437  1.3546624918  1.41578798904  1.45526389545  1.47994308094  1.49556020244  1.50554512745  1.51184207138  1.51552673508  1.51714163042  1.5168390437  1.51436205286  1.50876229743  1.49727369262  1.49312102162  

0.0  0.0264539528062  0.0981893513356  0.166336148483  0.233909973052  0.286274272822  0.339410113229  0.390812495107  0.444241152934  0.500008206713  0.559355584384  0.591712089053  0.623511142974  0.653744603349  0.706065153867  0.771139770647  0.841763310975  0.915188290321  0.990950288237  1.06864011852  1.14128449112  1.2073724728  1.26731544225  1.32791491567  1.38896080296  1.45196503156  1.52006862968  1.59144286142  1.66645845582  1.74838376095  1.83683437289  1.94664161396  2.01522106053  2.08196118652  2.14343188203  2.20071022081  2.25477674524  2.30626477198  2.35566229361  2.40340875226  2.44993268231  2.49567906029  2.54115196349  2.58700298592  2.63425645385  2.64539528062  

