-4.44623739957e-18  0.355460591064  2.09195255673  3.68108604671  5.14000292611  6.69430848468  7.66962200825  8.53750104491  9.54639045651  10.5204218459  12.365001885  14.4096323787  16.689029636  19.2422908716  22.1687195359  24.8384028085  27.1716709892  29.1456175643  31.1390305704  33.3683416121  35.5929684212  35.7894747275  

4.16069875662e-18  -0.000209881985119  -0.00726547305667  -0.0224800127057  -0.0437824589252  -0.0740929221135  -0.0969150494156  -0.11900764882  -0.144251576889  -0.166178349072  -0.199660034838  -0.22396986764  -0.235025579241  -0.22735558002  -0.193070493095  -0.141347946025  -0.092228383064  -0.0576338437476  -0.0316670138064  -0.0127280445581  -0.000843616754197  7.79824872542e-05  

3.50878498376e-18  -0.00118196220375  -0.00695191600537  -0.012221314145  -0.0170356006782  -0.0220734341608  -0.0249739336015  -0.0261792834483  -0.0241071613287  -0.0211676491103  -0.0152564761654  -0.00859085021414  -0.00114015961403  0.00715195076272  0.0162793734357  0.021929690679  0.0198370391845  0.0155097724325  0.0108872042259  0.00660046548762  0.00477493092258  0.00476494722041  

0.0  0.0118375033512  0.0696239848492  0.122473768068  0.171101075023  0.223125252047  0.255896715913  0.285112330765  0.319432130311  0.352940895963  0.416704204361  0.486821988006  0.562722734487  0.643085272206  0.727885361789  0.799493549622  0.861407405218  0.915036912304  0.969692440003  1.03079275928  1.09142486228  1.09674311804  

0.0  -6.85484975752e-06  -0.000104865868384  0.000435911905617  0.00352890505752  0.016042346481  0.033902224091  0.0592773917057  0.102505664969  0.159506104855  0.308393839416  0.531741502012  0.841879802041  1.24569787113  1.74777081201  2.20864975647  2.60529503629  2.95409252041  3.34105602829  3.8406955122  4.4300710235  4.48685599314  

-2.14133456365e-18  1.61958896053e-06  0.000296913857976  0.00154766937837  0.00446194912241  0.0112993952576  0.0184587107999  0.0267972454632  0.0381091188575  0.0498413536527  0.0724753948929  0.0957703132223  0.116564508505  0.13015018933  0.129565293285  0.113614404365  0.0973072088729  0.0918760917243  0.0977324001183  0.117881015972  0.148251360977  0.151162897983  

-1.92220123112e-18  2.48978767841e-06  0.000508431238444  0.0027582515368  0.00737029021135  0.0155647924217  0.0224633845707  0.0296830581827  0.0394269591879  0.0502942838065  0.0749613103021  0.109088136337  0.156460462295  0.222345602652  0.315724915442  0.41792435975  0.521007564908  0.618935843184  0.727905703478  0.86217854647  1.01026741342  1.02408496744  

1.76684625595e-18  0.000210199064298  0.00727558873831  0.0224172828459  0.0430038064063  0.070312560622  0.0893633751074  0.107185187897  0.129045827523  0.151443707412  0.197439929398  0.25431840162  0.325402319919  0.414565544784  0.528237817679  0.640844856048  0.74528487819  0.838057784877  0.935734557282  1.05017460736  1.17090178089  1.18192748437  

0.0  0.0118377696459  0.0696587789293  0.122547309223  0.171032047983  0.222499403415  0.254610200917  0.282969679139  0.316040873497  0.348278081835  0.410122293431  0.480134444148  0.560234123892  0.652426824115  0.760389190588  0.85918137268  0.944847319314  1.01728982417  1.09094074739  1.17489846259  1.2615663223  1.26939899504  

-0.0231195558094  -0.023119573893  -0.0231237264968  -0.0231413221222  -0.0231744451281  -0.0232437419087  -0.0233177647804  -0.0234074582527  -0.0235419170341  -0.023704870103  -0.0241187325648  -0.0248031559656  -0.0259879682984  -0.0280643417238  -0.0317164012013  -0.0364302436087  -0.0417123866547  -0.0470847101525  -0.0533573178617  -0.0613303449246  -0.0701223204172  -0.0709285779814  

0.278509585652  0.278509602768  0.278512436009  0.278519410927  0.278522806393  0.278508990385  0.278476799377  0.278421988246  0.278315552316  0.278155946595  0.277637180505  0.276526841232  0.274118417447  0.268936365098  0.257858648009  0.240917503979  0.219182963605  0.194633199692  0.163335360464  0.120023601612  0.0682244251423  0.0632757852779  

2.13508979962  2.03652398442  1.55313672058  1.11832032738  0.737272515848  0.363413779675  0.151832019886  -0.0182710543455  -0.194378015698  -0.341149392963  -0.550585670519  -0.674662741691  -0.684421873157  -0.558736613721  -0.299126057535  -0.0362545333697  0.149005106654  0.237725004418  0.244553434758  0.156174301923  0.0116986387963  -0.000724310669587  

0.31132279987  0.311343124905  0.311787852961  0.312199596797  0.312311616113  0.312088023472  0.311648710886  0.310949560427  0.309636185097  0.307694039642  0.301658311904  0.290473562466  0.271407032148  0.241102395617  0.195353694368  0.146220469999  0.10134628018  0.065352025093  0.0343242333229  0.0098982235552  4.89117430147e-05  -1.93962619609e-05  

-0.0463384929472  -0.0463187406554  -0.045743971673  -0.0448097383932  -0.0438698680648  -0.042666596403  -0.0416343896323  -0.0404798884165  -0.0388233553888  -0.0368602725878  -0.0321268407736  -0.0254173391152  -0.016461683701  -0.00531024332669  0.0074564208742  0.017267915325  0.0229052224011  0.024550849444  0.0225055165746  0.0150336736664  0.00151051643018  1.10339860281e-05  

-0.109718293162  -0.092819853454  -0.0130122212054  0.0583339613014  0.123752586679  0.190170053816  0.227271976545  0.256249740392  0.286442764753  0.31305917118  0.356634141513  0.393948076901  0.420319065331  0.427728908154  0.403417324838  0.349075402426  0.277022078047  0.202777989425  0.124995490207  0.0489739436909  0.00201684838214  -0.000110667391006  

-0.15864841671  -0.158814446796  -0.164863256402  -0.177891801682  -0.192823706189  -0.205514774905  -0.209880880285  -0.211438205748  -0.211056787397  -0.20901058794  -0.201769437991  -0.18874659593  -0.16564619568  -0.123379216895  -0.0441811488015  0.0648308864204  0.193719164859  0.330498201235  0.496462681206  0.717130159542  0.975253119675  0.99986487326  

-0.0931509496031  -0.0875492944248  -0.0600949406795  -0.0325475239224  -0.00435820874061  0.026751847925  0.04562070304  0.0616400316672  0.0795810854673  0.0964778511365  0.128080817708  0.163950340287  0.206139559518  0.255309496981  0.308465335816  0.343699320853  0.353422776489  0.337745656426  0.290873548886  0.189097733938  0.019105959523  0.000134774642654  

0.596085056321  0.599314172188  0.612440790671  0.619441982096  0.620177360286  0.613622648609  0.605331890181  0.595387758585  0.581494571273  0.566404114706  0.534584429765  0.49574644372  0.449259772614  0.393849616495  0.325914459759  0.259004130316  0.193933159915  0.134501744796  0.0762998438476  0.0240916253428  0.000148492086482  -3.77378490246e-05  

1.18377696527  1.18377696527  1.18377696527  1.18377696527  1.18377696527  1.18377696527  1.18377696527  1.18377696527  1.18377696527  1.18377696527  1.18377696527  1.18377696527  1.18377696527  1.18377696527  1.18377696527  1.18377696527  1.18377696527  1.18377696527  1.18377696527  1.18377696527  1.18377696527  1.18377696527  

-1.5167072552  -1.51409482998  -1.49649136253  -1.46769852696  -1.41490811694  -1.26127735444  -0.915949661815  0.154863101688  1.02629096111  1.23641596626  1.35517336447  1.38900679189  1.38317584542  1.32474400815  1.08331979709  0.196467850148  -0.620352018595  -0.790262249908  -0.741945355886  -0.471051039615  -0.0333540025506  0.00204236341155  

0.0  0.0118377696527  0.0696590746043  0.122555894559  0.171089932081  0.222724963166  0.255013644224  0.283548518314  0.316777863505  0.349034849278  0.410267125985  0.478207594917  0.553960539013  0.638773895566  0.735791701545  0.823741203556  0.900342914489  0.965344768355  1.0310202694  1.10434651337  1.17733404532  1.18377696527  

