-1.7818263951e-18  0.326694996471  1.99573507261  3.63098474982  5.62372078442  7.72096760213  9.50093835343  11.3739131899  13.5733979038  16.3465572082  18.8547613838  21.2902752559  23.7773445479  26.4085063819  29.443087759  32.0331664679  32.6316225434  

-4.24988033913e-19  -9.65999077694e-05  -0.00347535001696  -0.0111556432599  -0.0258988096612  -0.0470305491455  -0.0681110599287  -0.0910036905502  -0.114911967579  -0.135030050668  -0.140716813339  -0.134331787146  -0.116778846022  -0.0886543326191  -0.0481459705837  -0.00914350131285  0.000231879619767  

-7.04210178362e-19  -0.000580722213057  -0.00336183569933  -0.00586143838908  -0.00865732385254  -0.0110317749359  -0.0120681510862  -0.0117036796188  -0.00939844312489  -0.00467850635272  0.00023482219119  0.00486415481751  0.00888339389627  0.0119426170592  0.0141411002483  0.0153471697845  0.0154367791198  

0.0  0.0110462310764  0.0674664496726  0.122728391842  0.190195658232  0.261156303271  0.321105361743  0.384143240684  0.458357899847  0.551528608027  0.633942148986  0.711014930256  0.786204164291  0.862274158539  0.946772668772  1.01690722186  1.0329144861  

0.0  -3.16525053374e-06  -7.04680173598e-05  -4.96388534662e-05  0.00225648636075  0.0221303949744  0.073241739398  0.175519230626  0.36643491404  0.713896995658  1.11861407804  1.57762914302  2.09647151609  2.68425940731  3.39842948785  4.03540391861  4.18637072157  

-2.21328396241e-18  6.82815594191e-07  0.00011952984083  0.00061115385328  0.00280404019322  0.0107851735432  0.0242163760784  0.0437878734355  0.0704241037353  0.10381641763  0.129391347783  0.147425303279  0.157949016233  0.161185395511  0.157807407193  0.151317490925  0.149612797494  

3.14784898346e-18  2.02248014035e-06  0.000461827946412  0.00276849084927  0.00996066511654  0.0237801251385  0.0404777988634  0.063108797116  0.0970270837015  0.152718753534  0.217192926147  0.294032583233  0.388121833225  0.505822656652  0.665680241269  0.82317694258  0.862390690634  

0.0  0.000183035890757  0.00683197794698  0.0225192367147  0.0526274951673  0.0931746638905  0.132011149389  0.177080890023  0.236361795302  0.321942757954  0.410164056726  0.505560277543  0.612427284028  0.735096739254  0.887563530376  1.02601463416  1.0590191475  

1.22752209139e-18  0.0110464455241  0.0674997772132  0.122827972869  0.190237882343  0.261088317471  0.321216434481  0.384834286993  0.460595522685  0.558636902788  0.650317687389  0.742225498352  0.838791105457  0.943374403405  1.06612158027  1.17194279305  1.19647382042  

0.00430064044526  0.00430064011842  0.00430048762589  0.00429860717206  0.0042946149944  0.00433650783091  0.00445220661385  0.00464095756371  0.00490884859405  0.00526127118112  0.00554973412808  0.00576152213441  0.00586139757031  0.00577572457677  0.00533141928006  0.00456729007946  0.00433165742229  

0.00133140644219  0.00133140675295  0.00133151112932  0.00133223904352  0.00133278566745  0.0013497303392  0.00143450520076  0.00163813516001  0.00203146073037  0.00271571844913  0.00342099152604  0.00403870941914  0.00437436264357  0.00402660396798  0.00199426253397  -0.0019352400603  -0.00322243214437  

0.0135080924003  0.0130772690679  0.0114235537334  0.0104112170207  0.00902371948643  0.00591368218623  0.00151086240844  -0.00431008644468  -0.011308301657  -0.0178855391826  -0.0199171552071  -0.018033669135  -0.0134240030344  -0.0081775407548  -0.00462767554812  -0.0017504262835  -0.000120239028924  

0.0068526230383  0.00685305943461  0.00687088114486  0.00690553562346  0.00691730856895  0.00691575867458  0.00701828395417  0.00724639560797  0.00755264700909  0.00772795565021  0.00744567526307  0.00663260838444  0.00524246809694  0.00332972091126  0.00113108453311  4.75861959305e-05  -7.19182801144e-07  

0.000832937732237  0.000833399843811  0.000855613916274  0.000930133950246  0.00107846291219  0.00113695375444  0.00105317640874  0.000920146753756  0.000819975540205  0.00087214484191  0.00109732451958  0.00142376380522  0.00175993290232  0.00193707480318  0.00157258057614  0.000419062352189  2.64917594144e-06  

0.0111234198522  0.0108719617841  0.00932368093656  0.0068056250651  0.00209111276501  -0.00283958915609  -0.00521616351793  -0.00567939784781  -0.00427952371616  -0.000988782288698  0.00217744797441  0.00449242044205  0.00544821737913  0.00463789176864  0.0020044965036  8.55395615833e-05  -1.81547536068e-05  

-0.00803325585443  -0.00803268025956  -0.00842207865903  -0.0106545546158  -0.0169357531638  -0.0259682092795  -0.0337175621072  -0.041188133838  -0.0488083858625  -0.0564535366639  -0.0611084883269  -0.0628980025157  -0.0609313897094  -0.053171531427  -0.034463755041  -0.00784531160102  -5.96897879741e-05  

-0.0571387736535  -0.0568692498945  -0.0554195195951  -0.0541107791149  -0.0535488079972  -0.0546806595135  -0.0560274074326  -0.056699764665  -0.0558349396499  -0.0519286716685  -0.0457997381034  -0.0377773789935  -0.0279982060104  -0.0169201667456  -0.00555761021317  -0.000206277882466  3.55092483819e-05  

-0.133332495985  -0.13144446133  -0.121968422884  -0.112944742952  -0.102145591388  -0.0906264709409  -0.0805162943536  -0.0696354059292  -0.056901611893  -0.0416096785946  -0.0291353948415  -0.0187536988795  -0.0103365707257  -0.00418721515704  -0.0006666545123  -3.57128362791e-06  -5.59658589347e-07  

1.10464455264  1.10464455264  1.10464455264  1.10464455264  1.10464455264  1.10464455264  1.10464455264  1.10464455264  1.10464455264  1.10464455264  1.10464455264  1.10464455264  1.10464455264  1.10464455264  1.10464455264  1.10464455264  1.10464455264  

-2.58070283405  -2.59519873278  -2.65324479392  -2.69050310853  -2.74376563619  -2.87532933967  -3.07382630471  2.95794425603  2.70985047539  2.54448833602  2.5190399985  2.58227194526  2.7120663158  2.86564744182  2.96970557675  3.06509170047  3.13604106989  

0.0  0.0110464455264  0.0674998882553  0.122831488225  0.190280721216  0.26130722386  0.321632464171  0.38512317115  0.459620949444  0.553410817922  0.638168930295  0.72048725812  0.804622448493  0.89372608494  0.9965613122  1.08435586543  1.10464455264  

