1.33272787298e-19  0.795782431408  3.11503666603  5.37428434437  7.54792758849  9.61078489772  11.7555686701  13.5980071853  15.4162663702  17.2182576327  19.0054377128  19.8126710222  20.8331273514  21.9619271212  23.6277927327  25.4792831359  27.4755985658  29.6181632071  31.9057544299  34.2360236209  36.6040384248  38.9345497657  41.1426216844  43.0410338514  44.918396426  46.7236855654  48.889586087  51.296923112  53.8558221876  56.3275810874  58.4443566938  60.2246403341  61.8180925646  63.3099937461  64.7518668763  65.7415204672  66.8268120408  68.076552171  69.5707904294  70.9839732358  72.2139421171  73.2958183412  74.2869868284  75.2162875822  76.0987931906  76.9437866561  77.7646301809  78.5882655421  79.4149997071  79.8908203697  

-1.75265348705e-19  -0.00105516851796  -0.0161681271582  -0.0481264916378  -0.0949324642255  -0.153920698759  -0.230296803601  -0.308150473093  -0.396059735226  -0.493973463677  -0.601278126911  -0.652159904758  -0.715885058311  -0.783260411549  -0.875471480838  -0.967488447785  -1.05425126852  -1.13304296902  -1.20104608555  -1.25394530795  -1.29305309225  -1.32283832882  -1.35002245098  -1.37500717036  -1.39957018724  -1.41874959953  -1.43065630789  -1.42674234809  -1.40180108433  -1.35712091866  -1.30272302963  -1.24544456622  -1.18526000812  -1.12131925591  -1.05272754143  -1.00269435365  -0.949088966546  -0.891786941626  -0.829978004249  -0.778323958762  -0.738768871576  -0.708138203639  -0.683496850998  -0.663366070094  -0.646912576002  -0.633590472888  -0.622927508717  -0.614485291072  -0.608285109347  -0.60574958165  

8.71232698469e-20  -0.00265222022138  -0.0103819478377  -0.017911941339  -0.0251570664044  -0.0320333544194  -0.0391828056149  -0.0453232633815  -0.0513780571632  -0.0573548056995  -0.0630284380156  -0.0640973430946  -0.0616997217267  -0.0582003766956  -0.0528414353526  -0.0468323595873  -0.0403619270146  -0.0334832066914  -0.026326610183  -0.0195648967666  -0.0142726825287  -0.0122979755588  -0.0129591752482  -0.0136500161815  -0.0124757500717  -0.00866566956735  -0.00223901774308  0.0055478580392  0.0139963456349  0.0222015306775  0.0292383723603  0.0351565525522  0.0404472870713  0.0453799474491  0.0500256154683  0.0512138180279  0.0479851132285  0.0438784271293  0.0389193923983  0.0342171313274  0.0301208917176  0.026516493532  0.0232136550488  0.0201166209836  0.0171753214152  0.0143589011553  0.011622868119  0.00887744077921  0.00612160349384  0.00453546669809  

8.18953620467e-20  0.0265199353118  0.103692128619  0.178747719765  0.251394376679  0.321768378714  0.398237892921  0.468814424306  0.545330696197  0.630274256248  0.725582604421  0.772296830294  0.83385348039  0.903586314287  1.00685712385  1.11903921748  1.23398250158  1.3482782896  1.45898531465  1.56023807439  1.6536199963  1.74107526152  1.82494924526  1.89945934424  1.97443289514  2.04499759566  2.1234740007  2.20041478797  2.27250341199  2.33919108226  2.4008183652  2.46037473179  2.52219889197  2.58868879938  2.66128085914  2.71505205076  2.77388733338  2.83617575425  2.89903132983  2.94551958342  2.9763171548  2.99707400837  3.01194167762  3.02318957771  3.03223818862  3.04007707596  3.04750084266  3.05530515572  3.06402372746  3.06964439875  

6.13654949339e-20  -3.17945967388e-05  3.33004048824e-05  0.00195134875896  0.00816314010288  0.0279785046294  0.0862707085515  0.184963104865  0.335052474225  0.539508439831  0.799918020007  0.936194963148  1.12560553431  1.35412422753  1.71699797064  2.14157546792  2.60805124615  3.10296744566  3.61095025383  4.09707935685  4.55631368715  4.98622217013  5.40229515397  5.79320476852  6.22571754304  6.68415465032  7.26287154318  7.88858471558  8.4722804774  8.91906861675  9.20530319175  9.38760152644  9.51912749079  9.62852801588  9.73409923461  9.81229018229  9.91184470088  10.0606266939  10.3059963245  10.6171124735  10.9538350334  11.3009007748  11.6601091866  12.032144295  12.4166108976  12.8129676695  13.22441255  13.6635813497  14.131288047  14.4129084137  

-1.88954637283e-19  1.77313320164e-05  0.000909612662751  0.00407615851307  0.0106713278623  0.0230180843884  0.0458965887533  0.0746536869593  0.110333238655  0.151729754668  0.197960592339  0.220037280495  0.247151963288  0.274333097359  0.307943975244  0.335852247139  0.355043023822  0.363795520391  0.360799335429  0.346490106611  0.324136270016  0.302968703283  0.294247576338  0.299366725484  0.312441804793  0.323387668052  0.321592176332  0.291420582154  0.223767820433  0.126455875722  0.0236938691299  -0.0716392305393  -0.160105134006  -0.242728489322  -0.319908980607  -0.368748004574  -0.40731038764  -0.427155465738  -0.420337088266  -0.389053277001  -0.346598373889  -0.300179227978  -0.251750552621  -0.202178014723  -0.151976777329  -0.101439637118  -0.0502682448773  0.00299951656175  0.0583464831882  0.0910564882964  

1.62864965957e-19  2.80230718758e-05  0.00168263650336  0.00846694999907  0.021677314041  0.0379061120111  0.0535040371665  0.064539302316  0.0747957752108  0.0861131843664  0.0996313974205  0.106631822272  0.116446683562  0.128614873309  0.149023830726  0.175048755647  0.20688156199  0.245136018963  0.290289823972  0.340437621173  0.395273659519  0.452928914722  0.511302530437  0.564923674843  0.621714612067  0.680519252449  0.756746324374  0.847733222486  0.949388565099  1.04969624642  1.1354245257  1.20662614584  1.26946917689  1.32764112222  1.38346376294  1.4215499444  1.46388194337  1.51365664074  1.57540393786  1.63726295674  1.69480359267  1.74886714333  1.80161738941  1.85413660547  1.90695013292  1.96035438663  2.01501467451  2.0727318372  2.13366953092  2.17014926337  

-7.17595993876e-22  0.00105518841434  0.0161385218576  0.0471894755894  0.0873562221731  0.124541174217  0.154125263977  0.174313525878  0.194480542962  0.217679014379  0.244830994484  0.258403399505  0.276861988601  0.298910212624  0.334182555543  0.376783576888  0.426240106628  0.482851285164  0.546715573659  0.614733066809  0.686265569132  0.758841671395  0.830199511824  0.894392550167  0.961253083248  1.02914773055  1.11447219262  1.21134031011  1.31211684723  1.40280967654  1.47249153121  1.52419820057  1.56475929928  1.59784569194  1.62553533391  1.64226094404  1.65928005414  1.67840531152  1.70289264408  1.7299532492  1.75799751163  1.78682296645  1.81700719664  1.8487886375  1.88221244179  1.91725895422  1.95421763936  1.9942450841  2.0374464721  2.06370917207  

-1.69178764101e-19  0.026522900975  0.103819795014  0.179054333409  0.251084718645  0.318491178105  0.386765807883  0.44375571421  0.499009956683  0.55367247789  0.608653835607  0.633819691041  0.666406642579  0.703709116382  0.761252234224  0.828934491756  0.906390444744  0.994429842782  1.09330832271  1.19799565016  1.30691151518  1.41550004629  1.51990571904  1.61171833807  1.70538362431  1.79886804041  1.91480542829  2.04502013375  2.17856446004  2.29497987892  2.37876629037  2.43441656117  2.47100111739  2.49313110924  2.50316974773  2.50378363986  2.49954562526  2.49095645112  2.47988541054  2.47259464646  2.47113063974  2.47476283064  2.48272884354  2.49456370367  2.50992316164  2.52853220229  2.55037027795  2.57609997496  2.6058622576  2.62481634301  

-0.00719540815798  -0.00719555136808  -0.00720418063047  -0.00723295672989  -0.00726343942742  -0.00726647214003  -0.00726013275739  -0.00731765115226  -0.00750660445435  -0.00786509527349  -0.00838138668802  -0.00864899589771  -0.00900443775177  -0.00941432786975  -0.0100386695206  -0.0107440627556  -0.0115017926651  -0.0123002940252  -0.0131358014945  -0.013982647882  -0.0148537677621  -0.0156991247644  -0.016398912752  -0.0168172452998  -0.0169808670486  -0.0168665486205  -0.0164062899627  -0.0156700554891  -0.0151848663603  -0.016114358481  -0.0193888959214  -0.025164543664  -0.0336822012267  -0.0452977577483  -0.0603826205283  -0.0729662526785  -0.0889441922435  -0.109809254095  -0.136947178647  -0.162515175185  -0.181885292798  -0.193911698798  -0.19808981034  -0.193335102035  -0.178247430299  -0.151242598158  -0.110170191029  -0.0507988081341  0.0310750986895  0.0900737842075  

0.326529736048  0.326529871007  0.326536534023  0.3265531786  0.326564903347  0.326565935004  0.326565687186  0.326551986201  0.326477619164  0.326279670385  0.325914248145  0.325695539221  0.325377226404  0.324972845215  0.32428361355  0.323401860732  0.322334562768  0.321074315098  0.319603988441  0.317952998977  0.31608594944  0.314110630841  0.312345911383  0.311221627989  0.310759053024  0.311105230395  0.312565665034  0.315036971453  0.316754627139  0.31318810245  0.300021066772  0.275763691819  0.238595876485  0.18610322174  0.115626404071  0.0552161009826  -0.0233004470359  -0.128485245962  -0.269310670375  -0.405938661947  -0.512131879525  -0.579492417584  -0.603294981877  -0.575585378469  -0.486435079198  -0.324600411623  -0.0751303248775  0.29020455363  0.800453745422  1.17169314602  

5.08498144486  4.82430004706  4.05200652339  3.30077822757  2.59877017974  1.9693812423  1.37535384896  0.931722479085  0.565377440343  0.276719925752  0.062314002052  -0.0122915695958  -0.0894897384208  -0.154499386187  -0.215735955006  -0.244023931917  -0.239515367726  -0.207569019141  -0.156105011809  -0.0975153547092  -0.0424576003516  -0.0025117783616  0.0129625013674  0.00110103314456  -0.0405227767507  -0.114695890007  -0.25531919493  -0.485086502885  -0.817426091951  -1.21104239335  -1.55749425131  -1.77141000007  -1.78259003862  -1.47652990627  -0.673526189675  0.307759294175  1.9603540933  4.87040906581  10.2693402696  17.9651743212  27.3204473399  38.0528977501  50.2798985261  64.0686974439  79.4109162853  96.2380144783  114.586732994  134.880961449  156.912405886  170.193771474  

0.456625723906  0.45676947323  0.458150579872  0.45954090066  0.460062907779  0.459974240911  0.460077741628  0.460759040616  0.461800358593  0.462711952431  0.463166898181  0.463244447199  0.463265348548  0.463108291812  0.462331466891  0.460508360394  0.457315950324  0.452491709209  0.445795359642  0.437339450655  0.427093228989  0.415820236272  0.405257785989  0.397662557928  0.392644823047  0.390675780075  0.391839843168  0.396704202534  0.40482027001  0.415522082094  0.428887965953  0.446184389774  0.469537885858  0.500912446297  0.541778445976  0.575754519742  0.61841679031  0.672848330217  0.738192366359  0.784920507844  0.792984727273  0.753021612883  0.655403744545  0.487851083785  0.2365533931  -0.11344275193  -0.582732289072  -1.21193373107  -2.03777162038  -2.61660194937  

-0.0371373898216  -0.0369919673157  -0.0353166188199  -0.0330365109816  -0.0317684484256  -0.0324989024573  -0.0353105855701  -0.0385028101767  -0.0412811585209  -0.0430184718808  -0.0437296290604  -0.0438501809535  -0.0439062077716  -0.0437790613417  -0.0431065291632  -0.0416451305832  -0.0393241472219  -0.0361512525655  -0.032165584157  -0.0276016936388  -0.0225726854306  -0.017509422061  -0.0130947659063  -0.0100370712177  -0.00794507968829  -0.00681716089766  -0.00633801375159  -0.00647521224658  -0.00729737067066  -0.00995884178153  -0.0163474618677  -0.0278531287417  -0.0460899725527  -0.0729801065952  -0.110695517475  -0.144218281932  -0.189309641057  -0.252530729494  -0.342823819136  -0.438658055658  -0.52337238702  -0.590892235133  -0.638546593411  -0.661977297193  -0.655754929567  -0.613821316229  -0.528693388925  -0.387185946849  -0.174639474312  -0.0141088468754  

-0.192164286327  -0.164080112593  -0.0932289498213  -0.0384391962173  0.00462304603641  0.0393880257016  0.0688121188715  0.0866633067169  0.0955623009144  0.0939311973763  0.0806268616774  0.0711483703913  0.0589473453532  0.0473442469026  0.0344444029452  0.0257138417008  0.0221091622042  0.0238269643812  0.0305977958881  0.0407826391903  0.0513166331533  0.0564185155276  0.0512769181685  0.0384635799281  0.0210826523101  0.00474110464245  -0.00886751895985  -0.0132286392973  -0.00471296569897  0.0175531790986  0.0531189540109  0.105271030943  0.183626064834  0.302321198397  0.480919903929  0.652171794602  0.89686528691  1.2691665112  1.87351764755  2.63935320913  3.48195315329  4.36679960506  5.29372788186  6.25451700425  7.23344011881  8.2099481545  9.16771213733  10.1021171317  10.9672838995  11.4102093526  

0.0628534253794  0.0622213549899  0.0544750718864  0.0424946301582  0.0313921467165  0.024199983419  0.0220665106317  0.0248359176748  0.0305590722648  0.0375263463073  0.0446412289521  0.0477182327668  0.0512647838767  0.0543406634477  0.0566564612588  0.0559072064582  0.0516056110835  0.0438994772793  0.0333810321823  0.0215948635056  0.00991405119209  -0.000363895639617  -0.00939047544344  -0.018076900787  -0.0294911735839  -0.0450522424335  -0.0716267931169  -0.110579644666  -0.151226845913  -0.155640011586  -0.0797701508466  0.0959543563158  0.391114458687  0.832395311309  1.4522921528  2.00309545761  2.7439176885  3.78360216038  5.28035786712  6.90926534785  8.42662893637  9.75802254544  10.8910672512  11.7902975314  12.4060539159  12.6816580688  12.552758833  11.9153380408  10.6315977237  9.54240614122  

0.0381390857603  0.0328515019979  0.0163665501099  0.00317613005956  -0.00423987740632  -0.00687294442125  -0.00638053073981  -0.00369464954224  0.00118738902444  0.0081504627009  0.0162487674879  0.0197667676113  0.0236775198766  0.0270319769396  0.0297689222255  0.0297608107383  0.0268852885005  0.0218446433727  0.0159332934194  0.0109026103634  0.00777673673453  0.00668090556441  0.00686267298545  0.00774589740231  0.00981922408547  0.014325078641  0.0263770509264  0.0552001878873  0.114319748539  0.207295589256  0.31067989732  0.397526997609  0.448330779126  0.436901323209  0.325210834705  0.161819122413  -0.132608592596  -0.669282710558  -1.67538883921  -3.09645088196  -4.78993116896  -6.68740590767  -8.79691215922  -11.1189978906  -13.6435228456  -16.353751681  -19.2535722012  -22.4105318056  -25.7993390876  -27.8334698652  

0.267733642904  0.265088713384  0.261206884962  0.261085418034  0.26200370117  0.261844952506  0.259095912069  0.253936335651  0.24611035597  0.235930638344  0.224305527153  0.219003357828  0.212663898794  0.206236378763  0.197745530095  0.189475548135  0.181763554743  0.174769293661  0.168659939182  0.163723168372  0.159783777205  0.156534037232  0.153591426234  0.151105926762  0.148771080344  0.146417535849  0.142229478576  0.132805561386  0.111663050059  0.0729729031939  0.0203299494131  -0.0383941236012  -0.097713058095  -0.149283744332  -0.17899937048  -0.175329100623  -0.13696551289  -0.02807462841  0.237028030862  0.683123091116  1.28321364766  2.01968954786  2.90228546386  3.94064394465  5.14142899454  6.5092488611  8.06121962569  9.85650741634  11.9131469729  13.2173036185  

2.65229018211  2.65229018211  2.65229018211  2.65229018211  2.65229018211  2.65229018211  2.65229018211  2.65229018211  2.65229018211  2.65229018211  2.65229018211  2.65229018211  2.65229018211  2.65229018211  2.65229018211  2.65229018211  2.65229018211  2.65229018211  2.65229018211  2.65229018211  2.65229018211  2.65229018211  2.65229018211  2.65229018211  2.65229018211  2.65229018211  2.65229018211  2.65229018211  2.65229018211  2.65229018211  2.65229018211  2.65229018211  2.65229018211  2.65229018211  2.65229018211  2.65229018211  2.65229018211  2.65229018211  2.65229018211  2.65229018211  2.65229018211  2.65229018211  2.65229018211  2.65229018211  2.65229018211  2.65229018211  2.65229018211  2.65229018211  2.65229018211  2.65229018211  

-1.5637212881  -1.56333885327  -1.56190691506  -1.55984032365  -1.5568224735  -1.55234980215  -1.54440876261  -1.53154701546  -1.50450781221  -1.42962868753  -0.978757650936  0.276927907479  1.10467267387  1.27505881043  1.34220208674  1.35410902828  1.33515156983  1.28274292354  1.17254281197  0.948787543431  0.519331477365  0.0319880455454  -0.156792156102  -0.0130933479936  0.445303471943  0.93678758599  1.2599238395  1.41066115489  1.47817985648  1.50436328739  1.50863264791  1.49988572138  1.47660045912  1.41859007747  1.14939248791  -0.700746987593  -1.34771462682  -1.45853921956  -1.50421718787  -1.52559651878  -1.53752122046  -1.54532260933  -1.55110016591  -1.55570936227  -1.55957369172  -1.56293875168  -1.56598907994  -1.56891323123  -1.57178653176  -1.57344253333  

0.0  0.0265229018211  0.103822738233  0.179126341732  0.25158315203  0.320354932284  0.391866966335  0.453303637765  0.513931835922  0.573990805121  0.633398068787  0.659990068919  0.693699616906  0.731172331478  0.786554352077  0.848123733659  0.914485198954  0.985649198661  1.06151838486  1.13860303145  1.21660656796  1.29307856914  1.36548665617  1.42774235727  1.48932837843  1.54876114156  1.62044165743  1.7003901364  1.78551907201  1.86781885415  1.9383274544  1.99763642006  2.05071807876  2.10039645256  2.14832326971  2.18096130325  2.21694123773  2.25853533491  2.30831459707  2.35540912838  2.39640276468  2.43246222684  2.4654990176  2.49647404095  2.52588958656  2.55405507804  2.58141596508  2.60887040111  2.63642878616  2.65229018211  

