5.57663415617e-18  0.639315694457  2.78213067267  4.77419894745  6.60086150932  8.39322086649  9.91955808947  11.4567299374  13.0660319116  14.7735693103  15.632714256  16.4064533461  17.2522261251  18.6949670702  20.7542174848  22.9767549169  25.3814117397  27.9642068768  30.570375732  33.1977682717  35.8510207762  38.0775574132  40.054657378  41.9118859213  43.7036795981  45.4598399141  47.1923396974  48.8516216816  50.4788041212  52.3081777037  54.3469766545  56.5422933443  58.8161488525  61.1285474165  63.5121617435  64.2081513709  

-1.33226464156e-17  -0.000680937460023  -0.0128949787485  -0.0379717112163  -0.0725862583373  -0.117354510786  -0.163911043696  -0.218627919136  -0.284301492921  -0.363216787086  -0.406171904903  -0.445472434853  -0.487190799194  -0.553343171094  -0.636053445087  -0.709627329885  -0.770799145715  -0.815136282761  -0.837435447848  -0.837102613731  -0.813538110473  -0.775785681958  -0.728574589515  -0.672622543685  -0.608277089766  -0.536140748099  -0.458688137494  -0.383810631635  -0.314468928452  -0.244090996958  -0.176478805962  -0.11704171275  -0.0700565339339  -0.0364407704745  -0.0129895799121  -0.00722265073536  

6.04885388904e-18  -0.00213057194142  -0.00927151165037  -0.0159099023976  -0.0219968049242  -0.0279686318261  -0.0330525291569  -0.038168591767  -0.0435115920266  -0.0490958835721  -0.0514996033664  -0.0508597765098  -0.0483123504171  -0.0436242759907  -0.0368259843085  -0.029457543231  -0.021474150871  -0.0128947308612  -0.00423665725209  0.00448975193145  0.0132943404556  0.0206671398903  0.027182925402  0.0332332186057  0.0388790245901  0.0437646688436  0.0462621593151  0.0448004784535  0.0412320795277  0.0363322144013  0.0304827525557  0.0240843578302  0.0176586197098  0.0119650868049  0.0085937290812  0.00829805668001  

0.0  0.0213053879173  0.0926590802197  0.159080409896  0.220367712256  0.281251827432  0.334586406835  0.391139946601  0.455349391449  0.531613840761  0.573891106531  0.614086440701  0.660000161418  0.741262915812  0.860446190888  0.988343307651  1.11965138495  1.24602342292  1.35323995724  1.43892026796  1.50519351997  1.55045664281  1.58855882857  1.62797370281  1.6740789718  1.73059054835  1.79859630974  1.8720243712  1.9448795726  2.01924153605  2.08585095753  2.13620865449  2.16858656113  2.18849531676  2.20427113913  2.20896139116  

0.0  -2.12632890368e-05  -2.56549434485e-05  0.00231220159132  0.0149803728459  0.0554197499403  0.126991128301  0.244582989742  0.426037086511  0.693957010473  0.860903912931  1.03036963414  1.23861192984  1.64468653882  2.32381189501  3.16742606304  4.17719728185  5.32739090764  6.49854584809  7.62451606081  8.63991278175  9.35642328841  9.87001085311  10.2432721446  10.5094471683  10.6958778995  10.8311305301  10.9469492532  11.084075691  11.306958985  11.679471193  12.2540457857  13.0516271623  14.0771903045  15.3569337121  15.771403543  

-1.45628921416e-17  9.28828562749e-06  0.000681083067584  0.00351516236818  0.0108424758055  0.0258709713467  0.0459633401886  0.0730046386893  0.108512252446  0.154294865637  0.180429179287  0.205139273793  0.232384108197  0.277810547815  0.338445436984  0.395752841101  0.444839515718  0.478260662505  0.486871972589  0.465317202808  0.409109715925  0.334204156783  0.247413052772  0.150752755918  0.0469801647918  -0.059842879467  -0.161868040848  -0.243440103891  -0.297585147521  -0.324567649993  -0.315880624571  -0.269284943887  -0.190538725367  -0.0886275639377  0.0271935735696  0.0606228849772  

-1.10508402542e-17  1.4524675017e-05  0.00119881183811  0.00596667676132  0.0150440861433  0.0286499528702  0.0438832906959  0.0627903111887  0.0867824737697  0.117435797224  0.134999688341  0.152085512111  0.172468557686  0.211359994936  0.276367220995  0.360049017699  0.467547814466  0.603603259796  0.762816345688  0.944936670633  1.14898009377  1.33359983845  1.50581119514  1.67304495784  1.83806219706  2.00220885764  2.1658215225  2.32483087318  2.48402798036  2.66779577162  2.88070527995  3.12323872031  3.39373577118  3.69396295836  4.03528994637  4.14198461232  

9.46281511683e-18  0.000680971060875  0.0128773768402  0.0373952776412  0.0687591791908  0.104721751293  0.138379381254  0.175219765758  0.217361386613  0.266474739547  0.29292160406  0.317730543357  0.346331270336  0.398444688091  0.480051702781  0.577750676485  0.694559334344  0.832164688497  0.982212465637  1.14224513442  1.30890868857  1.4490154628  1.57065401531  1.68021640951  1.77976396097  1.87011913713  1.95166351758  2.02351486166  2.08974433907  2.1619274341  2.2440055929  2.34010059136  2.45383550203  2.58901725867  2.75238916427  2.8050448849  

-1.07578408748e-17  0.0213068618302  0.0927196186227  0.159073743339  0.219778859171  0.279168267277  0.329811114051  0.381254156379  0.436052833403  0.495775886759  0.526511052167  0.554596979783  0.586211232635  0.642101963865  0.726230149128  0.82311507402  0.935323489058  1.06423909273  1.20212702935  1.3467508146  1.49440377553  1.61512112337  1.71591040631  1.80168664226  1.87331907154  1.93055665357  1.97311696291  2.00161063939  2.02048527153  2.03554608852  2.05110267946  2.07352465118  2.10887924164  2.16129732838  2.23433525021  2.25927365837  

-0.0301059364069  -0.0301064011973  -0.030157402753  -0.0304283953847  -0.0309829720396  -0.0316577959791  -0.0322082816615  -0.0327341808634  -0.033286727816  -0.0338856337297  -0.0341777810955  -0.0344217623317  -0.0346645238787  -0.035007154264  -0.0352983386304  -0.035294121068  -0.034897836603  -0.0341197024158  -0.0332522293897  -0.0327855714743  -0.033382783165  -0.0352220295572  -0.0381837538183  -0.0422491696858  -0.0473741091937  -0.0534608869029  -0.0603244163199  -0.0675303265769  -0.0750713520896  -0.0840055339845  -0.0945206026135  -0.106613312002  -0.120162379093  -0.135148645696  -0.151859804472  -0.156955338503  

1.27745393906  1.27745435897  1.27748334905  1.27753832709  1.2774553415  1.27712427608  1.27668021104  1.27610434781  1.27534003079  1.27433662956  1.27378327029  1.27328798743  1.27276299489  1.27195984221  1.27120089189  1.27122381947  1.27255980995  1.27547896556  1.27908631517  1.28120818454  1.27812563968  1.26793159709  1.25034955791  1.22464948594  1.1902622155  1.1469946985  1.09537233404  1.03816308367  0.975172612462  0.89662717639  0.799044780338  0.680448442211  0.540229358515  0.377104605147  0.186386486759  0.126521315796  

14.9464756508  14.1339471146  11.4516456859  9.06987432335  7.0357127581  5.22336355351  3.84666532959  2.62462469778  1.52146806301  0.538712589411  0.113514439623  -0.232197348415  -0.577014753661  -1.08645013367  -1.65695276944  -2.09272575062  -2.38184266378  -2.50470381911  -2.44972592902  -2.23239578915  -1.87996878941  -1.51602643688  -1.17005721276  -0.846663857122  -0.549032870825  -0.27582153355  -0.0220068238038  0.212705512158  0.437003886714  0.671106409217  0.875132360347  0.968076717669  0.867304911846  0.557474703042  0.149716752756  0.0561026540923  

1.31249015706  1.31276507583  1.3161548141  1.31872208852  1.31677762207  1.30969558082  1.3002129052  1.28843913378  1.27494905479  1.26106934306  1.25496799286  1.25031744813  1.24616386324  1.24123988881  1.23842976421  1.2399350465  1.24502921613  1.25124585121  1.25334636237  1.24473893139  1.21778894272  1.17596133552  1.12146815223  1.05441167219  0.97529866565  0.885165674811  0.786126658041  0.684218345281  0.580533444834  0.4639254078  0.339438319422  0.21846572177  0.115002618378  0.0406097094661  0.00430359971621  0.00237854007342  

-0.135727617664  -0.13544122208  -0.130054023206  -0.118858159596  -0.105018505276  -0.0907458863843  -0.0793242180956  -0.0689705603785  -0.0596284768466  -0.0517285483164  -0.0486872138942  -0.0465438080539  -0.0447708249437  -0.0428866202643  -0.0420479087542  -0.0427082305233  -0.0442366154803  -0.0456128747401  -0.045418043472  -0.0423980630078  -0.035620799547  -0.0268770525955  -0.0170368408126  -0.00647539867608  0.0043710660063  0.0150410706736  0.025038331838  0.0336724629243  0.0408413018344  0.0468858761563  0.050535388119  0.0500709919904  0.0438106254917  0.0303086699345  0.00779649885112  -0.000548124283354  

0.114252440431  0.200713452027  0.46624171736  0.677447666821  0.827607267288  0.916208375133  0.940625208206  0.920280511472  0.855714222659  0.745150332091  0.675812751682  0.609389970091  0.538173457258  0.425820907314  0.289979579055  0.179901580642  0.106601732508  0.081736812853  0.110413870368  0.186607810008  0.299332231855  0.409574930896  0.509732545561  0.598147840773  0.671924754455  0.727494949721  0.759262911095  0.759542864122  0.726816708593  0.654466217386  0.539829229655  0.392869306946  0.236842587616  0.100503405328  0.0140588132265  0.0038228582721  

-0.216368716059  -0.217920556015  -0.243449299406  -0.272868718547  -0.268371715441  -0.230743474846  -0.189458367277  -0.151025644093  -0.118737672473  -0.0935779532683  -0.0838965526399  -0.0765345452679  -0.0696168057545  -0.060130962774  -0.050617269947  -0.0449578918945  -0.0446423291668  -0.0523406464306  -0.0694225560072  -0.0948736797851  -0.124247320323  -0.145653835399  -0.156689264895  -0.155900968923  -0.141787731493  -0.113487874992  -0.0713127728006  -0.0183680003235  0.0444361624162  0.126598127374  0.23190161541  0.362522525877  0.51973278016  0.706661071446  0.931866292706  1.00428903299  

-0.0832575805226  -0.0691995764923  -0.0137422884635  0.0499419266702  0.0987238394235  0.120763261316  0.121640106674  0.113371666214  0.101471761282  0.0898986634308  0.0852665278408  0.081858044715  0.0788546904044  0.0751429334823  0.0714340060311  0.067398185123  0.0618668440789  0.0560305043299  0.0546938760322  0.0643794490701  0.0917098516394  0.130947899861  0.177819474871  0.229760209786  0.28348152147  0.335115302292  0.380432743244  0.415074526377  0.438396123808  0.450227323867  0.443935077164  0.411772314199  0.34555702727  0.234605739105  0.0597439024598  -0.00563553908736  

1.08541099266  1.09016926619  1.09489835436  1.07670625535  1.03646181221  0.97704837781  0.914979317857  0.845764790795  0.76999174669  0.690395361487  0.652403744662  0.620775009059  0.590091852463  0.547162897685  0.502570976192  0.469958234896  0.445782007973  0.426595927373  0.41035437277  0.395239492041  0.380893904282  0.369935406011  0.361468418424  0.354955025296  0.350232172592  0.346975421444  0.343538193247  0.335498726624  0.318490636356  0.286611845343  0.236503096823  0.170762629902  0.0996465770547  0.0380561038427  0.00336378086708  0.00151821003795  

2.13068620643  2.13068620643  2.13068620643  2.13068620643  2.13068620643  2.13068620643  2.13068620643  2.13068620643  2.13068620643  2.13068620643  2.13068620643  2.13068620643  2.13068620643  2.13068620643  2.13068620643  2.13068620643  2.13068620643  2.13068620643  2.13068620643  2.13068620643  2.13068620643  2.13068620643  2.13068620643  2.13068620643  2.13068620643  2.13068620643  2.13068620643  2.13068620643  2.13068620643  2.13068620643  2.13068620643  2.13068620643  2.13068620643  2.13068620643  2.13068620643  2.13068620643  

-1.56072541801  -1.56014634251  -1.55762980868  -1.55402346932  -1.54878152344  -1.54050156541  -1.52895556139  -1.50851723584  -1.46183938629  -1.26608526554  -0.586333686025  0.932939548946  1.27899264951  1.41106094155  1.46468060986  1.4866696337  1.49766889454  1.5027901089  1.50303096226  1.49749652674  1.48224305229  1.4551490489  1.40905128432  1.32628473132  1.16349005433  0.801078505497  0.0728325248098  -0.562154905959  -0.861139396034  -1.01156917383  -1.07563516151  -1.06745808424  -0.964963307108  -0.689788192195  -0.194680238774  -0.0713672733691  

0.0  0.0213068620643  0.092721268814  0.159112515939  0.219992823371  0.279731166047  0.330602635318  0.381830716707  0.435445675814  0.492257337263  0.520693010747  0.546151053146  0.574188280663  0.622163271106  0.690714746653  0.764724813996  0.844802292013  0.930807984842  1.01758621378  1.1050643421  1.19339245768  1.26749719124  1.33327055834  1.39500355816  1.45446147911  1.5125365446  1.56951558052  1.62402273522  1.67764922142  1.73808588134  1.80552463648  1.87815616167  1.95331895053  2.02956792138  2.1078626852  2.13068620643  

