3.60857271703e-18  0.3238257223  1.88799718207  3.33984185169  4.77559453765  6.30182850101  7.29166917841  8.29746739129  9.46071012037  11.0765077182  12.9934229339  15.1312680355  17.55283207  20.3882534357  23.0503327577  25.2607918283  27.1422642852  29.1670611587  31.2997587094  32.631559799  

4.07070101861e-19  -0.000173809786723  -0.00590283175391  -0.01844847159  -0.037640205796  -0.0652238837292  -0.0865616006024  -0.109155990925  -0.133043346686  -0.159741787236  -0.180798781209  -0.190426269697  -0.183743162232  -0.15318125905  -0.107702510238  -0.069477520877  -0.0430513573391  -0.0222094937027  -0.00731129854455  5.08772776309e-05  

-1.79085052514e-18  -0.00107480850399  -0.00625957725212  -0.0110533789714  -0.0157470553007  -0.0205187647783  -0.02282410734  -0.0222061372487  -0.019097240033  -0.0140922870252  -0.0079603258729  -0.00108625097989  0.00659979321836  0.0148683280846  0.0185329918176  0.0160111637078  0.0123866763179  0.00858753380712  0.00593568366661  0.00546398343184  

0.0  0.0107801095745  0.0628139042969  0.111061852743  0.158827432657  0.209729083955  0.242737481199  0.27632113367  0.31551864536  0.370149811247  0.434520883886  0.504717043849  0.580847959071  0.664231424213  0.737701579184  0.798103709808  0.850058791283  0.906263866739  0.965467070295  1.00222705852  

0.0  -5.6963138492e-06  -0.000103862444485  0.000189854836984  0.00227955481333  0.0112951501646  0.0254411016858  0.0502983825877  0.0955303134623  0.190196642589  0.349857094006  0.582368409624  0.901202875488  1.32321444419  1.74084629279  2.10160248604  2.4320728987  2.82854048678  3.3087250492  3.64643322934  

-1.26064454573e-18  1.22384584411e-06  0.000219952383569  0.00115262767166  0.00347505893282  0.0090001918477  0.0151317073863  0.023396555598  0.0345876443285  0.0514278612692  0.0711380546266  0.0900760789969  0.104656292769  0.109337356009  0.102602948547  0.0975780333417  0.0998669762915  0.111088270689  0.131781130952  0.147527536108  

1.22396668654e-18  1.88028708855e-06  0.000373224457326  0.00206060970416  0.00593809206058  0.0131262131113  0.0195423146361  0.0274437648249  0.0384106691219  0.0569749456448  0.0843580160787  0.122465329456  0.17628444499  0.254892552144  0.344697192266  0.431921943056  0.515759403597  0.616104303259  0.733652433896  0.813652142868  

2.31347812796e-19  0.000174322605767  0.0059220065204  0.0184678088338  0.0372801062072  0.0628848815963  0.0815999681113  0.101853403321  0.126907045031  0.164594618237  0.213995022616  0.275572169973  0.35377110107  0.456195818756  0.561727208387  0.655893636831  0.740629929406  0.836434204807  0.942811700776  1.01239070003  

0.0  0.0107803117776  0.062841344787  0.111135591107  0.158822689358  0.209302841751  0.24177745771  0.274605913309  0.31283518658  0.366438112381  0.43096146088  0.504374459444  0.589434501499  0.691014607069  0.787061331772  0.867143181898  0.935878542164  1.01084486743  1.09159636779  1.14330211784  

-0.0218079047471  -0.021807915021  -0.0218102056787  -0.0218207696256  -0.0218468057972  -0.0219149651484  -0.0219999837852  -0.0221285531939  -0.0223361639592  -0.0227394407072  -0.0234334751017  -0.0245884851532  -0.0265602781429  -0.0300174291232  -0.0345688565362  -0.0393995923925  -0.0443011484982  -0.0503684566058  -0.0575446155466  -0.0623348334568  

0.208311558756  0.208311568529  0.208313202043  0.208317959416  0.20832231585  0.208313517645  0.208282808152  0.208211603524  0.208053158634  0.207636732585  0.206684455247  0.204650544753  0.20030884346  0.190902833739  0.176010548294  0.157784290473  0.13720448185  0.109257116178  0.0731174725404  0.0472973748416  

1.44093060004  1.37386372541  1.04859023308  0.751750710483  0.472326636731  0.201686082426  0.0463323875354  -0.0925176906632  -0.228247811798  -0.367802234834  -0.456596408665  -0.462097337199  -0.369520406494  -0.179518836772  0.00946148175981  0.124843618091  0.168408225822  0.148526322814  0.06493135001  0.000104573780075  

0.235190607784  0.2352033992  0.235491495778  0.235810527012  0.235969056806  0.235804753197  0.235320589513  0.234313804128  0.232238110008  0.227258008311  0.217564816627  0.201372847598  0.176083052897  0.13833396167  0.0980850665471  0.0645198821522  0.0386468317097  0.0164995130257  0.00258135488823  -4.31738376048e-06  

-0.0414076944845  -0.0413955038434  -0.0410419688856  -0.040406619047  -0.0395551093432  -0.0381645758346  -0.0368029855871  -0.0349787190233  -0.0322798186404  -0.0275474119446  -0.0207172060445  -0.0120451162103  -0.00170660130431  0.00960779103963  0.0176777090496  0.0212131669651  0.0211537483099  0.0172630907085  0.00830275052421  -7.51750016226e-07  

-0.0921329553239  -0.0782221603442  -0.0125768357456  0.0477793827673  0.10832259057  0.171319031459  0.208602643661  0.242467741305  0.277247600244  0.317255205269  0.351459160763  0.371980678211  0.371817009464  0.339364037496  0.278896307909  0.210142046302  0.144604404981  0.0765431339995  0.0204100725834  9.61641085641e-06  

-0.18353984735  -0.18366282408  -0.188065576474  -0.19791434531  -0.210812494648  -0.22225987718  -0.225993714487  -0.226399178062  -0.223117819872  -0.213073669197  -0.193687193703  -0.161149346675  -0.105914501571  -0.00827374873432  0.123089830825  0.266052449  0.414656994999  0.603898136433  0.837009865724  1.00000648737  

-0.088776945129  -0.0828638147487  -0.0542670323311  -0.0260273132596  0.0045806289556  0.0389155298448  0.0610077208126  0.0828230154883  0.107423925582  0.140734271834  0.179789214427  0.223362225791  0.271421411481  0.319585811968  0.345482799406  0.34186370674  0.312136586919  0.242932509453  0.115358546805  3.78332905707e-05  

0.563552073859  0.566341872824  0.577274991972  0.582867656555  0.582902892012  0.575707742115  0.566747663972  0.55451834774  0.537344199102  0.509470208798  0.471850292963  0.425459876838  0.368280598457  0.295703839824  0.221990932804  0.156083545065  0.0996638651725  0.0458281174006  0.00780046482771  -2.51499042927e-05  

1.07803117815  1.07803117815  1.07803117815  1.07803117815  1.07803117815  1.07803117815  1.07803117815  1.07803117815  1.07803117815  1.07803117815  1.07803117815  1.07803117815  1.07803117815  1.07803117815  1.07803117815  1.07803117815  1.07803117815  1.07803117815  1.07803117815  1.07803117815  

-1.49526728934  -1.49159525115  -1.46717108944  -1.42666963031  -1.34352399531  -1.07311629978  -0.398650871404  0.696418173811  1.11574825024  1.27098830096  1.31960587628  1.31076686112  1.22578217912  0.874455528459  -0.0546853402075  -0.564852812475  -0.650053174048  -0.532855526887  -0.221954986812  -0.000335522757658  

0.0  0.0107803117815  0.062841503643  0.111140406709  0.158860851895  0.209469793019  0.2421017024  0.275125153182  0.313539938379  0.367092292453  0.430711340928  0.501679711896  0.582011091816  0.675809569581  0.76329679593  0.835869721677  0.897756157253  0.964342443705  1.03435922586  1.07803117815  

