-2.37492840047e-17  0.796469090348  2.71158509751  4.50593626484  6.29111178339  8.33628133546  10.2353286537  12.201719124  14.3871290942  15.8078257605  17.1706818916  18.6340650407  20.4158541933  22.7551710883  25.2744351951  27.8508897617  30.4482172336  33.0616979725  35.7058515323  38.4233655431  41.209387475  43.8043734019  46.2765695933  48.7075499966  51.1007331315  53.4885562035  55.4534041612  57.8093726778  60.1735181969  62.5728118683  65.1860045704  68.1347086173  71.5954621329  73.8982545867  75.3928426251  77.4813951996  79.8062342509  80.025334705  

-3.20639985952e-18  -0.00105613102592  -0.0122401749449  -0.0337963895133  -0.0658724839109  -0.115640336913  -0.174276112817  -0.247526878461  -0.343565156016  -0.41326236998  -0.481606313228  -0.550903002699  -0.626709715673  -0.710919142845  -0.781751191136  -0.832729524869  -0.862089395416  -0.869286674921  -0.853773509292  -0.814000517321  -0.748302675588  -0.664731723938  -0.565725714888  -0.451742643929  -0.329117438862  -0.208834884668  -0.118919263126  -0.0253963721614  0.0514762492364  0.111532157919  0.156089920512  0.180199134046  0.173572182997  0.14959780238  0.128124635104  0.100317384283  0.0827811376981  0.0819892946311  

-1.38198291905e-18  -0.00265307473077  -0.00903168307393  -0.0150068131405  -0.0209493787538  -0.027752440875  -0.0340581290671  -0.0405534950585  -0.0475735649691  -0.051096809268  -0.0497376700465  -0.0455327807461  -0.0398971924236  -0.0323103285674  -0.0240649550811  -0.0156021420003  -0.00705919537833  0.00153727761024  0.0102239405659  0.019122835736  0.0281780510143  0.0364666020769  0.04401270086  0.0503225279974  0.0525971299324  0.0487338703551  0.0434547719629  0.0363727489404  0.0289596039112  0.0213110538406  0.0129322220759  0.00350614145278  -0.00725970972081  -0.0134621092323  -0.0150797681058  -0.011066935549  -0.00397987588814  -0.00328091830276  

0.0  0.0265356289142  0.0902884456549  0.150076339063  0.20987522682  0.27919625592  0.345758646086  0.4198202473  0.512872489246  0.581724932176  0.654158197621  0.73710657813  0.841987382766  0.980852748581  1.1246494994  1.25804963966  1.37271001613  1.46514447064  1.53651487405  1.59318270966  1.64613472801  1.70515107691  1.78229142607  1.88489316624  2.00854215678  2.13476148513  2.22239449232  2.29645783427  2.33662012846  2.3503237254  2.34768540177  2.34164755929  2.3585076318  2.3996815504  2.44250888775  2.51360474156  2.58670884603  2.59266716666  

0.0  -3.18179995227e-05  -4.14422248888e-05  0.00163767440996  0.011385783832  0.0534038694084  0.146844083165  0.319894691999  0.624035555918  0.89403981839  1.21146582752  1.6189454532  2.20012774979  3.08532665571  4.15966488514  5.3403308175  6.55602763077  7.7394515131  8.8278706675  9.76851608056  10.5004241479  10.9637222483  11.2397751528  11.4132792477  11.5665664627  11.7916223299  12.0918643672  12.6334036687  13.3926429405  14.3857677159  15.7240135922  17.575439347  20.2866591295  22.482845634  24.1014732408  26.6341681496  29.7458825391  30.049338639  

2.14854625768e-17  1.77641606901e-05  0.000631497686881  0.00291112296872  0.00910057253481  0.0252178754463  0.0508842649635  0.0883497654451  0.142742669284  0.185058727908  0.228954286284  0.276277136321  0.331396781084  0.396593681462  0.453797722477  0.493664422011  0.509732616073  0.496508367893  0.448996676477  0.362232862066  0.235069412004  0.0883063384839  -0.0664590437207  -0.218716625204  -0.348065428359  -0.42756668477  -0.445306389815  -0.41641800891  -0.346012240984  -0.244905107953  -0.110117337782  0.0682659689667  0.315904452316  0.507154360868  0.639784286754  0.814041901728  0.964268580649  0.975499697473  

2.52205990864e-19  2.80722211032e-05  0.00110898906922  0.00503130936993  0.0131510490718  0.0281225530716  0.0474228155768  0.0732600450223  0.109845120923  0.138514651254  0.170030475253  0.209024001206  0.264143925491  0.350212394781  0.461634972545  0.596842680485  0.755395085687  0.9369976705  1.14156490624  1.37054594183  1.62058095683  1.86304772822  2.09945814059  2.3355334609  2.57199650631  2.81604930489  3.02628397078  3.29349534489  3.58332731745  3.90539309996  4.29463792549  4.79046861249  5.46247309889  5.97187779834  6.33215858336  6.88471660191  7.57903076954  7.64899442558  

0.0  0.001056420675  0.0122282414664  0.0334042905309  0.0629586472466  0.103462052741  0.145610697944  0.194119590006  0.254709147393  0.29810777435  0.342978915149  0.3954166153  0.465177233362  0.566670727926  0.688469370874  0.825849995343  0.97608661533  1.13676631434  1.30539633169  1.47990195195  1.65346238878  1.80409695455  1.93325383813  2.04444684929  2.13944465146  2.22490144651  2.2937018427  2.38168409592  2.48328347371  2.60622718267  2.76818957581  2.99166768855  3.31726131551  3.57701682623  3.76583337431  4.06033928497  4.43089147587  4.46794848134  

0.0  0.0265383881831  0.0903465545465  0.150103565847  0.209437535928  0.277188128452  0.34019223563  0.406264824404  0.481728267901  0.53231450355  0.582368529599  0.6386631008  0.710832467245  0.811919848809  0.929203298099  1.05820616319  1.19677235472  1.34286956863  1.49380800645  1.64617094321  1.79071382795  1.90552110069  1.98941273436  2.04278335135  2.06671994665  2.06873096044  2.06285245725  2.05812532885  2.06524613682  2.09083061831  2.14348951533  2.23645733547  2.39366404384  2.52860935047  2.62944160988  2.78857665698  2.98928828251  3.00935584547  

-0.0179595769877  -0.01795974761  -0.0179669652211  -0.0179922918389  -0.0180647717761  -0.0183008509227  -0.0186964288954  -0.0192356088202  -0.0199234344681  -0.0203877162192  -0.0208234334233  -0.0212711236088  -0.0217720226993  -0.0223348611156  -0.0228051516268  -0.0231437409318  -0.0233702127465  -0.0235429314108  -0.0237508789368  -0.0241098837789  -0.0247417852308  -0.0256372076492  -0.0267746144856  -0.028119975904  -0.0295810458977  -0.0310810596871  -0.0322890668405  -0.0336661573027  -0.034958880342  -0.0361840871561  -0.0374281691662  -0.0387244543695  -0.0400910814168  -0.0408908152694  -0.0413531411029  -0.0419176104301  -0.0424092244014  -0.0424462583524  

0.311336344569  0.311336494658  0.311340707889  0.311347010185  0.311338914475  0.311224904552  0.310890920222  0.310244483368  0.309165310721  0.308293772197  0.307375171711  0.306328770302  0.305028635296  0.303386189388  0.301835410408  0.300583301093  0.299651510378  0.298864525731  0.297819125252  0.295837963137  0.292019024348  0.286120632397  0.277998926825  0.267612871368  0.255436250238  0.241968395547  0.230394616809  0.216376266357  0.202380169773  0.188336732141  0.17328236826  0.156738351291  0.138357634731  0.127160611882  0.120537607656  0.112288373559  0.104920436338  0.104356262638  

3.86682974877  3.61934126316  3.02557977647  2.48180611941  1.96703257353  1.42731891321  0.986042747244  0.594463645089  0.235098847437  0.0412901327485  -0.11871952738  -0.266986202832  -0.417387435767  -0.570844966581  -0.687970576112  -0.762125046808  -0.793318000664  -0.782109305018  -0.729562364985  -0.637810498314  -0.513877553295  -0.381951065824  -0.249192894328  -0.115031541696  0.0215071283172  0.165097798901  0.287992383422  0.433439831288  0.563190169824  0.659528431927  0.701687010543  0.646073832057  0.420154080884  0.17413179766  -0.0214277601604  -0.33510306259  -0.722848542378  -0.76040891615  

0.247144036132  0.247219087061  0.24769524356  0.247995011107  0.247887967929  0.246971081439  0.244986437957  0.241826342605  0.237592985006  0.234899335933  0.23266492152  0.230741272327  0.229090543686  0.228042493376  0.228184996868  0.229336446257  0.230891300696  0.231924520483  0.231248683923  0.227434496527  0.219042075613  0.206515522606  0.190354115588  0.170949714884  0.149352839667  0.126508814262  0.107745017534  0.086307819413  0.0666618259523  0.0491243385845  0.0332016524357  0.0196809030523  0.0103325929638  0.0081415620619  0.00842431071267  0.0110292611902  0.0169479033625  0.0176652153162  

-0.0308829134042  -0.0308037385263  -0.0300666602549  -0.0289822903268  -0.0277216489059  -0.0258035673717  -0.0235564741856  -0.0210948104133  -0.0186275814394  -0.0173575338395  -0.0164593036053  -0.0158129066509  -0.0153924346441  -0.0153097245745  -0.015627148876  -0.01616249721  -0.0166670571265  -0.0168807398151  -0.0165652511045  -0.0155271086097  -0.0136928827785  -0.0114186693258  -0.00896817039789  -0.00653250659849  -0.00431743129175  -0.00241863001229  -0.00113292237226  8.31902346902e-05  0.000984496393066  0.0016128056068  0.00199948133913  0.00208593709144  0.001746738799  0.00128799660824  0.000906591776806  0.000272975045453  -0.000555603135711  -0.00063874871351  

-0.0581472169977  -0.0334780180646  0.0238745511149  0.0784175561034  0.131859940365  0.180364534501  0.205440942079  0.211233711347  0.197690522695  0.180239143818  0.160214072366  0.138730655289  0.114729795632  0.0885416212967  0.0685589726  0.0578429764726  0.0571472674918  0.0660214055858  0.083204366074  0.106921657807  0.13419901221  0.159007879309  0.179430305765  0.194302876102  0.201579799312  0.198689760762  0.188493951878  0.169037640864  0.14422640274  0.116161895361  0.0847767467155  0.0510317911978  0.0166734252304  -0.00204203997117  -0.0122768553336  -0.0240461743552  -0.0332114298735  -0.0338273491363  

-0.166616515356  -0.167148134804  -0.17195366784  -0.177211812041  -0.176910339623  -0.166818119309  -0.15223309255  -0.136548126911  -0.120842121566  -0.111868026286  -0.10408425668  -0.0964352202903  -0.0880305896346  -0.0784193699359  -0.0699953994822  -0.0638617924333  -0.0607428808983  -0.0610434369416  -0.0646947277425  -0.0710277060541  -0.0784316744386  -0.0841049248044  -0.0867383650464  -0.0857405655049  -0.0812346280539  -0.0740501201934  -0.0670278056926  -0.0582818702658  -0.0498385501579  -0.0419620919403  -0.0342722060274  -0.0266351783486  -0.0189285643061  -0.0145304714954  -0.0120048827312  -0.00888638387832  -0.00598839863132  -0.00575169098658  

0.0158768714452  0.0211230782138  0.0345377577118  0.0502009185061  0.06822674299  0.0872485846903  0.10058616393  0.110252010344  0.117353401167  0.120331345404  0.122051312365  0.122717370622  0.121932967209  0.118387404568  0.111800457839  0.102984010065  0.0933333223693  0.0845627241681  0.0784676174833  0.0766947451194  0.0804037900752  0.0884478720146  0.0987694505819  0.109398408418  0.118236101608  0.1239768004  0.12601212565  0.125472990634  0.122251528799  0.116871859403  0.109129453303  0.0984119902027  0.083335013405  0.071830921368  0.063754371612  0.0515406222176  0.0364554949797  0.0349451693504  

0.678430300257  0.67700093033  0.671704079147  0.663010838704  0.649027125345  0.625166401524  0.595850318215  0.559720246878  0.515125590316  0.485206162956  0.457273799212  0.429131762038  0.397811751106  0.361201386271  0.326693341584  0.295865077803  0.26876841645  0.245197629231  0.224959974189  0.207866519793  0.194159014021  0.184742387554  0.178602777345  0.174919522425  0.17241226533  0.168014223948  0.161113603016  0.148432879559  0.131364360165  0.110644058822  0.0857360453893  0.0569335310367  0.0254709504657  0.00760289870924  -0.0022251242969  -0.0136274565817  -0.0233260305096  -0.0240781483052  

2.65383890598  2.65383890598  2.65383890598  2.65383890598  2.65383890598  2.65383890598  2.65383890598  2.65383890598  2.65383890598  2.65383890598  2.65383890598  2.65383890598  2.65383890598  2.65383890598  2.65383890598  2.65383890598  2.65383890598  2.65383890598  2.65383890598  2.65383890598  2.65383890598  2.65383890598  2.65383890598  2.65383890598  2.65383890598  2.65383890598  2.65383890598  2.65383890598  2.65383890598  2.65383890598  2.65383890598  2.65383890598  2.65383890598  2.65383890598  2.65383890598  2.65383890598  2.65383890598  2.65383890598  

-1.54757788853  -1.5459906198  -1.54111327522  -1.53456380724  -1.52490971746  -1.50677475352  -1.47627347654  -1.41039660927  -1.17000642427  -0.38485147576  0.850834031692  1.19170779284  1.31566679879  1.37760636011  1.40654726322  1.42011038569  1.4245537774  1.42140840726  1.4094366681  1.38399481814  1.33455536413  1.24699948905  1.07781274631  0.685709387208  -0.144399471115  -0.815630468201  -1.0598598054  -1.20036434252  -1.26985787914  -1.30306439566  -1.31016159076  -1.27962338488  -1.12563617727  -0.705475244134  0.103264420198  1.01187811115  1.2854534685  1.29862096908  

0.0  0.0265383890598  0.0903479678162  0.150131447257  0.209606641481  0.27773788401  0.340987959546  0.406446316193  0.479064555119  0.52599124383  0.570816363584  0.619257802374  0.678407498244  0.756153503714  0.839916866965  0.925593184748  1.01196456731  1.09886879458  1.18678352193  1.27711863332  1.36969232827  1.45584702356  1.53779193526  1.61810045465  1.69676530632  1.77534930478  1.84028780675  1.91833825618  1.99675959813  2.07639220517  2.16313735912  2.26099337276  2.37569805126  2.45174401121  2.50082116493  2.56956374409  2.6465688384  2.65383890598  

