-1.9801713143e-18  0.418840411901  2.40615076339  4.24375143937  5.81659302534  7.4776744998  9.34491916214  10.1525154136  10.8305426882  11.5303776331  12.939859689  15.0235285369  17.2692068856  19.8076751472  22.6179030544  25.5419742965  28.1710013213  30.4908597031  32.4167195006  34.0475691338  36.1920711397  38.5822413655  41.2579295791  42.1053782393  

-1.10672530462e-18  -0.000291957114026  -0.00963341544627  -0.0299585936502  -0.0562612495328  -0.0929223555854  -0.14480412075  -0.170203744151  -0.191535728655  -0.212396831109  -0.249815386433  -0.293307364816  -0.324168448585  -0.338980562815  -0.330542835622  -0.294207622017  -0.238202815451  -0.174359626105  -0.122352781048  -0.0849780196363  -0.0468727674222  -0.0190674076305  -0.00272147893603  0.000813267074665  

-1.28791506575e-19  -0.0013948083046  -0.00801134834169  -0.014125636769  -0.0193522487771  -0.0248515684467  -0.0308534970499  -0.032380825107  -0.0310404934451  -0.0289094375773  -0.0243456378852  -0.0174804709663  -0.0100484549159  -0.00164072052073  0.00765224735423  0.0172426556114  0.0254362466826  0.0288834284319  0.0252835504269  0.0209206424826  0.0149353492669  0.0087331332437  0.00441336064114  0.00416400221857  

0.0  0.0139539396727  0.0801128991158  0.141299842105  0.193887741576  0.249824677345  0.313826408503  0.342098711056  0.366252233138  0.391619414917  0.443468112355  0.520706330618  0.602586301858  0.690536269098  0.779453392204  0.861708366067  0.928806085871  0.986476220646  1.03707258986  1.0816261881  1.14022530475  1.20375700547  1.2727677604  1.29429514517  

0.0  -9.46097832864e-06  -8.78297211601e-05  0.00113483226267  0.00725482961134  0.0298544507713  0.0946562175123  0.140192219026  0.187877986517  0.246659003568  0.393405558322  0.674576921985  1.05120887739  1.54660475689  2.1459657702  2.77980884448  3.31777467199  3.74321188879  4.06885073629  4.34582003202  4.74412665583  5.27664014199  6.03038580833  6.30848341704  

-3.25832106556e-18  2.64512239674e-06  0.000446318961623  0.00240495853945  0.00687097510352  0.017021348256  0.0373795989381  0.0490806664874  0.0597492794048  0.0710809999806  0.093950762772  0.125887269675  0.15506120292  0.178142970978  0.187531730773  0.175334096988  0.143203583116  0.101338841209  0.0701290313287  0.0542625610858  0.0513670694494  0.072359804506  0.120343965538  0.138361092594  

-5.22720773648e-18  4.07875676409e-06  0.000774873743785  0.00421402641245  0.0105351858738  0.0210841217504  0.0376335023483  0.046284525274  0.0543020762501  0.0633844724229  0.0841977473255  0.121564584782  0.171524226915  0.241290420718  0.33624111012  0.455688172997  0.581043368491  0.704829247313  0.817350109615  0.919735941813  1.06405752353  1.23845931444  1.45266405785  1.52533542026  

-4.46142917626e-18  0.000292086436068  0.00963129751761  0.0297004623573  0.0544224357937  0.0857383506743  0.125141545619  0.143314499285  0.1592080475  0.176361932746  0.213144972831  0.273204911169  0.345817472194  0.437732224526  0.551001535281  0.680109030377  0.80375548959  0.916395061019  1.0120748323  1.09467811319  1.20569055389  1.33407800235  1.48669479977  1.5376382138  

0.0  0.0139543710616  0.0801596848315  0.141350359039  0.193635440181  0.248668136781  0.310326837721  0.336869156642  0.359252089887  0.382630798198  0.430396857428  0.502807406423  0.583531081011  0.678204463382  0.786714338176  0.902139898325  1.00563668231  1.09403058139  1.16485822329  1.22352634884  1.2998975745  1.38621226158  1.48762900615  1.52130433674  

-0.0241081696778  -0.0241082165222  -0.0241186401268  -0.0241634440058  -0.0242298646436  -0.0243182058549  -0.024437833843  -0.0244960597402  -0.0245481285745  -0.0246060676293  -0.0247411169876  -0.0250251304277  -0.0255551659042  -0.0266491832791  -0.0287997142415  -0.0324627579784  -0.0372452520501  -0.0426901386054  -0.0480985690768  -0.0533241047241  -0.0611017243042  -0.070990322809  -0.0834667036588  -0.0876710985647  

0.454275179135  0.454275223024  0.454281823589  0.454295523798  0.454294609258  0.454265491474  0.454185137271  0.454131485373  0.454076259502  0.454007375331  0.453819985456  0.453331929079  0.45220884823  0.44940634244  0.442821600644  0.429591981162  0.409680354649  0.384187307497  0.356362756995  0.327434260712  0.281139410789  0.217434294579  0.130407253941  0.0995667053967  

4.10984826662  3.92019281206  3.02107138096  2.20813237734  1.54381151621  0.891391856374  0.239267303453  -0.0102621981398  -0.204570551492  -0.391145751963  -0.718920593172  -1.07874614778  -1.29457124589  -1.32781691772  -1.13235344414  -0.739013720151  -0.310357668916  0.0464197172533  0.281603544606  0.412603568232  0.464502846039  0.353905885102  0.0836866852769  -0.00537115233741  

0.487618557659  0.487662740523  0.48856503378  0.489272059868  0.489274386392  0.488878849445  0.488101351539  0.487629332027  0.487146137561  0.486511635733  0.48456192623  0.479060062316  0.467889854103  0.446342210365  0.408892344335  0.353282177593  0.289833840187  0.226521034051  0.17181708735  0.126682365847  0.0733222323406  0.0277345166707  0.00159072961095  -0.0001108073578  

-0.0531345447668  -0.053090245184  -0.0518151849601  -0.0497318126539  -0.0480895423206  -0.0468094352218  -0.0456274106927  -0.0451198326409  -0.0446721056671  -0.0441487802271  -0.0427679418162  -0.039590388086  -0.0343345759526  -0.0260285569696  -0.0142977650349  -0.00037315321788  0.0120937833018  0.0215425210265  0.0272986583473  0.0300433718315  0.0298308432964  0.0234230069597  0.00729766066178  5.61343912038e-05  

-0.0906312149663  -0.0681595786117  0.0320406832472  0.11810349089  0.187020061955  0.249649879389  0.300700226965  0.316072630832  0.327377450634  0.338886866275  0.362345599286  0.398074128832  0.436683965091  0.47611094598  0.506411776045  0.512374324896  0.487355707778  0.437154954428  0.372105217009  0.302775200543  0.201953172751  0.0950154952731  0.0119843867809  -0.000566398960426  

-0.118793247462  -0.11905730996  -0.127943005457  -0.145428449788  -0.160684329058  -0.170152300068  -0.17243297574  -0.171907084909  -0.171178308629  -0.170336453009  -0.168802657636  -0.167337210612  -0.165766235767  -0.160252725612  -0.142244137601  -0.0999103595263  -0.0323862562411  0.0551654905784  0.150243933695  0.248094223527  0.40258504995  0.612233051039  0.897457213558  0.999347415169  

-0.0858538083019  -0.0809138075639  -0.0566940991448  -0.0301756951949  -0.00525126260196  0.0191040715126  0.0416640739952  0.0501572158835  0.056978704955  0.0638996982641  0.0778100618129  0.0996007728933  0.126708910746  0.16378871903  0.213110122215  0.270047832288  0.318709127946  0.351081927532  0.364164077252  0.361111910129  0.330591796017  0.249314456068  0.0775970131904  0.000597310010627  

0.646789111203  0.650301697578  0.664066001765  0.67049785101  0.669209123864  0.659914744068  0.639771929939  0.628264706743  0.61781351914  0.606662234175  0.583608644121  0.548717235171  0.510607865719  0.467253195977  0.418799948401  0.367024687444  0.31799785588  0.270703923572  0.223667069333  0.177579807464  0.113201328242  0.0476847346  0.00324807420356  -7.88526059626e-05  

1.395437108  1.395437108  1.395437108  1.395437108  1.395437108  1.395437108  1.395437108  1.395437108  1.395437108  1.395437108  1.395437108  1.395437108  1.395437108  1.395437108  1.395437108  1.395437108  1.395437108  1.395437108  1.395437108  1.395437108  1.395437108  1.395437108  1.395437108  1.395437108  

-1.54147497624  -1.5400572484  -1.53090014571  -1.51613616507  -1.4924826533  -1.43522720812  -1.09864079475  0.0835912773807  1.03038289386  1.26605553842  1.40039376206  1.45532060644  1.47241370761  1.4707815329  1.44430773813  1.35459353779  1.03034920491  -0.214138488572  -0.863977616021  -0.997103771209  -0.989019468205  -0.783922932923  -0.197902347156  0.0122523468969  

0.0  0.01395437108  0.0801603732949  0.141370105275  0.193748686984  0.249037633674  0.311056858259  0.337660759581  0.359992371325  0.383180523824  0.43000771485  0.499320505516  0.574053162328  0.65853316161  0.752036266083  0.849251263412  0.936427310589  1.01275460741  1.07612654798  1.12997767508  1.20084033483  1.2797099208  1.36764897745  1.395437108  

