-1.76581173246e-18  0.57686479058  2.76897257288  4.80265220427  6.6604243534  8.45613058151  10.011559205  11.6050770644  13.282311045  14.0606002506  14.5759587823  15.0135917164  15.9254543445  17.385206225  19.4728560199  21.6775253824  24.0697628876  26.6696468556  29.3389405158  32.0570430456  34.5900774394  36.7644039839  38.7518084207  40.6443177273  42.4860614233  44.2656559911  45.7625072963  47.580068307  49.5870829748  51.7409923616  54.0040225301  56.3706035495  57.8909767502  

2.73389180741e-18  -0.000554400494448  -0.0127732323054  -0.0384253594658  -0.0739011411912  -0.119117450794  -0.166957912494  -0.224301958927  -0.293676411246  -0.328820350648  -0.352647572455  -0.372693115981  -0.412765931942  -0.471385556134  -0.543021697818  -0.602975669264  -0.6497532765  -0.679008826523  -0.685655879223  -0.668079099227  -0.629604039996  -0.579617393216  -0.520321904013  -0.452086643324  -0.37623080797  -0.301188795572  -0.243010892776  -0.180856435388  -0.123732916982  -0.076008803983  -0.0405771620067  -0.0176539159335  -0.00791127653107  

-1.51456103571e-18  -0.00192244664936  -0.00922763260773  -0.0160046278625  -0.0221950443018  -0.0281776071483  -0.0333572824924  -0.0386563179429  -0.044186877536  -0.046556306336  -0.0467528092637  -0.0455520596432  -0.0426269806849  -0.0378104084282  -0.0308791549137  -0.0235468507516  -0.0155864815119  -0.00693371736688  0.00194970049431  0.0109928552627  0.0194127225798  0.0266223629805  0.0331623788964  0.0391857337688  0.0433987974478  0.0411928318892  0.037121523603  0.0316989157831  0.0255729171208  0.0190630908485  0.0126253635946  0.00740843495164  0.00589617149018  

0.0  0.0192244101938  0.092220871697  0.160031118288  0.222374188871  0.28341146711  0.337868652066  0.396795132663  0.464412781868  0.498342112077  0.521652698028  0.542018880904  0.585633408242  0.657604581786  0.762472733935  0.871633471552  0.983287752455  1.09165227781  1.18548940752  1.26279001829  1.32190911212  1.36801905841  1.41178505535  1.45975738322  1.51609090952  1.57999316334  1.63676061768  1.70251505605  1.76521999548  1.81828521761  1.86017573247  1.8948891386  1.91558921  

0.0  -1.75218185157e-05  -2.88877985035e-05  0.00239426190282  0.0157590028853  0.0576005475065  0.132642939644  0.258633959775  0.455232373603  0.571230736233  0.65674954507  0.735675492066  0.917983730588  1.25610800379  1.82805541626  2.52606049803  3.36354441097  4.32610575515  5.31749138675  6.26978406795  7.05422747591  7.61908604452  8.03548442075  8.34270941217  8.56684610546  8.73707036617  8.87690857169  9.08379368132  9.40259936899  9.88781491979  10.5831279159  11.5280556956  12.253524453  

-1.13291161294e-17  6.85081309553e-06  0.000671736701847  0.0035843337291  0.011201966276  0.0265635775165  0.0473883698533  0.0759605122379  0.113795073751  0.133987638567  0.14805456281  0.160195414071  0.185395975098  0.224550549939  0.27625656499  0.322958495203  0.361348578745  0.384676241732  0.384361615206  0.354715769026  0.29806948047  0.226900719078  0.144957600491  0.054528367181  -0.0398081585419  -0.121751250273  -0.17090767468  -0.202309918139  -0.202741175764  -0.168756628364  -0.10240049483  -0.0093734082147  0.056246379503  

3.39208630631e-18  1.06693742089e-05  0.00118198588165  0.0060713337658  0.0154218697699  0.0292105181749  0.0449098639308  0.0648105346763  0.0903329886079  0.10387438353  0.113412076549  0.121977386362  0.141205402506  0.175896591151  0.234417997446  0.308522443572  0.4042729351  0.527335134984  0.674618233528  0.845834066885  1.02326827377  1.18771996704  1.34637163795  1.50350473858  1.66058064924  1.81620029617  1.95084462711  2.11871542892  2.31071475109  2.52712975071  2.76999058864  3.04573967807  3.23725937134  

7.76302320047e-18  0.000554428701382  0.0127562920997  0.037827548222  0.0698846576302  0.106053570024  0.140494198057  0.178935694622  0.223283588667  0.245274664076  0.260266899101  0.273425913132  0.302051523454  0.351082148067  0.428112049436  0.518358332068  0.626427204775  0.75509629144  0.897770538886  1.05138911036  1.19879446178  1.3256118946  1.4393175038  1.54361122109  1.63960628601  1.72698663017  1.79737456292  1.88038612426  1.97204786886  2.07511100039  2.19394055448  2.33479721908  2.43613083961  

8.70830128508e-18  0.0192255060749  0.0922809622224  0.160020228427  0.221753640506  0.281249494739  0.33286800947  0.386243651336  0.443460195876  0.47044915658  0.488402952715  0.50389076771  0.536815793775  0.59116493495  0.672556348897  0.763472191547  0.868004116896  0.98817729417  1.11739892541  1.252418814  1.37759708576  1.48081400988  1.56841580513  1.64292513977  1.70454136875  1.75314415903  1.78716398292  1.82293272764  1.85995862023  1.90242388219  1.95540435922  2.02404774362  2.07629928074  

-0.023704907137  -0.0237051738062  -0.0237448583248  -0.0239593238023  -0.0243739932818  -0.0248281435682  -0.0251697562065  -0.025469011784  -0.0257443743652  -0.0258551711513  -0.0259190053742  -0.0259667094718  -0.0260457815888  -0.0261095802305  -0.0260548057543  -0.0258218462892  -0.0254522489737  -0.0251406278064  -0.025319327682  -0.026568359877  -0.0292174840218  -0.0329459564837  -0.0376609673731  -0.0433118597747  -0.049780044582  -0.0567908290577  -0.0632005241602  -0.071523682513  -0.0813999315859  -0.0928904394134  -0.106082020487  -0.12114323962  -0.131439383558  

1.023788312  1.02378855545  1.02381122565  1.02385436806  1.02378962253  1.02356274762  1.02328297981  1.0229494828  1.02256077702  1.02238005225  1.0222687417  1.0221816506  1.02202851913  1.02189356527  1.02203214659  1.02268778526  1.02386304516  1.02497384257  1.02422146221  1.01851279957  1.00516642771  0.98470914787  0.956838304156  0.921063544844  0.87735044954  0.826922760203  0.778254890707  0.711672897462  0.628078003033  0.525122862563  0.400190623358  0.249801486694  0.142709561987  

11.6940731644  11.1062119749  8.90414765494  6.94632489337  5.26963326684  3.78194714898  2.61591141032  1.54662582977  0.558644931885  0.147851191644  -0.106678356531  -0.314640552127  -0.722664868056  -1.30240901555  -1.97896355906  -2.50536472205  -2.86282727785  -3.0024728228  -2.88527931548  -2.52144161021  -2.00676197119  -1.47856837096  -0.967694689558  -0.489671701914  -0.0588276369923  0.309472812489  0.573663636452  0.819454813099  0.966524543929  0.946140416716  0.717897013682  0.326852886047  0.0900750854476  

1.03393371311  1.03411180004  1.0368084734  1.03882815016  1.03732416261  1.03254419986  1.02671313696  1.02018424632  1.01389831907  1.0115771577  1.01036179788  1.00953974424  1.00841659768  1.00807178449  1.00987614427  1.01318627243  1.01587979683  1.01372769705  1.00050495731  0.96916982516  0.918501415042  0.855883814346  0.78261741721  0.699447709142  0.60814705915  0.51299061716  0.430252125169  0.331063023749  0.228625720738  0.133427493201  0.0570378387837  0.0106392468091  0.00196482109592  

-0.0951999868421  -0.0950152160297  -0.0907487546125  -0.0819089489911  -0.0716569362355  -0.0621881263973  -0.0552761451285  -0.0496654652712  -0.045463929645  -0.0441537253814  -0.0435264910615  -0.0431324997327  -0.0426582147321  -0.0426272601184  -0.043467982214  -0.0446265418129  -0.0452424068507  -0.0441091622964  -0.0400161573135  -0.0321587865315  -0.0214696428347  -0.010163302757  0.00124014091386  0.0123367054332  0.0226203382909  0.0314371837055  0.037549246367  0.0427608952764  0.0450139771299  0.0424950423522  0.0333290816658  0.0155115342495  -0.000804109934939  

0.110905353033  0.165579222278  0.35366491081  0.498608272769  0.596055201744  0.645578184536  0.650167832286  0.621015401442  0.558332799151  0.519796706552  0.492150811323  0.468710875379  0.422398915088  0.35748137059  0.28712292225  0.243570223985  0.232203293552  0.259190502045  0.322205534119  0.41099125677  0.501995368324  0.575004508227  0.629186102134  0.663357266231  0.674680856308  0.655354033658  0.611168289236  0.528421958878  0.411673359378  0.274234274427  0.13918974491  0.036692141895  0.00615017116439  

-0.147261849122  -0.148148694955  -0.16619703087  -0.187735033916  -0.185740958304  -0.162371785147  -0.136752568986  -0.113099816646  -0.0937476968105  -0.0867222993969  -0.0826983760023  -0.079603308503  -0.0740713354528  -0.0676213760351  -0.0630558006841  -0.063924046091  -0.0714579322733  -0.0868454610705  -0.107957498683  -0.129396759249  -0.141659389562  -0.139575384929  -0.122706962123  -0.0903996223598  -0.0426068208467  0.0187898450209  0.0818445718481  0.171771221698  0.288247321557  0.435074756838  0.617159008499  0.842245561615  1.00714657245  

-0.0633159758618  -0.0546695573589  -0.015519450844  0.0296656847991  0.0632091324488  0.0773225050116  0.0775959047005  0.0722632196454  0.0653108057396  0.0624461747449  0.060782516031  0.0595081000124  0.0572631474353  0.0546576596111  0.0523758319837  0.0513694190946  0.0527983730982  0.0602753146827  0.0788578478905  0.113413348955  0.161264618398  0.212649810144  0.264395384401  0.313430250191  0.355944560908  0.387891465444  0.405462249336  0.412886763444  0.400475685653  0.35842515754  0.274025553444  0.128247150189  -0.00498818010378  

0.846680826301  0.850003237115  0.854467783322  0.84190402706  0.813391190786  0.772213211179  0.728932697862  0.680383332035  0.627841665994  0.603948706816  0.588762600615  0.576524089643  0.553375477195  0.522400816972  0.488258492026  0.461054699957  0.437673585859  0.416118014939  0.396068619465  0.376949546775  0.360229782699  0.346835722283  0.33542248287  0.325199778563  0.315045213739  0.299789696031  0.277830219905  0.239373198588  0.184952250885  0.119726648337  0.0553110805933  0.00897979779565  -0.000496568577024  

1.92255062011  1.92255062011  1.92255062011  1.92255062011  1.92255062011  1.92255062011  1.92255062011  1.92255062011  1.92255062011  1.92255062011  1.92255062011  1.92255062011  1.92255062011  1.92255062011  1.92255062011  1.92255062011  1.92255062011  1.92255062011  1.92255062011  1.92255062011  1.92255062011  1.92255062011  1.92255062011  1.92255062011  1.92255062011  1.92255062011  1.92255062011  1.92255062011  1.92255062011  1.92255062011  1.92255062011  1.92255062011  1.92255062011  

-1.56066123736  -1.56012469817  -1.55746352267  -1.55355199312  -1.54767360842  -1.53798355693  -1.52272442957  -1.48864429917  -1.34433093566  -0.852326283508  0.688708429642  1.17944037836  1.39250337452  1.47089429685  1.50506174843  1.51930876415  1.52637257848  1.52895422558  1.52694771515  1.51816013101  1.4981269336  1.45984221454  1.37860693823  1.15440256612  0.232091186918  -0.828373890532  -1.06730075003  -1.1593009955  -1.17223701015  -1.11446211098  -0.934476796479  -0.494834291454  -0.136210817199  

0.0  0.0192255062011  0.0922825658386  0.160060319319  0.221976877318  0.281825384368  0.333663357603  0.386759832604  0.442592833968  0.46840052974  0.485349944373  0.499822735648  0.530119676634  0.578711894485  0.648248994805  0.721694771895  0.801388445664  0.88799529498  0.976909475292  1.06744344466  1.15180182709  1.22419110827  1.2903078334  1.35314207724  1.41390788728  1.47242639467  1.52189456866  1.58208124011  1.64857802805  1.71990733612  1.79471920604  1.87265816485  1.92255062011  

