-4.76696137048e-18  0.76203833777  2.83814202665  4.77398932581  6.54895597031  8.33056016213  9.89149083284  11.3136253978  12.7986938175  14.370739923  16.040231837  17.2188636252  18.3559736005  19.5224421255  21.1898900633  23.2204375042  25.496663467  27.9814827044  30.5226161062  33.081094601  35.6756963995  37.941366749  39.899503175  41.71965045  43.5084690532  45.336965492  47.2461285571  49.2347864316  51.258216217  53.2730871931  55.2692651855  57.2547896873  59.236412955  61.2097333962  63.1770339337  65.1935160042  67.3119992003  69.5150304336  71.7921673311  73.7187396689  75.7861344306  76.8386239892  

1.56316383503e-17  -0.000967410974642  -0.0134187834802  -0.0379663578314  -0.0714449091554  -0.115600862913  -0.162971880355  -0.213183569605  -0.272775340427  -0.34376607174  -0.427796610264  -0.491595884875  -0.55372412345  -0.614743800362  -0.695073458911  -0.781135420922  -0.861952120655  -0.931237930461  -0.98182179358  -1.0124800876  -1.02372288755  -1.01858443762  -1.00446108975  -0.984657505274  -0.959866659763  -0.929413338352  -0.891833618138  -0.84571927583  -0.790784257394  -0.727666321868  -0.656994419035  -0.579504260709  -0.496868979896  -0.412457371492  -0.330088087708  -0.250908413928  -0.175374706912  -0.104683250758  -0.0341355510034  0.0321738812345  0.115109236029  0.162481854021  

1.04880272471e-17  -0.00253948487818  -0.00945787754437  -0.0159086289767  -0.0218229011915  -0.0277583710806  -0.0329568155378  -0.0376894665288  -0.0426225593744  -0.0478140671321  -0.053148361361  -0.0558118178507  -0.0543177526061  -0.0509931131669  -0.0457893750889  -0.0392966811621  -0.0319812124323  -0.024028688486  -0.0160059295753  -0.0081609035698  -0.000682568900385  0.00512397510802  0.00935127027902  0.012622033347  0.0154662597099  0.018351517022  0.0216302208138  0.0254299163554  0.0295966165438  0.03383128161  0.0378199080701  0.0411613207711  0.0432290287388  0.0433270919398  0.0413979816737  0.0380821214781  0.0342109608829  0.0313020486616  0.0326009672463  0.0372880472709  0.0435378681594  0.0468750500802  

-1.1838993111e-20  0.0253940555338  0.0945220726695  0.159070244329  0.218613870439  0.279093092808  0.333574940506  0.385694996611  0.44421832342  0.512728276912  0.595413294856  0.661085749586  0.729842144671  0.804507315565  0.915664781835  1.05391949505  1.20663054944  1.36308332397  1.50485226854  1.62400152414  1.71941228425  1.78450315072  1.8312338213  1.87057060683  1.90828576531  1.94788833363  1.99180546627  2.04162448198  2.09799684084  2.16122495097  2.23172696697  2.30929751664  2.39178124288  2.47390584884  2.5486393724  2.61108294199  2.65780170417  2.68761950565  2.7059015141  2.71898289058  2.73593246008  2.74713617094  

1.87574438546e-17  -2.93943264635e-05  -1.13098416389e-05  0.00231156413411  0.0143250366545  0.0532982506945  0.125281172242  0.231439260265  0.391329763581  0.623236662052  0.949579119885  1.23409974844  1.55425311466  1.93145877867  2.54975585948  3.41449816673  4.50501328274  5.80190040035  7.18944920446  8.58539464127  9.93143574836  11.0004639564  11.8205840811  12.489491779  13.0617683768  13.5683662795  14.0260772998  14.4416503373  14.8178785098  15.1639092361  15.4976464193  15.84116544  16.2177441917  16.6501215113  17.1628247796  17.7955156993  18.592649052  19.5687441122  20.7212297273  21.7799598097  22.9459092876  23.53377734  

9.57890010284e-19  1.56059917466e-05  0.000721738909811  0.00351439374712  0.0105353621944  0.0251894158442  0.0455280185294  0.0701953241285  0.102093464349  0.142738575149  0.193870571091  0.234736052075  0.276392300194  0.319288256632  0.378786861746  0.446201230704  0.512295806305  0.569081152784  0.605921976379  0.61664655874  0.596865914127  0.553708857588  0.498928274111  0.436585127431  0.367749207544  0.292173601613  0.209244228817  0.119347745472  0.0250262938203  -0.0701664856275  -0.162944703299  -0.249486900363  -0.324119206796  -0.378988890077  -0.406997258264  -0.405050199279  -0.373256053559  -0.318533919891  -0.26047073775  -0.232487946283  -0.235063615243  -0.249487339504  

-6.96999344589e-18  2.46009320447e-05  0.00127237701611  0.00596539828751  0.0147179381789  0.0280947926819  0.0435692517372  0.0608669361835  0.0824763135904  0.109699519879  0.143994735166  0.171736098076  0.201568664168  0.235816510785  0.291467006  0.370578403194  0.475175266867  0.60975303804  0.770149650164  0.954770015549  1.16437477467  1.3638431225  1.54674519123  1.72402765893  1.90386392518  2.09237653552  2.29341056725  2.50685248863  2.72815721227  2.95303215722  3.1810500452  3.41420491297  3.65482947744  3.90443450129  4.16574068351  4.44913363732  4.76657668161  5.12115452866  5.51846321053  5.88470394996  6.3117613076  6.54313165668  

-1.75799961705e-17  0.000967466078031  0.0133986979147  0.0373905406184  0.0677795415604  0.103394055354  0.137729669491  0.171648478583  0.21008371102  0.254471814546  0.306080722674  0.34530492777  0.385582580211  0.429871625577  0.498324366978  0.589914968803  0.703395119539  0.840046213627  0.992648169154  1.15756998307  1.33338437219  1.49079262477  1.62725497941  1.75264382294  1.87313917954  1.99241202446  2.11186959522  2.2301103586  2.34345486249  2.44908772325  2.54668110431  2.63728712636  2.72243222727  2.80398498353  2.88499703952  2.97142111957  3.07011229205  3.18535323112  3.32101312614  3.44956382294  3.59903054269  3.67834917087  

-1.40306488302e-17  0.0253964909935  0.0945844504607  0.159063625584  0.218051975713  0.277085976546  0.328867999659  0.376423569354  0.426850215462  0.481520576164  0.541508305738  0.585172939428  0.628651048434  0.675196089753  0.745139854289  0.835972250912  0.945621236584  1.07513379089  1.21806464086  1.37163174991  1.53480897643  1.68025523691  1.8053200513  1.91872685203  2.0255505398  2.12817979075  2.22643634985  2.31723017875  2.39564477569  2.45813463165  2.50368592699  2.53272412973  2.54667450347  2.54843515114  2.54267836652  2.53494313878  2.53126086359  2.53754224951  2.55692913569  2.58127422805  2.61000100178  2.62363365768  

-0.0506251674616  -0.0506263990161  -0.0507071838553  -0.0510920388684  -0.0518775785877  -0.0529304809516  -0.0538972197579  -0.0547987939525  -0.0558079675557  -0.0569954736057  -0.0583870381147  -0.0594015206001  -0.0603548172402  -0.0612893323894  -0.0625080633357  -0.0637194885509  -0.0645874616314  -0.0648153150877  -0.0642522421389  -0.063042861766  -0.0615452292955  -0.0604344689627  -0.0599203247478  -0.0599915980338  -0.0606865457541  -0.0621190299026  -0.0644777534164  -0.067971412429  -0.0727102226262  -0.0786751360249  -0.085799848617  -0.0939946584304  -0.103118002188  -0.112964442153  -0.123401737381  -0.134680202895  -0.147184144725  -0.160996426607  -0.176295676727  -0.190175859926  -0.205943448645  -0.214238296354  

1.96461700276  1.96461809243  1.9646632577  1.96474036138  1.964626145  1.96411839408  1.96334496477  1.96237059081  1.96101041348  1.95908701101  1.95644780541  1.95428714094  1.95208055642  1.94974894564  1.94644371817  1.94282165904  1.93995323589  1.93913845782  1.94145508629  1.94687479947  1.9541844568  1.96003886129  1.96292464034  1.96248287848  1.95808826592  1.94856715982  1.93206175113  1.90628605385  1.86939350455  1.8203974641  1.75868674199  1.68387698943  1.5961266549  1.49640552593  1.3852303207  1.25900974423  1.11203050833  0.941553954573  0.74335300439  0.555278528083  0.332016286275  0.210334014533  

23.0104332433  21.5208805816  17.5188659838  13.9534909731  10.9172113917  8.17221091309  6.06281701144  4.40058417676  2.9327903164  1.66852371275  0.629375358637  0.0670512657716  -0.358963673727  -0.693907133691  -1.01560578443  -1.20559605619  -1.22738546204  -1.1052143145  -0.899985283341  -0.670768280368  -0.457529240004  -0.310033539228  -0.22181428823  -0.17567056386  -0.162669244884  -0.177214009414  -0.213072716413  -0.259768138542  -0.30135342651  -0.319989297306  -0.299462075606  -0.226495147975  -0.0945812256714  0.0874953869831  0.287639542439  0.446576564068  0.456942184887  0.16415858311  -0.582482163004  -1.599538485  -3.00773049161  -3.78623286224  

2.0234050974  2.02399144701  2.02900304571  2.03253709808  2.02989225254  2.0192927315  2.00328552539  1.98379253412  1.95941832357  1.93073253595  1.89959041685  1.87908987492  1.8616308853  1.84624406251  1.82865113248  1.81389247547  1.80541407241  1.80458139565  1.8102547367  1.81838912818  1.82317466281  1.81918757575  1.80625928443  1.78458138552  1.75332527401  1.71070181178  1.65424360738  1.58182185255  1.49312952146  1.38926053326  1.27115027275  1.13962251017  0.996368278295  0.844854965366  0.689109256507  0.530078779463  0.37083289411  0.222548390016  0.097741774764  0.0225245667187  -0.0180007500913  -0.0198058384891  

-0.237020462198  -0.236402375169  -0.228322074184  -0.212660583357  -0.193247334161  -0.171517428202  -0.152120359781  -0.134786426856  -0.117456840472  -0.100477073581  -0.084707984279  -0.0754788481076  -0.0682671379967  -0.0624001626503  -0.0562885243736  -0.0517732147147  -0.0496685450707  -0.0498975622232  -0.0516179022146  -0.0534468284748  -0.0539188061785  -0.0522052283125  -0.0487173118064  -0.0437477085353  -0.0373629445261  -0.0295162459431  -0.0201703763657  -0.00948885188167  0.00203207140918  0.0137843472692  0.0253034787087  0.0362353127278  0.0462381129073  0.054937973996  0.0619889633581  0.0670753939872  0.0694457840259  0.0678086314567  0.0606076362394  0.0491653718439  0.030514135167  0.0182722347468  

0.0172670304971  0.197159096868  0.651472057906  1.02710900336  1.31237636684  1.51177534828  1.60342621476  1.62082678833  1.57677739384  1.46734149622  1.28867252685  1.13104905602  0.968266535807  0.804962730135  0.588008029297  0.356844580105  0.147185633894  -0.016306092608  -0.109428776457  -0.127960538447  -0.0760396608367  0.0166614893932  0.12091985457  0.228075519695  0.3354941789  0.442388966322  0.547910003998  0.649372778804  0.741672999114  0.81944618473  0.878228543165  0.913215197091  0.918282109172  0.886754699784  0.814147176939  0.697792828387  0.538010054804  0.346585809996  0.143151748572  -0.0166534281232  -0.15661895417  -0.20757963825  

-0.389172361289  -0.39302914217  -0.438686884045  -0.491318958862  -0.48902663625  -0.426533548983  -0.350154309595  -0.282629296191  -0.223005147922  -0.174296478705  -0.137057012185  -0.117789449434  -0.103094921341  -0.090782931789  -0.0764633779906  -0.0619902370691  -0.0478546929972  -0.0349787365444  -0.0266971857044  -0.0264751313448  -0.0370323043681  -0.0553459680708  -0.0766774091877  -0.0992213595227  -0.121891620773  -0.143389338393  -0.161590121489  -0.173271993394  -0.174883998202  -0.16398366465  -0.139520372901  -0.101427634772  -0.0505577081221  0.0112797020219  0.082385405673  0.16395770709  0.259110393385  0.369795421213  0.499830359579  0.625293628283  0.777284375063  0.861580462978  

-0.156983600169  -0.127013957399  -0.0329358079898  0.074607408357  0.161586239343  0.208562380771  0.217051842053  0.207951975512  0.190505739555  0.170526670578  0.152802683829  0.143833221035  0.137970174389  0.134409895154  0.132402077039  0.13179796726  0.129095006969  0.119819711813  0.102594289977  0.0803572385733  0.0591985775406  0.0480477271476  0.047726487331  0.0570351857047  0.0758682433096  0.104884199092  0.144801208311  0.195048101716  0.252485637407  0.312343446529  0.370013154626  0.421375494378  0.462738053416  0.491269736198  0.505728086253  0.505743531875  0.489623584973  0.454381492375  0.394596742471  0.319991529236  0.207953494526  0.135423168699  

1.79652932389  1.80722069306  1.81837151581  1.79338509633  1.7323634026  1.63585302286  1.52817590027  1.41663616967  1.2914831581  1.15484116121  1.01195962273  0.917441625999  0.836430426228  0.766586096788  0.688549439365  0.621219299196  0.57128547714  0.535941101867  0.511017339992  0.491507526944  0.474953304874  0.463041875199  0.454965039703  0.44920737625  0.444665455713  0.440424720403  0.435751764056  0.43024260844  0.423953333576  0.417187983307  0.410059926649  0.402070782272  0.391548697093  0.375199205341  0.348791681044  0.308197476321  0.250899114096  0.179573933019  0.101122534714  0.0366070986847  -0.0258710959969  -0.0526599531616  

2.53964916665  2.53964916665  2.53964916665  2.53964916665  2.53964916665  2.53964916665  2.53964916665  2.53964916665  2.53964916665  2.53964916665  2.53964916665  2.53964916665  2.53964916665  2.53964916665  2.53964916665  2.53964916665  2.53964916665  2.53964916665  2.53964916665  2.53964916665  2.53964916665  2.53964916665  2.53964916665  2.53964916665  2.53964916665  2.53964916665  2.53964916665  2.53964916665  2.53964916665  2.53964916665  2.53964916665  2.53964916665  2.53964916665  2.53964916665  2.53964916665  2.53964916665  2.53964916665  2.53964916665  2.53964916665  2.53964916665  2.53964916665  2.53964916665  

-1.55979628933  -1.5590347113  -1.55632517203  -1.5524903947  -1.54704125871  -1.53842320922  -1.52637657395  -1.50861350819  -1.47593704759  -1.40163251798  -1.13648536299  -0.222033953004  0.871737124659  1.15492893209  1.2722558137  1.31243702674  1.31351746664  1.28556656986  1.22793213936  1.13149256719  0.978709341535  0.798238226842  0.637305559522  0.529801617401  0.492106165659  0.518493142527  0.584012573687  0.652619044675  0.692125805523  0.68288523553  0.60941471429  0.44908897667  0.181425586313  -0.153686298173  -0.436230689206  -0.585575051804  -0.555654400567  -0.201169836783  0.583931045118  1.03445215978  1.24094667789  1.29508429444  

0.0  0.0253964916665  0.0945863096366  0.159102381394  0.21825801197  0.277635715496  0.32965788822  0.377050480015  0.426529429511  0.478874477592  0.534350072016  0.573254645401  0.6106775008  0.64929027012  0.704624696755  0.77206693219  0.847671157427  0.930165620888  1.01445683628  1.09921259113  1.18500248954  1.25974347622  1.32420683114  1.38404741319  1.44282327679  1.50290342516  1.56566299494  1.63108235573  1.69768921175  1.76403375804  1.82974521651  1.89504672473  1.96013393318  2.02489816304  2.08950918518  2.15582185014  2.22551754491  2.29789243728  2.37264128301  2.43619669904  2.50470307613  2.53964916665  

