8.72220886963e-19  0.799757137042  3.32139259628  5.77760114876  7.97914161655  9.88855473268  11.7212307889  13.6573048825  15.7258637365  17.9598239447  20.4148030059  21.6951400413  22.6993399677  23.6888501929  24.5661537195  26.2490995325  28.3278474169  30.5345676315  32.7674881871  35.009673199  37.2559715024  39.5076422665  41.774667968  44.0823078745  46.4675944409  48.8501603268  51.2797263602  53.8671760966  56.1860293723  58.4024795361  60.654148411  62.7764154406  64.8720023579  67.2099548619  68.889205357  70.5142123918  71.9517833391  73.2641511115  74.4985740351  75.6814871382  76.8303737614  77.9592973285  79.0817942919  79.9404533059  

1.77163600686e-18  -0.00106593247382  -0.0183849789742  -0.0556340528076  -0.106118214867  -0.162996869853  -0.229034369681  -0.310979288551  -0.412364901352  -0.537900036972  -0.694983212601  -0.784671321126  -0.858134315345  -0.93096537603  -0.993871967461  -1.10799962719  -1.2363573641  -1.35711823357  -1.46299779285  -1.55278324221  -1.6261058902  -1.68287884482  -1.72309189821  -1.74652863282  -1.75217067514  -1.73892284125  -1.70595763465  -1.64922609632  -1.57941327673  -1.4959042057  -1.39425507516  -1.28291401696  -1.15816016651  -1.001582437  -0.877785382707  -0.748957007643  -0.62757713003  -0.510687522536  -0.395437374396  -0.280167910592  -0.16368565734  -0.0448758555841  0.0775389527019  0.174065530688  

1.22872478209e-18  -0.00266574563305  -0.0110710127522  -0.0192588512264  -0.0265987215592  -0.0329656646297  -0.0390777602277  -0.0455357996362  -0.0524366146404  -0.0598878422943  -0.0680548139295  -0.0722365263093  -0.0748888736687  -0.073363215745  -0.0706856418259  -0.0652524946791  -0.0584372618519  -0.0511716775475  -0.0438081359873  -0.0364053446085  -0.0289782464985  -0.0215206803831  -0.0139997260607  -0.00633335129391  0.00159941537114  0.00952929731952  0.0176203377423  0.0262414534084  0.0339710862049  0.04136246869  0.0488746280356  0.0559584026239  0.0629564840209  0.0707679850665  0.0763813791776  0.0818157391287  0.0866252485674  0.0910175729988  0.095150560317  0.0991125356443  0.102961951328  0.106745875686  0.110509674166  0.113389784555  

0.0  0.0266546491919  0.110602215311  0.192569249791  0.267053554718  0.333615878106  0.401291023374  0.479966033183  0.576504124712  0.701345329373  0.872569118099  0.980011857109  1.07417977112  1.17442233152  1.26781475683  1.45435504489  1.69150968038  1.94198118942  2.18392071168  2.40572392387  2.59877988283  2.75752626787  2.88003216302  2.96842346692  3.02882306119  3.07035252782  3.10968491403  3.16662070109  3.24293160667  3.34312296777  3.47124715553  3.61156510742  3.76215954814  3.93568120624  4.05898517367  4.17415066952  4.27088752497  4.35392512084  4.42677132604  4.49134621343  4.54884669032  4.60011062461  4.64576358637  4.67702355808  

0.0  -3.20849622267e-05  0.000141213217506  0.00486109683258  0.029496037197  0.0936208510044  0.213743267136  0.416934536932  0.73372368116  1.20960933229  1.92223416523  2.38572279676  2.79734448643  3.24676704459  3.68449950387  4.61603120357  5.91221679111  7.42985764652  9.06895520541  10.7656220558  12.4549597819  14.0710171204  15.5514352162  16.8427945114  17.8973973807  18.643895736  19.1077321619  19.3436099156  19.4256524984  19.4858097518  19.6151429045  19.8614976127  20.2607316646  20.908796195  21.5059326934  22.1818609035  22.8526605343  23.5177029159  24.1828911933  24.8507360614  25.522614192  26.2001186991  26.8858445907  27.4154471483  

-2.51120756255e-18  1.80020496335e-05  0.00111505877852  0.00587684779189  0.0180564567277  0.0389963017073  0.0690176157208  0.11053300477  0.165562031246  0.237989332248  0.335257737955  0.394396726161  0.444957902025  0.496884282247  0.542889124947  0.628585493459  0.727264650526  0.819914483112  0.896847343451  0.952379979341  0.981100617275  0.977722464346  0.937213567013  0.854640843011  0.725227156655  0.555518521614  0.350727640632  0.114170672484  -0.0970165098449  -0.284303632161  -0.449851885883  -0.577824142987  -0.676129219451  -0.754821768351  -0.793669956107  -0.819490773976  -0.834336430805  -0.842539630955  -0.846478715248  -0.847496248586  -0.846441016692  -0.843884232982  -0.840219827575  -0.836861115853  

3.33111448124e-18  2.8452169947e-05  0.0020389010247  0.0103694496066  0.0247168585111  0.0411073394505  0.0595134400269  0.0823293149857  0.111760305174  0.150937055752  0.204668980355  0.237762097066  0.26628705434  0.296812045325  0.326299568842  0.389297738452  0.479384184426  0.590675258173  0.720195365878  0.867248467923  1.03075395453  1.20910440799  1.40048793538  1.60361985637  1.81752112429  2.03001260589  2.24093189947  2.45617842014  2.64100985703  2.81319099491  2.98815890747  3.15832347562  3.33665213769  3.5538980244  3.72533780278  3.90581424662  4.07885713654  4.24878952561  4.41977573668  4.59434923544  4.77444660641  4.96198863951  5.15928288723  5.31774801292  

-2.41055713845e-18  0.00106592761633  0.0183330254179  0.0538730848663  0.0948986782589  0.13168660063  0.167672974262  0.208583962472  0.25766818745  0.318313391539  0.395160548995  0.439804391788  0.477017480806  0.515760776  0.552258477923  0.627611493752  0.730327838055  0.850939708416  0.984680304049  1.12985948996  1.28460606244  1.44657819965  1.61308519356  1.7814483733  1.94839009622  2.10161749176  2.23809112147  2.35710370844  2.43980909255  2.49961135027  2.54497420314  2.57802912532  2.60586731823  2.63616871557  2.65996082927  2.6861000264  2.71260584823  2.74008610988  2.76913181325  2.80012093276  2.8333712697  2.86923775288  2.90819241792  2.9402992522  

0.0  0.0266575326572  0.110705909105  0.192472840169  0.265335864584  0.328026619621  0.388174694004  0.452605394979  0.523649788344  0.604405046303  0.699957199231  0.753368809745  0.797109841566  0.842041603052  0.883941353525  0.969621169227  1.0856404398  1.22219194443  1.37546780864  1.54532091661  1.73133322292  1.93221947214  2.1456706245  2.36847048376  2.59517861813  2.80559332047  2.98933771304  3.13579050527  3.21482645697  3.24155035087  3.22241006869  3.16754858387  3.08577546628  2.97169344712  2.88028465449  2.7876971439  2.70431118698  2.62813205888  2.55714803794  2.49020943283  2.42653325096  2.3654684029  2.30638207798  2.26234531965  

-0.006204680345  -0.00620491652414  -0.00621625297864  -0.00617653655428  -0.00605313804829  -0.00614874534782  -0.00661828289146  -0.00750272149192  -0.00879899185963  -0.0105253583784  -0.0127215663016  -0.0139382693483  -0.0148898474161  -0.015801811524  -0.0165907745679  -0.0180393825767  -0.0196949697711  -0.021261021073  -0.0225974467844  -0.0236246370718  -0.0242634124233  -0.0244363548029  -0.0240740067396  -0.0231159297089  -0.0215099846115  -0.0193461789217  -0.0166740354392  -0.013436737041  -0.0102442801554  -0.00689600052401  -0.00308409459324  0.00100376383322  0.00554345837998  0.0109848638999  0.0147653760016  0.0178171064642  0.019497612754  0.0196826792795  0.0181913105535  0.0147760326797  0.0091456588674  0.000962501354783  -0.0101803909458  -0.0209528576653  

0.787133505334  0.787133719044  0.787140821821  0.787134141928  0.787143613996  0.787096726948  0.78676637445  0.785906792116  0.784280873204  0.781608689153  0.777540480563  0.775007889747  0.772898260116  0.770771199717  0.768847216798  0.765107460212  0.760489416954  0.755754351209  0.751391606697  0.747789982586  0.745396839117  0.744713741734  0.746272556029  0.750630935642  0.758381348086  0.769460590466  0.783974959689  0.802668136165  0.822232673541  0.843918252892  0.86999916318  0.899522143212  0.934085211718  0.977913337148  1.00998071081  1.03700997731  1.05250430561  1.05423546576  1.03933682477  1.00407263324  0.943939694679  0.853520713648  0.726079880716  0.59903328379  

13.2085589794  12.5769597833  10.5558318868  8.5867040239  6.8806803485  5.49730881271  4.28883925401  3.16228057731  2.14208905287  1.25413059894  0.517679138899  0.222273485245  0.0285939496868  -0.133473645373  -0.257019736271  -0.446537074276  -0.612738879812  -0.737138819496  -0.842295060879  -0.95889462892  -1.11302926533  -1.32236206455  -1.59440482693  -1.92695314001  -2.30756077382  -2.69131473458  -3.04548636784  -3.33834648285  -3.50374817777  -3.58199780693  -3.63064739002  -3.75081798426  -4.11063772063  -5.10345781367  -6.44444226732  -8.44088663794  -10.906830521  -13.7983207857  -17.0870329243  -20.7142160985  -24.5849910322  -28.561826153  -32.4514126488  -35.1859838853  

0.443988765202  0.444117091384  0.444792503835  0.444296210086  0.444940022549  0.44734459869  0.449690652046  0.450159705614  0.446953342793  0.438822335735  0.425436498806  0.417473148457  0.411227188959  0.405321743476  0.400286916952  0.391174730188  0.380910522742  0.371378129725  0.363557484606  0.358107905202  0.355669382101  0.356781721772  0.361779385399  0.370714782062  0.383218439565  0.397399200354  0.411073732779  0.421068796801  0.422339518556  0.413472056415  0.39154811707  0.357434641856  0.311625228774  0.252002899227  0.211543799847  0.184280117091  0.179907740824  0.20164529607  0.253205722429  0.338680352654  0.462053680777  0.62694622989  0.836428221239  1.02704314219  

-0.0496429119453  -0.04951123643  -0.0486349559357  -0.0511481813134  -0.0577939272791  -0.0638137408172  -0.0673267924802  -0.0679573644086  -0.0655657180303  -0.060468294533  -0.0533699584007  -0.0496068134781  -0.0468425160489  -0.0443689852711  -0.0423620414747  -0.0389573054412  -0.0354702403143  -0.0325925594051  -0.0305750256416  -0.0295162304853  -0.0294683462336  -0.0304119799411  -0.0322332824435  -0.0347144233356  -0.0375062644255  -0.0399550161814  -0.0414367664784  -0.0411092917673  -0.0384672575656  -0.0332607016826  -0.0246816559651  -0.0130754876877  0.00191252881756  0.0221281102577  0.0376476192189  0.0516196615512  0.0611312363898  0.0654615983086  0.0637847636106  0.0550574910485  0.0381129515138  0.0116746416281  -0.0256919150558  -0.0624650792603  

-0.345966551638  -0.306954552657  -0.189091757675  -0.0616479613512  0.0702642666127  0.181070412742  0.269416277681  0.337315947694  0.37948219836  0.390517658156  0.364312562808  0.336541164489  0.309198652373  0.279826728014  0.253839944876  0.205919230066  0.151420658281  0.100308627501  0.0566109482502  0.0218283183903  -0.00280166294571  -0.0160744706198  -0.016775071065  -0.00356053249474  0.0251973399986  0.0686007944861  0.125918679996  0.197127405315  0.263907879268  0.322754698556  0.367040775893  0.381560965922  0.354732825234  0.256865007239  0.132884958136  -0.0310483564245  -0.205745883028  -0.377299080999  -0.531983122031  -0.652184679739  -0.715885539279  -0.695794462095  -0.557570766201  -0.346304114231  

-0.0231243951555  -0.0240248851906  -0.0390679621358  -0.0696566789244  -0.0997419997756  -0.114712985775  -0.116285087056  -0.109518748728  -0.0996679978508  -0.0906467781771  -0.0836168474932  -0.0805436240929  -0.078117824638  -0.0755866016242  -0.0732069100721  -0.0683001011744  -0.061317842813  -0.0521720061473  -0.0405585752647  -0.0264124189562  -0.0103130377393  0.00642079927064  0.021773957546  0.0331412542073  0.0372997848855  0.03101701055  0.0119125225959  -0.0238050865038  -0.0703675095451  -0.129680115586  -0.20828576401  -0.303599284309  -0.42140372503  -0.580363273655  -0.707002583458  -0.829840661926  -0.927594341374  -0.996259669473  -1.03146239755  -1.02727709352  -0.976905178223  -0.872797512127  -0.706333650576  -0.531621150726  

-0.0471214698047  -0.0458125434303  -0.0441423855097  -0.0337010392988  -0.0103097811539  0.0159039119281  0.040526514508  0.063378476417  0.0842964589008  0.104275748861  0.124346166734  0.133873276422  0.140561287178  0.146237778679  0.150529818478  0.156815231406  0.161004592453  0.16091890792  0.155766141648  0.145204086948  0.129164408629  0.107942301394  0.0822592339165  0.0532491555493  0.0226042158279  -0.00577374193576  -0.029345143105  -0.0453918166424  -0.0493972521218  -0.0413624483973  -0.0166292213779  0.0297300953754  0.10929188595  0.257606932904  0.417124213572  0.623585890204  0.853430357582  1.10215862399  1.36656897051  1.64090624809  1.91697672684  2.1840703001  2.42841474938  2.58808228774  

0.0630170925046  0.0670673868898  0.0825153270803  0.0969259614429  0.101625822345  0.093796940662  0.0735146566798  0.0382843575968  -0.0136888669306  -0.0834893497386  -0.17129335041  -0.21926352964  -0.256662851048  -0.292130924228  -0.321857481028  -0.373895315555  -0.429838762039  -0.480551511791  -0.524216356967  -0.561485562167  -0.593008221571  -0.619174160949  -0.640069488626  -0.655437472007  -0.664470283852  -0.665725281318  -0.658054070383  -0.63889573266  -0.611496600974  -0.576551613252  -0.534337770485  -0.493232051103  -0.460680763981  -0.453327128865  -0.484768808166  -0.561721731478  -0.681611446387  -0.843685617067  -1.04842841365  -1.29484779241  -1.57956339079  -1.89600949545  -2.23324572105  -2.49323598199  

2.66575335465  2.66575335465  2.66575335465  2.66575335465  2.66575335465  2.66575335465  2.66575335465  2.66575335465  2.66575335465  2.66575335465  2.66575335465  2.66575335465  2.66575335465  2.66575335465  2.66575335465  2.66575335465  2.66575335465  2.66575335465  2.66575335465  2.66575335465  2.66575335465  2.66575335465  2.66575335465  2.66575335465  2.66575335465  2.66575335465  2.66575335465  2.66575335465  2.66575335465  2.66575335465  2.66575335465  2.66575335465  2.66575335465  2.66575335465  2.66575335465  2.66575335465  2.66575335465  2.66575335465  2.66575335465  2.66575335465  2.66575335465  2.66575335465  2.66575335465  2.66575335465  

-1.56844759634  -1.56832955261  -1.5678518715  -1.56719977222  -1.56639770725  -1.56520388015  -1.56308077584  -1.55893404988  -1.55026087111  -1.52885816277  -1.44853797626  -1.26696542026  -0.366701350211  1.03632067002  1.2585981666  1.37148612636  1.4114463445  1.42757064589  1.43745023254  1.44822700832  1.46222772893  1.47866131065  1.49544399089  1.51088758327  1.5242224078  1.53486991778  1.54342816589  1.55067420414  1.5561783378  1.56117071015  1.56654904564  1.5721343859  1.57753904501  1.58155808894  1.58225172473  1.58134998409  1.57973434665  1.57792847927  1.57611940975  1.57436295224  1.57265633323  1.57096482116  1.5692277691  1.56781889183  

0.0  0.0266575335465  0.110710509758  0.192589329726  0.265988613402  0.329658823084  0.390781100647  0.455364500163  0.524381350711  0.59892763919  0.680829691702  0.723477449243  0.756734393785  0.789376668586  0.81850696456  0.874510226653  0.943732665189  1.01721717796  1.09156121768  1.1662018866  1.2409745886  1.31592905353  1.3914035305  1.46824271816  1.54768255243  1.62704857889  1.70799933067  1.79423472074  1.87154274053  1.94546207523  2.02058559012  2.0914235069  2.16140499622  2.23952323448  2.2956607392  2.350007695  2.39810509991  2.44202977386  2.48336045526  2.52298060506  2.56147490828  2.59931417592  2.63695217448  2.66575335465  

