-2.01414734964e-18  0.799631683694  3.26161506248  5.64274600909  7.76152491279  9.69849017324  11.5256565131  13.4177748565  15.435454053  17.6221313497  20.0364670083  21.7884346285  22.9345174743  23.988902559  25.1656158747  27.0342423096  29.2074971846  31.4577523981  33.7227173022  35.9878047908  38.2480276025  40.5053590292  42.7728006126  45.081888991  47.4492418978  49.7859345429  52.130871171  54.5617576162  56.8048198008  58.9828631072  61.2185939335  63.4990661869  65.7237033045  68.3086752611  69.9585664844  71.5689928604  73.0201106577  74.3603335744  75.6300186722  76.8539806598  78.0501527991  79.2344314739  79.9388959361  

6.8935350762e-19  -0.00106556969218  -0.017728623823  -0.0530653259439  -0.100404278241  -0.156783368759  -0.221442102681  -0.300145287034  -0.39723995031  -0.517803692644  -0.669365137822  -0.791129256056  -0.874898302631  -0.95163016492  -1.03398048722  -1.15593610827  -1.283590287  -1.39950215889  -1.49940033227  -1.58244727487  -1.64848087236  -1.69760468097  -1.72997809127  -1.74542779233  -1.74288290827  -1.72209311885  -1.68295529643  -1.62303843197  -1.55026523109  -1.46352464551  -1.35799279879  -1.23311208512  -1.09449042415  -0.912543503503  -0.784667717939  -0.651013596063  -0.523095721248  -0.398643351502  -0.275145449889  -0.150935154744  -0.0246454559981  0.105165451171  0.184639933461  

-1.0717543776e-18  -0.00266528918011  -0.0108715794809  -0.0188089432733  -0.0258726101861  -0.0323310726879  -0.0384243543075  -0.0447351200756  -0.0514651022018  -0.0587565092117  -0.0667838491608  -0.0724526670446  -0.0745021272153  -0.0720859347931  -0.068439178628  -0.0624037547081  -0.0552988620577  -0.0479129654954  -0.04046330837  -0.032998041379  -0.0255313042554  -0.0180566182492  -0.0105335910018  -0.00286097163545  0.00501362304426  0.0127920728939  0.0206023263985  0.0287026666652  0.0361803126206  0.0434441607205  0.0509036265994  0.0585160478687  0.065945964833  0.0745844417827  0.0801010516855  0.0854880584481  0.090344241983  0.0948311392244  0.0990835680715  0.10318447248  0.107193851255  0.111164960207  0.113527934201  

0.0  0.0266501527175  0.108615307961  0.188071714483  0.259652946518  0.326900758807  0.393921813333  0.470002699795  0.562684888893  0.682333760957  0.846525353186  0.993284498629  1.10356852689  1.21341560191  1.34237737766  1.55561149523  1.80860403907  2.06586541479  2.30932880912  2.52760785365  2.71256758301  2.85968119456  2.96861395401  3.04341731325  3.0919117215  3.12609409536  3.16335433058  3.22145022464  3.30263314584  3.40992175083  3.54654069703  3.706267498  3.87260283949  4.06666646416  4.18552350117  4.29484444997  4.386186672  4.46362950153  4.53033635456  4.5881733859  4.63834827467  4.68170296873  4.70447161176  

0.0  -3.20750296892e-05  0.000118613890216  0.00450399802607  0.0269162874385  0.0894196298311  0.206742096052  0.402165744581  0.706408925389  1.1653910826  1.8567495336  2.50135845431  2.9946506565  3.50398971248  4.13527698652  5.25938268328  6.72871791382  8.39422228077  10.1679761326  11.9791595833  13.7553058776  15.4247771081  16.9232285289  18.1986604819  19.1955564279  19.8582198368  20.2336373117  20.3965469327  20.4428644263  20.4906917206  20.6309897118  20.9382706477  21.4366003762  22.2752859645  22.9489807361  23.6990783908  24.4428964165  25.1779192316  25.9088832205  26.6383045567  27.3680676798  28.1006894468  28.538675713  

-2.15952111128e-18  1.79934723651e-05  0.00106159343815  0.00553792819371  0.0168108849749  0.0374570921106  0.0669418696363  0.107068888303  0.160218867397  0.230460473648  0.325242413316  0.407049028284  0.466512382561  0.52311390182  0.58577446204  0.681635137749  0.78450155965  0.877284140812  0.951832893655  1.00211800769  1.02236099438  1.00709098963  0.951273695506  0.849933931033  0.700247516888  0.512976675079  0.297072442688  0.0606861878426  -0.152002393275  -0.339907356894  -0.503937745406  -0.636028216219  -0.730418145904  -0.801950359153  -0.82985208356  -0.846529228669  -0.854466677263  -0.857153094306  -0.856542883254  -0.853772531136  -0.849561949757  -0.844386968353  -0.84099210044  

2.28181052838e-18  2.84377272588e-05  0.00193089279766  0.00969188012992  0.0230689393885  0.0395985503781  0.0582641740049  0.0811722119099  0.110678746791  0.149964794154  0.203911643523  0.251059291106  0.28577599069  0.320921035648  0.364221881368  0.44212648922  0.547717457969  0.674957534868  0.821884534665  0.987449679469  1.17002007098  1.36740089773  1.57740159219  1.79878029303  2.02807331126  2.25122475675  2.46763491545  2.68177627017  2.87098160103  3.05029429971  3.23516579778  3.43142894367  3.63743711356  3.90361627699  4.09258328642  4.29375367352  4.49061073792  4.68657579923  4.88553923602  5.09023727983  5.30308335348  5.52679469456  5.66620374823  

1.54329086809e-18  0.0010655669687  0.0176817007336  0.0515267047043  0.0907762893077  0.128663498214  0.165560095449  0.206746579753  0.255812485205  0.316286289939  0.392937560676  0.455623750347  0.499875900346  0.543352220845  0.595343662638  0.685235222989  0.801146181011  0.933936134128  1.08016333717  1.2378220553  1.4045198352  1.57733533872  1.75310838672  1.92887879932  2.09903742781  2.25031555361  2.37990239907  2.48738398758  2.56237629572  2.6157623711  2.65545614533  2.68626886058  2.71287976235  2.74629519684  2.77179156157  2.80124191605  2.83238034916  2.86547504833  2.90097664266  2.93924994192  2.98068329508  3.02579593213  3.05462834079  

0.0  0.0266530228008  0.108712285073  0.187989011869  0.25817209413  0.321887956032  0.382016216649  0.445162596716  0.514581800924  0.593597205965  0.687255209275  0.760634293763  0.811312771572  0.86041027134  0.918494881785  1.01798423559  1.14575593383  1.29298474402  1.45765892337  1.63946566008  1.83749873488  2.04978722346  2.27330823967  2.50418599733  2.73328649163  2.93831435384  3.10863472443  3.23453664414  3.29768929516  3.30918448085  3.27410452149  3.19788027582  3.09446598801  2.95167927099  2.85382029282  2.75650138049  2.66896754922  2.58925368068  2.51533358974  2.44591693109  2.38005259979  2.31690560146  2.28034859183  

-0.00819112010636  -0.00819137683904  -0.00820338671061  -0.00817142268222  -0.00807465199819  -0.00820302091548  -0.00870202344754  -0.00958249155524  -0.0108437282638  -0.0125137691948  -0.0146439595769  -0.0162954069492  -0.0173644148687  -0.0183160782274  -0.0193397922476  -0.0208674293612  -0.0224697848628  -0.0238889495363  -0.0250088373197  -0.0257433169518  -0.0260117442325  -0.0257454341291  -0.0248942281438  -0.0234236744024  -0.0213432914343  -0.0188423434519  -0.0160448926535  -0.0130028410787  -0.0101576344475  -0.00736569334459  -0.00440755541905  -0.00120819734171  0.00210200649715  0.00592312533518  0.00799198567435  0.00930430931648  0.00946353996713  0.00832816180688  0.00571496048872  0.00139716986312  -0.00488960369997  -0.0134606890383  -0.0197903838541  

0.812982888692  0.812983120112  0.812990537789  0.812985835917  0.812993670107  0.812930494532  0.812565153854  0.811678542902  0.810047929678  0.807392282188  0.803345285148  0.799771867073  0.797270759891  0.794920555842  0.792260244577  0.788026010267  0.783220768403  0.778615435099  0.774701637635  0.771952383431  0.770886256469  0.772036442014  0.775913907405  0.783011805805  0.793657523912  0.807217923599  0.823277093414  0.84178337897  0.860103964914  0.879081103865  0.900315669496  0.924617190147  0.951238473946  0.983930156194  1.0026463749  1.01503753068  1.01657009305  1.00484711114  0.976873678504  0.928925310791  0.856494189989  0.753997834492  0.676023120636  

13.3482649771  12.6962062505  10.660903641  8.69704428756  7.01127968635  5.57357902481  4.3437758604  3.22208698051  2.20807833147  1.32151574602  0.582256830942  0.184498889641  -0.0206749336888  -0.17762026855  -0.321907980914  -0.49486039248  -0.633914985832  -0.741413886306  -0.846820007836  -0.979450993719  -1.16059378013  -1.40079576378  -1.69987491089  -2.04929014987  -2.42788825724  -2.78882148572  -3.10454999501  -3.35248269319  -3.49441625242  -3.55820360999  -3.58668088832  -3.67233547612  -3.97814938603  -4.94436803037  -6.12397900682  -7.85769766457  -10.0038814683  -12.516268981  -15.3526450867  -18.4411949405  -21.6722348051  -24.887677759  -26.7006619664  

0.46467084134  0.464804911758  0.465511797219  0.465132609129  0.465736326661  0.4678677743  0.469553380686  0.469003194294  0.464607770949  0.455187604346  0.440348869849  0.428150704984  0.420315871501  0.413489817358  0.406308477988  0.395866093632  0.3852695917  0.376330793191  0.369908994485  0.36665333759  0.367096674211  0.371548688772  0.380003492273  0.392100940916  0.406788665319  0.421471107768  0.433723023336  0.440591871014  0.438738087929  0.426955655746  0.402666280594  0.364261371841  0.315010055993  0.251094480202  0.215114858236  0.193195239652  0.193708055105  0.219884586967  0.275197077185  0.36327065423  0.487493376466  0.650775492611  0.767163043069  

-0.0561786574262  -0.0560413148926  -0.055109618439  -0.0572135165982  -0.0628584658876  -0.0679949264802  -0.0704587832556  -0.0700689325368  -0.0668532105324  -0.0611098035111  -0.0534524080522  -0.0479148969515  -0.0446374436905  -0.0419468470906  -0.0392752313502  -0.0356791396769  -0.0324055665447  -0.0300187481524  -0.0286764476453  -0.0284299421471  -0.0292570865841  -0.0310389868389  -0.0335507149973  -0.0364672622308  -0.0393062253094  -0.041374390546  -0.0421517878256  -0.0410659775774  -0.037972308833  -0.0327406668725  -0.0247953614215  -0.0137704147316  -0.000233942688162  0.0178804898751  0.0293887325585  0.0388668196434  0.0441830884022  0.0446300342836  0.0394233725765  0.0276337839623  0.00823111477118  -0.0199337755968  -0.0413463578568  

-0.356383791909  -0.312027447511  -0.180607744843  -0.0419392156804  0.0961742534572  0.21588580841  0.307814338664  0.375811949943  0.417034336072  0.426638145428  0.398389059959  0.355712126843  0.320024275327  0.285329482154  0.247323032313  0.190211611994  0.130072464346  0.0760898923549  0.0314026558048  -0.0024051885317  -0.0240209142677  -0.0322900180402  -0.026194890487  -0.00465928597428  0.033093601491  0.0843502239138  0.1468419945  0.218669997209  0.285690239453  0.344758669807  0.390350311312  0.408936839253  0.385265793677  0.286323424752  0.176487160325  0.0359109620295  -0.110698160912  -0.249272705254  -0.365100513001  -0.439714323962  -0.45003661747  -0.367003118727  -0.258550870164  

-0.0429699342839  -0.0439917999329  -0.0604964324454  -0.0929269170774  -0.122773296242  -0.136588840196  -0.135710729742  -0.1266432767  -0.114870224758  -0.104181835836  -0.0958347452843  -0.091017707812  -0.0879189848003  -0.08491178241  -0.0813453241727  -0.0750801740523  -0.066337162426  -0.0549591686914  -0.0407654546378  -0.0241093223323  -0.00612084355482  0.0113121431575  0.0257160908099  0.0342143515591  0.0335936497813  0.0217764868239  -0.00189212056417  -0.0383572127688  -0.0819903288641  -0.13351547722  -0.197115711736  -0.275722457799  -0.367871039793  -0.49214699923  -0.575315956377  -0.650934952662  -0.705243659387  -0.73434285479  -0.734085024233  -0.699423404611  -0.624675700719  -0.503408216644  -0.406300325051  

-0.060049133414  -0.0571622648781  -0.0503058374364  -0.0343012176579  -0.00690299607591  0.0229031963766  0.0491025600139  0.0720728119544  0.0924721419394  0.111616677603  0.130800337994  0.143380272101  0.150512804897  0.156072648017  0.161168960053  0.166842664316  0.169520882655  0.167424320222  0.159820526132  0.14637742719  0.127190659703  0.10288983631  0.0746536823048  0.0441373432097  0.0139959757978  -0.0113562679822  -0.0294228231221  -0.0379716091026  -0.0352349586662  -0.0215192483029  0.00643225975496  0.0549952737847  0.131470539704  0.274643639002  0.407203292129  0.573675332944  0.756770574284  0.952078383013  1.15562676888  1.36133605003  1.56088633596  1.74339008068  1.83801212765  

0.115845791516  0.120873189709  0.138021114553  0.15218178834  0.155291228495  0.144746839928  0.120967388807  0.0822819743538  0.0268336271328  -0.0467325252976  -0.138951863124  -0.208949308365  -0.253925761619  -0.293146932591  -0.333649357343  -0.390907991454  -0.447865125292  -0.497704524285  -0.540124538893  -0.576005977668  -0.606052426593  -0.630635146092  -0.649795793568  -0.663214451763  -0.669942688694  -0.668858418037  -0.659320726213  -0.639857234987  -0.612986146707  -0.579101789107  -0.538083340253  -0.494320870274  -0.458833387429  -0.447620541751  -0.473475738288  -0.537530187019  -0.63843218339  -0.775222214618  -0.94713731952  -1.15165598051  -1.38350793263  -1.63357972055  -1.78497328942  

2.66530236908  2.66530236908  2.66530236908  2.66530236908  2.66530236908  2.66530236908  2.66530236908  2.66530236908  2.66530236908  2.66530236908  2.66530236908  2.66530236908  2.66530236908  2.66530236908  2.66530236908  2.66530236908  2.66530236908  2.66530236908  2.66530236908  2.66530236908  2.66530236908  2.66530236908  2.66530236908  2.66530236908  2.66530236908  2.66530236908  2.66530236908  2.66530236908  2.66530236908  2.66530236908  2.66530236908  2.66530236908  2.66530236908  2.66530236908  2.66530236908  2.66530236908  2.66530236908  2.66530236908  2.66530236908  2.66530236908  2.66530236908  2.66530236908  2.66530236908  

-1.56772810242  -1.56757042283  -1.56694892956  -1.5660985454  -1.56503806075  -1.56343761455  -1.56078000377  -1.55592741509  -1.54624658697  -1.523485384  -1.44570124593  -1.15493921502  0.233776002675  1.09474950048  1.27897885809  1.36299823569  1.395387485  1.41106480083  1.42419249811  1.44012805156  1.45919968916  1.47915795995  1.49770306951  1.51370772441  1.52687016533  1.53702725854  1.54496114494  1.55140590395  1.55626325665  1.56044639865  1.56465206683  1.56915132968  1.57343826077  1.57678602504  1.57732139182  1.57671676367  1.5755262256  1.57412324918  1.57265755457  1.57117514438  1.5696682471  1.56809204551  1.56709037125  

0.0  0.0266530236908  0.10871643563  0.188090792934  0.25872841755  0.323314406869  0.384249475946  0.447361898768  0.514674346825  0.587632832785  0.668165749109  0.726489514129  0.764334279273  0.799180238168  0.838268521737  0.900441640656  0.972782322111  1.04768329151  1.12306407565  1.19844401426  1.27366543597  1.34880085299  1.42428687535  1.50117538794  1.58002140345  1.65786432686  1.73600138077  1.81702540685  1.89181261356  1.96445674715  2.03905400353  2.11517886335  2.18947810137  2.27586380143  2.33103101914  2.38490215717  2.43346469382  2.47833403705  2.52085847326  2.56186754704  2.60196134131  2.64167250716  2.66530236908  

