1.76880856504e-19  0.826233783422  3.19236732076  5.49220891122  7.78017340387  9.80087899985  11.7823785983  13.529140485  15.2788012604  17.0972889046  18.9062132525  19.956637828  20.6948037449  21.327518151  22.4828640729  24.1126136858  25.9769911406  27.9692617664  30.0930524673  32.3121022774  34.5687795669  36.8719170215  39.1915831855  41.4196931414  43.5482914245  45.5079337614  47.4947687287  49.3929049536  51.1528822763  53.7534421853  56.0579032502  58.4071844265  60.3540821686  62.0151726978  63.5164279788  64.9232759731  66.2770258414  67.1797417034  67.9900701197  69.322928198  70.8724891787  72.3081289513  73.6272499489  74.7411254413  75.7272880399  76.6363918098  77.4913492985  78.3162369538  79.1407929277  79.9661482373  80.7925774188  81.6201246227  82.4486254774  82.9589046458  

2.79943760558e-20  -0.00113759482583  -0.0169829349809  -0.0502686705689  -0.100880693353  -0.16009950954  -0.231398585537  -0.305117462675  -0.389163664844  -0.48732012113  -0.595778790426  -0.663415033989  -0.712106099646  -0.753497554823  -0.826338779153  -0.921978261784  -1.02081181164  -1.1138612329  -1.19878988924  -1.27196260362  -1.33047534264  -1.3747723909  -1.40678165348  -1.43200046095  -1.45751936167  -1.48492780118  -1.51589387744  -1.54431819129  -1.56439624494  -1.57738372501  -1.57065063983  -1.54574228953  -1.51122945322  -1.47183963442  -1.42837952337  -1.38092567726  -1.32933255401  -1.29271045769  -1.26076469475  -1.21257244578  -1.16383279329  -1.12576601738  -1.09682342087  -1.07689105809  -1.06269059217  -1.0524682719  -1.04536636383  -1.04082224688  -1.03854566865  -1.03853579311  -1.04080070542  -1.04534996018  -1.05219163558  -1.05754447414  

1.22509804939e-19  -0.00275388733995  -0.0106404524832  -0.0183065117473  -0.0259337703404  -0.0326709476798  -0.0392782486547  -0.0451032704375  -0.050937388823  -0.0569959080225  -0.0629846075662  -0.0662499859617  -0.066746185928  -0.0650949133447  -0.0614675758258  -0.0561724323684  -0.0500736493484  -0.0435633757412  -0.0366693307759  -0.029581794246  -0.0226565885715  -0.0163626551899  -0.0121238330505  -0.0114449281118  -0.0131514271443  -0.015216109  -0.0160712743034  -0.0137264100986  -0.00907463058549  -0.000852893139577  0.00672631923251  0.0145137796985  0.0209797594006  0.0264960227847  0.0314731238281  0.0361093233203  0.0403854875353  0.0408413065247  0.038417866189  0.0340586394447  0.0289219510418  0.0241480434925  0.0197569159945  0.0160472433891  0.0127620795128  0.00973313790427  0.00688428011697  0.00413538055164  0.00138738409371  -0.00136345924397  -0.00411805461802  -0.00687654592996  -0.00963838657677  -0.0113395089201  

0.0  0.027535838094  0.106269368072  0.18270217917  0.259324232705  0.328602572511  0.399684059237  0.466883694005  0.540647976619  0.626564263383  0.723850528793  0.786589934069  0.833196677287  0.874489847186  0.951559928684  1.06121624204  1.18446758712  1.31006601521  1.43423315433  1.55167964265  1.65810538986  1.75467847342  1.84331633646  1.92610895586  2.00798465661  2.08767867984  2.17270642393  2.25537326007  2.32878446315  2.42453794483  2.49501847086  2.55672411757  2.6057832072  2.65085970397  2.69740681423  2.74819068961  2.80481759126  2.84646664619  2.8849637287  2.94595043015  3.00818202998  3.05504849065  3.08909854115  3.11221274051  3.12946802667  3.14364384154  3.15625776854  3.1684740236  3.18140323045  3.19572825448  3.21212437464  3.23127195214  3.25386046178  3.26977857291  

-1.06217545962e-19  -3.40087884266e-05  5.89470424709e-05  0.00220580173931  0.0102000914254  0.034614616967  0.0961094852886  0.195909501183  0.345902692994  0.559094942006  0.833069335422  1.02187844625  1.16719349891  1.3008901465  1.56365222371  1.96479489889  2.45142223157  2.98566996256  3.55287441897  4.12623083457  4.67600062068  5.19469661479  5.67584641872  6.11847536004  6.5589294597  7.01393923657  7.54941703781  8.1381049475  8.73575467986  9.63792522938  10.3747540332  10.9997366066  11.3975359795  11.6504597486  11.8192057407  11.9375428168  12.0279350584  12.082263685  12.133968443  12.2455078225  12.4472881121  12.7248799607  13.0658975415  13.4204975727  13.7860007899  14.1660625696  14.5614493783  14.9781388005  15.4297316004  15.9176275814  16.4431467836  17.0078256287  17.6134225085  18.0073686627  

8.31934175402e-20  1.98095885619e-05  0.000975062796577  0.00435601405953  0.011936294921  0.025393372275  0.0479247513538  0.0759587985185  0.110822104097  0.15325568461  0.201208895139  0.23156663275  0.253567028947  0.272040295607  0.303381760067  0.341283393002  0.375005668862  0.399607961806  0.413184951964  0.414138775951  0.402388031648  0.37938122976  0.350270930861  0.327185525468  0.320751897301  0.333020838271  0.361078127022  0.392550352264  0.412492000033  0.408073949738  0.363089557729  0.277054017341  0.178665031715  0.0796536659257  -0.017869136853  -0.11277037699  -0.203986309607  -0.26100313323  -0.301700228292  -0.341107554375  -0.346950445082  -0.320014418723  -0.273274421176  -0.220688755568  -0.165938703825  -0.109706466295  -0.0524255991836  0.006474886498  0.0686587992821  0.134067722087  0.202687341798  0.274578689848  0.349869844847  0.397981956484  

1.75012364216e-19  3.13706851973e-05  0.00181107976791  0.00901392858221  0.023381756489  0.0393251886584  0.0537348838591  0.0646555796727  0.0752812404303  0.0876644482841  0.102520663873  0.11257785443  0.120292334234  0.127423852518  0.14169125669  0.164465780663  0.194229123337  0.230237727969  0.273124397559  0.322507737635  0.377054209136  0.436708732723  0.500428704787  0.56508673618  0.630557454504  0.694799676251  0.764836970935  0.837507203352  0.910703903876  1.02847735635  1.13999836756  1.25708868475  1.35413410265  1.43550959323  1.50726042386  1.57270341876  1.63398382473  1.67384231076  1.70953575279  1.76820619868  1.83743730446  1.90435240252  1.96976739615  2.02891503294  2.08485793364  2.13978790145  2.19466187454  2.25077952451  2.31018492315  2.37314797735  2.43988476923  2.51059922276  2.58548475305  2.63373160718  

-1.82113003081e-19  0.00113759639467  0.0169477196494  0.0491782235635  0.0916970171366  0.12738165254  0.154623827367  0.174692274488  0.19534562001  0.220165145591  0.249262422274  0.268193406707  0.282294390264  0.295029422755  0.319728173398  0.357362064818  0.403998323105  0.457582393987  0.518424671257  0.585476475811  0.6566216373  0.731558960504  0.808794451453  0.884731067248  0.959843942406  1.03252151596  1.11107424958  1.191756376  1.27151316757  1.39480274424  1.50424133456  1.61011044579  1.68973105063  1.74992334093  1.79733478962  1.83543899704  1.8663447525  1.88395268496  1.89831312174  1.92034169276  1.94670678782  1.97531769516  2.00750959899  2.04026247833  2.074087989  2.10959650547  2.14696905262  2.18682005818  2.23049356078  2.27816291582  2.32997183765  2.3860652456  2.44659179324  2.48611721566  

0.0  0.0275391392627  0.106402333033  0.182985506871  0.258747155842  0.324641897122  0.387681364867  0.44193200731  0.495579706605  0.551495102321  0.608240732365  0.642003132071  0.666056219667  0.687167694039  0.726976730418  0.785887659661  0.857446995869  0.938917397149  1.03122027158  1.13300722603  1.24098523119  1.35423858838  1.4696938205  1.58115504324  1.68892435926  1.79078087607  1.89851534571  2.00727918493  2.11374322858  2.27785505257  2.42387910307  2.5648418215  2.66882566145  2.74392818196  2.79835503934  2.83617379603  2.8596507555  2.86817700484  2.87161657457  2.87131322188  2.86727673609  2.86563873296  2.86969018841  2.87913860773  2.89305083624  2.91101402697  2.93273746237  2.95837540594  2.98879741353  3.02423715144  3.06491037506  3.11103538108  3.16283530075  3.19763926379  

-0.00595817877222  -0.00595837945765  -0.00596989774852  -0.00600581621586  -0.00603516920191  -0.00601893270252  -0.00599690387191  -0.00605739612672  -0.00627545865776  -0.00671996983503  -0.00738444776603  -0.00784848300792  -0.0081905567003  -0.00849046712018  -0.00904885890533  -0.00984665193682  -0.0107542139957  -0.0116954003728  -0.0126474583581  -0.0135814127689  -0.0144862962584  -0.0154028530038  -0.0163531324134  -0.0172668623114  -0.0180343682279  -0.0185190219568  -0.0186748288355  -0.0184443586432  -0.0179192394386  -0.0168668981891  -0.0163058852584  -0.0173786764461  -0.0210232405417  -0.0274916734038  -0.0371737454952  -0.0505374599998  -0.0680697719419  -0.0824784898119  -0.0974991861943  -0.126369406015  -0.165493480676  -0.204905963418  -0.240497949157  -0.266606495038  -0.283370999304  -0.290306601621  -0.286104534115  -0.268734189677  -0.234347649221  -0.178237678989  -0.0948238114039  0.0224548680234  0.181233065464  0.303355071914  

0.436024843449  0.436025031646  0.436033754689  0.436053640556  0.436064111894  0.436062854506  0.436063944837  0.436046610976  0.435951219256  0.43568446363  0.435177361029  0.434765331293  0.434434811481  0.434127103563  0.433510960179  0.432535453446  0.431291362822  0.429848744529  0.428225813718  0.426464508592  0.424588378336  0.42251187342  0.420173023715  0.41774880743  0.41557297425  0.414117914362  0.413628648931  0.414401965985  0.416235324821  0.420096933105  0.422258905484  0.41783043627  0.402169491369  0.373309367498  0.328641053014  0.265054897979  0.17915360691  0.106870896079  0.0301516876185  -0.120619845081  -0.330859062666  -0.54869736907  -0.750376810796  -0.901478300146  -1.0002115826  -1.04165100431  -1.0160628033  -0.909154758518  -0.69495310485  -0.341248751886  0.190720455501  0.947177330262  1.98264571184  2.78587382855  

6.94903024176  6.5875985525  5.53667190686  4.51724338005  3.53268660361  2.71164386928  1.97623830103  1.40434073328  0.915979132178  0.504527065672  0.192075936656  0.0526256079484  -0.0280066679231  -0.0872705448145  -0.173530567193  -0.2521012028  -0.291895925413  -0.291217145455  -0.258623858905  -0.205526549431  -0.144212299509  -0.0829495948955  -0.0288755818081  0.0106095197716  0.0308124197018  0.0269328998229  -0.00789635186847  -0.0790777962772  -0.185833655247  -0.428685375322  -0.737786260898  -1.13462544092  -1.47931428853  -1.69751281747  -1.70743295359  -1.38192491874  -0.532816236239  0.468828003144  1.78707134991  5.11765060811  11.516394275  20.8749987459  33.4346630733  47.8209257587  64.0604666771  82.4073641701  102.971346353  126.121088316  152.698139692  182.827202272  216.466958325  253.358720352  292.942694278  318.248342247  

0.547924445557  0.548108881212  0.549779259263  0.551300044047  0.551679590007  0.551508066649  0.551841566197  0.55290764473  0.554364265532  0.555556811266  0.555851980945  0.555611120805  0.555338852677  0.55506017471  0.554379509041  0.552867839214  0.550167127131  0.546095959806  0.540500825235  0.533370577412  0.52473219653  0.514251355226  0.501813031393  0.48849446133  0.475862571303  0.466054057287  0.459604367093  0.457806776841  0.460072948941  0.469252908142  0.481978590068  0.499498193006  0.519657765897  0.54415128064  0.575555445705  0.616255666733  0.66828584606  0.710508316584  0.754288495622  0.838439238731  0.951207476557  1.05722462203  1.13344993195  1.15622985755  1.11856061913  1.00953471504  0.814904979804  0.513383617143  0.0667619827812  -0.565414957483  -1.43106714614  -2.58654552514  -4.09735604545  -5.2361471142  

-0.0450873476765  -0.0449000650424  -0.0428411455178  -0.0402480167304  -0.0393141464537  -0.0411344821199  -0.0451032133176  -0.0492420762696  -0.0527345729269  -0.0548397805441  -0.0553164755698  -0.055086375555  -0.0548328403847  -0.0545850153119  -0.054007620701  -0.052809217074  -0.050843999097  -0.0481412204011  -0.0447500284543  -0.0407924254846  -0.0363849851809  -0.0314614966928  -0.0260798179159  -0.0207376544554  -0.0159555031197  -0.0123242555826  -0.00977428296538  -0.00853357808576  -0.00830208292972  -0.00913792729223  -0.0110498050147  -0.0154791459725  -0.0236723185091  -0.0370463060739  -0.0574049445995  -0.0867940409423  -0.127493034739  -0.162579108619  -0.20065971856  -0.278189633371  -0.392563868319  -0.519798687447  -0.648529072951  -0.757699647828  -0.845704473607  -0.91028520005  -0.946690619508  -0.948749278057  -0.905904502543  -0.803267903378  -0.623014052285  -0.344097827392  0.0580122769865  0.37884472847  

-0.235576390333  -0.200176154215  -0.112516087595  -0.0445055591164  0.0117296683735  0.0551379056961  0.0912664079858  0.115671487022  0.130850821547  0.134240791856  0.122713273517  0.108750887179  0.0964021412691  0.0857360464949  0.0680901472646  0.0479380202829  0.0316753372617  0.0218177928296  0.0190975443781  0.0238221821861  0.0351124828875  0.05096345175  0.0668316992412  0.0750155751789  0.070636515863  0.0549766595233  0.0303560061956  0.00432575146251  -0.0159575371096  -0.0326746037805  -0.0320889240494  -0.0141548989844  0.0200023289176  0.0731543896269  0.154027247409  0.275644286199  0.455904477061  0.62167198095  0.808842004916  1.21420974703  1.88317014876  2.74876953032  3.79954649793  4.90397497868  6.0592852803  7.27370213888  8.54109394226  9.86722979425  11.2750454253  12.7382456162  14.2181677684  15.6626199802  17.0037369096  17.7415056635  

0.072748131883  0.0719204769764  0.0620575474449  0.0469721780257  0.0327789517238  0.0246802537731  0.0230179637319  0.0269291022027  0.0342619743307  0.0430133777013  0.0512696476793  0.0557003280375  0.0586080455443  0.0609155149441  0.0643842443759  0.0671581052917  0.0671342893982  0.0637621405376  0.057103528048  0.0475200704165  0.035740064371  0.0225162179868  0.00913470644379  -0.00304840344414  -0.0146134043208  -0.0268236503255  -0.0429238245055  -0.0637801918324  -0.0889573875768  -0.134152331246  -0.169404815326  -0.16610883953  -0.0849549324992  0.0915866884807  0.385205934866  0.822986671246  1.43679029995  1.96837223202  2.5460849783  3.72189490543  5.45929843983  7.41361482358  9.44716592163  11.2645702541  12.8661841089  14.249384828  15.3773647032  16.2082590367  16.6723836453  16.6358243693  15.9384066374  14.3920995519  11.7790533129  9.53367723776  

0.0431882430906  0.036801467922  0.0172074104634  0.00197787483252  -0.00606815756444  -0.00793887171864  -0.00649883249672  -0.0030342418492  0.00259509482624  0.0108352131158  0.0209257952303  0.0270014833723  0.0309737936764  0.0340574286034  0.038702947172  0.0427071765044  0.0435011916713  0.0404510589485  0.0340773324749  0.0258021866902  0.0176373399767  0.0112414962791  0.00772217544681  0.00701339829712  0.00820992236373  0.0108669992689  0.0159821853366  0.0250654642668  0.0398990683487  0.0808635045701  0.145846805408  0.247567099835  0.355948544066  0.451912272566  0.518931594111  0.533789473255  0.463790695897  0.346227523348  0.172505588329  -0.301154080389  -1.25101252518  -2.65170413719  -4.51012435331  -6.59684454405  -8.90021366714  -11.4434799931  -14.2303148688  -17.2999084539  -20.7515281221  -24.5904203326  -28.8078354666  -33.3799004329  -38.2640714324  -41.3983744237  

0.325725464268  0.322657399134  0.318594921233  0.31898454451  0.320301204651  0.31972692714  0.315898208465  0.309062238586  0.298687865342  0.284376057596  0.26746157638  0.257103234431  0.249992601268  0.244185361434  0.23439917981  0.222228802014  0.210265192302  0.199428370974  0.189812860527  0.181665677172  0.175133803787  0.170010278286  0.166017634451  0.162634658863  0.159183072178  0.155630991681  0.151725577952  0.147472953812  0.142037279047  0.127314938352  0.101639837724  0.0556243630016  -0.00272884564423  -0.0680698409388  -0.136410278635  -0.201017323408  -0.250775147897  -0.267750499615  -0.266394807673  -0.212751496845  -0.0250648049648  0.334750325287  0.893701681599  1.59321083229  2.43062988666  3.4196214658  4.56986124839  5.90896706521  7.49864724858  9.36683729385  11.5398879071  14.0424640995  16.8963951255  18.8355934723  

2.75391403237  2.75391403237  2.75391403237  2.75391403237  2.75391403237  2.75391403237  2.75391403237  2.75391403237  2.75391403237  2.75391403237  2.75391403237  2.75391403237  2.75391403237  2.75391403237  2.75391403237  2.75391403237  2.75391403237  2.75391403237  2.75391403237  2.75391403237  2.75391403237  2.75391403237  2.75391403237  2.75391403237  2.75391403237  2.75391403237  2.75391403237  2.75391403237  2.75391403237  2.75391403237  2.75391403237  2.75391403237  2.75391403237  2.75391403237  2.75391403237  2.75391403237  2.75391403237  2.75391403237  2.75391403237  2.75391403237  2.75391403237  2.75391403237  2.75391403237  2.75391403237  2.75391403237  2.75391403237  2.75391403237  2.75391403237  2.75391403237  2.75391403237  2.75391403237  2.75391403237  2.75391403237  2.75391403237  

-1.56650929532  -1.56627393613  -1.56540514595  -1.56414876849  -1.56225463728  -1.55969847271  -1.55562496877  -1.54923298001  -1.53655424886  -1.50429779765  -1.38088556462  -0.930059018598  0.599823022589  1.11805125952  1.31574639522  1.37793209916  1.38862547184  1.3726296773  1.33098708338  1.25168330163  1.10534561011  0.822485342731  0.33947871051  -0.122275735277  -0.329268527214  -0.283057356725  0.0843660587232  0.708817174765  1.1215456989  1.37654872414  1.46073738882  1.49436220351  1.49985817547  1.48999629022  1.46236471299  1.38994257815  1.00235376842  -0.8493533151  -1.30448550989  -1.44795371387  -1.49906833483  -1.5217564013  -1.53484646037  -1.54292803817  -1.5486824693  -1.55318403044  -1.55690478607  -1.56014291322  -1.563122918  -1.56592188073  -1.56860606966  -1.57123947054  -1.57388963636  -1.57556230252  

0.0  0.0275391403237  0.106405752292  0.183067719245  0.259342477617  0.326717457366  0.392796054586  0.451055856697  0.509418874041  0.570075392888  0.630369671171  0.665263042364  0.689573711527  0.710501658311  0.748884071214  0.803108880975  0.865152498342  0.931427486103  1.00202443717  1.07569921102  1.15047999616  1.22656086112  1.3028485385  1.37592193223  1.44575394191  1.5100668234  1.57523232953  1.63756696831  1.69566811043  1.78193240638  1.85856247635  1.9367589914  2.00158792474  2.05690456446  2.10689054755  2.15370513565  2.19864099583  2.22835927551  2.2552076139  2.2995348519  2.3511323078  2.39895657979  2.44290708592  2.48002260693  2.51288447996  2.54317986541  2.57167197853  2.59916304809  2.62664417202  2.65415315362  2.68169928678  2.70928421835  2.73690267586  2.75391403237  

