-2.51238467042e-19  0.793013559253  2.87031339282  4.80843831788  6.58787122994  8.36478942541  9.92766272724  11.3495503914  12.8097416942  14.3534650186  15.9908798243  17.2532999834  18.4059750702  19.5523747882  21.1912496348  23.1892366331  25.4286656601  27.8778838004  30.414354332  32.9670468981  35.5645199916  37.7102702059  39.5544674871  41.2950336482  43.0601497534  44.9467000454  47.0493730079  49.428796694  51.8862143731  54.1704274375  56.3056622604  58.363860786  60.3887213701  62.4060666406  64.4311683277  66.4766997236  68.5682119409  70.7522264792  72.9924827566  74.9329690272  76.6478207087  78.2473655489  79.772981727  79.9025235437  

1.12330658256e-18  -0.00104768023274  -0.0137250856328  -0.0385174337712  -0.0722990462134  -0.116557648379  -0.164174167261  -0.214552605775  -0.273268851721  -0.342984614477  -0.425293414149  -0.49376424264  -0.557068128902  -0.617376664494  -0.696906211603  -0.782458745529  -0.863171368084  -0.933048041636  -0.98535767581  -1.01795302481  -1.03179790495  -1.03052724097  -1.02237223739  -1.01038781281  -0.99497272443  -0.974975443619  -0.947457424361  -0.907706451477  -0.855016778544  -0.794317743906  -0.727071247099  -0.65287884961  -0.571581112696  -0.483519663227  -0.38954959929  -0.290409656651  -0.184848112809  -0.0673809305683  0.0656272357071  0.193456608773  0.31674027128  0.440590635239  0.566723632578  0.577794536601  

6.28465820695e-19  -0.00264274825903  -0.00956525118077  -0.0160237564265  -0.0219531309295  -0.0278733354875  -0.0330787613853  -0.0378114081936  -0.0426636630105  -0.0477675500513  -0.0530385378829  -0.0560644493142  -0.0545906388956  -0.0513037990747  -0.046176006806  -0.0397777947129  -0.0325739284111  -0.024735546166  -0.0167519519396  -0.00902949211114  -0.00190191843518  0.00289014912096  0.00591185050899  0.00797845797145  0.00975494767421  0.0118489386511  0.0148510191972  0.0191681948199  0.0243448063048  0.0294624475534  0.0342553831148  0.0386676589055  0.0425800635331  0.0458088595988  0.0482373002065  0.050134608512  0.0524906720373  0.0567753296843  0.0630721915757  0.0692078096171  0.0748091917903  0.0800948784061  0.0851629220742  0.0855940313144  

-1.56720754942e-18  0.0264263099602  0.0955940569792  0.160223694292  0.219927912523  0.280272480914  0.334871990003  0.387064693534  0.444689933352  0.511960478581  0.592870135468  0.663282493703  0.73338098415  0.807215163057  0.91711559584  1.05404635646  1.20556587488  1.36164093516  1.50552268459  1.62708929898  1.72579418949  1.79130238279  1.84005775797  1.88294055768  1.92539869463  1.9706257754  2.02110499362  2.07869111517  2.14042455974  2.20279850165  2.26834775576  2.34015766651  2.41965637344  2.50632180746  2.59749535403  2.68916303155  2.77859128918  2.86754151873  2.95884773817  3.04152490058  3.11854098158  3.19369753078  3.26768960972  3.2740419052  

-5.78467413076e-19  -3.1589616846e-05  -2.44356640799e-06  0.00241160072471  0.0148141602868  0.0544503660786  0.127477900033  0.234709093544  0.392770317511  0.620404822304  0.938909939171  1.24369060042  1.57034150491  1.94343552861  2.55377999096  3.40712702835  4.4826427909  5.76504461283  7.15758070276  8.56245684398  9.92806231456  10.9657602227  11.7759400364  12.4695406507  13.1081512163  13.7291647277  14.3602412469  15.0106940735  15.6210069546  16.1392589141  16.5905703985  17.009537477  17.4251186453  17.8646594893  18.3548634325  18.9211853372  19.5891628802  20.3858930174  21.2944392351  22.1352937552  22.9055231468  23.6384441616  24.3446957085  24.4048164168  

-1.91324564442e-18  1.75533005593e-05  0.000745862664896  0.00359845786545  0.0107648537747  0.0255604515974  0.0460865056472  0.0708986710636  0.102364432395  0.142273300437  0.19229360543  0.236133183242  0.27862960866  0.321072725339  0.379993927144  0.446983236504  0.512982929462  0.570420172297  0.609150565315  0.622326883116  0.606122825655  0.570846573432  0.52782090644  0.480117329578  0.427800483308  0.369302392065  0.300776222472  0.21655928404  0.11938851509  0.0193662155201  -0.0805397227315  -0.178996048065  -0.273072152464  -0.358463296537  -0.430299297986  -0.485177696461  -0.524438863058  -0.556687969186  -0.593112377198  -0.631547032481  -0.66983626213  -0.707278397461  -0.742743219661  -0.745691179847  

1.60773201836e-18  2.77265046004e-05  0.00131608811484  0.00609233589764  0.0149618048748  0.0283973781923  0.0439722446671  0.0613484625627  0.0826562102376  0.109382972144  0.142916558657  0.172631414703  0.202995824824  0.236785235503  0.291574114743  0.369363177337  0.471972927496  0.604013607888  0.763344444706  0.946789760705  1.15592529725  1.34403691659  1.51538929861  1.68425149374  1.86163665707  2.05719057798  2.28168892557  2.54363106798  2.82293423193  3.09079138926  3.34877243596  3.60502621814  3.86536338975  4.13429822447  4.41589191743  4.71479815387  5.03881878255  5.40166754098  5.80555954955  6.18514540271  6.54590647687  6.90558853059  7.27103715374  7.30312376758  

1.62308408268e-18  0.00104773281022  0.0137033281744  0.0379151122903  0.0685131116776  0.104119012262  0.138563630488  0.172545715723  0.210389702655  0.253975161471  0.304514859436  0.34653854227  0.387464793774  0.431096675973  0.498454916997  0.588562074854  0.700057958688  0.834463612588  0.986495644082  1.15088816887  1.32695755714  1.47635991578  1.6057404401  1.72744396898  1.84954881655  1.97786751689  2.11761980867  2.27089982619  2.42263595414  2.55626676357  2.67346255939  2.77857485086  2.87431670417  2.96280559239  3.04628370519  3.12757728516  3.21050508565  3.29984329669  3.39633296552  3.48428415866  3.56540546913  3.64409525464  3.72220881338  3.72899519518  

1.44283853788e-18  0.0264290372292  0.0956574532268  0.160211946052  0.219345891271  0.278223856532  0.330077546074  0.377640924906  0.427241329942  0.480930320363  0.539741266822  0.586536960567  0.630676086143  0.676499695653  0.745321647843  0.834727494781  0.942552133414  1.07006694216  1.21260971166  1.3658528961  1.52950844067  1.66791257673  1.7871066508  1.89830013283  2.00851291186  2.12222345595  2.24246052337  2.36789196335  2.48214447487  2.57080552955  2.63548130595  2.67925288317  2.70375379021  2.7104255194  2.70137345344  2.67962150391  2.64834398258  2.60917187189  2.56271678854  2.51622199509  2.46936065421  2.42036728609  2.36889690417  2.36432153506  

-0.053863779444  -0.0538653128027  -0.0539571708399  -0.054385793649  -0.0552499899583  -0.0563920958541  -0.0574427602473  -0.0584235100476  -0.05950624993  -0.0607814950003  -0.0622804303531  -0.0634833033713  -0.0645574558938  -0.0655846664848  -0.0669430993942  -0.0683419456344  -0.0694463639803  -0.0699718203995  -0.069749665503  -0.0689126459809  -0.0678076540286  -0.0670425187417  -0.0666788042618  -0.0666584667561  -0.0669798816674  -0.0677215497702  -0.0691028515804  -0.0715720635895  -0.075460254715  -0.0805845449141  -0.0868403329156  -0.0942165023153  -0.102648796551  -0.112006818732  -0.122112576289  -0.132799583304  -0.144027282069  -0.155948098844  -0.168297024964  -0.179005956732  -0.188424971273  -0.197157427935  -0.205447938324  -0.20615084475  

2.18357052029  2.18357186977  2.18362273507  2.18370596235  2.1835743219  2.18301564918  2.18216803204  2.18110146824  2.17963752981  2.17757268975  2.17473806682  2.17217761936  2.16968426958  2.16711525283  2.16342815034  2.15924840699  2.15560299106  2.15369788949  2.15462160377  2.15835837638  2.16372510276  2.16772979975  2.1697508971  2.16986236002  2.16786269968  2.16301745931  2.15349751606  2.13544629908  2.10520349817  2.06289270514  2.00828527347  1.94039492377  1.8586546846  1.76314102086  1.65452153546  1.53351277253  1.39947203606  1.24910215142  1.08398451599  0.932368163508  0.791855901213  0.654968607421  0.518512231982  0.506631698326  

25.6990892567  23.9761482199  19.5254337874  15.5573821005  12.1730423719  9.12751042009  6.77611575964  4.92438480774  3.31239918839  1.91871244149  0.766665107361  0.0877594614842  -0.393365824413  -0.759300017381  -1.11070428915  -1.31587205935  -1.33100227111  -1.17995635271  -0.928430115103  -0.650766793855  -0.398640318723  -0.241237178171  -0.153292366065  -0.112291968634  -0.10872171252  -0.138111448553  -0.195723780804  -0.270732181616  -0.338475514331  -0.379999754436  -0.393001081563  -0.376886178016  -0.331517653809  -0.263765411993  -0.198522980991  -0.193136093755  -0.35514744513  -0.872797829416  -2.00412522931  -3.67526552448  -5.82134883804  -8.47140367594  -11.6214785645  -11.9171965151  

2.226518563  2.22721352459  2.23275347637  2.23653132043  2.23348997807  2.22183398485  2.20426240087  2.1828920682  2.15660157878  2.12563293352  2.09182192996  2.06733960108  2.04759063978  2.03059055877  2.01078972047  1.99340094843  1.98197555096  1.9778168887  1.98000903975  1.98458028394  1.98581769965  1.97988681395  1.96765063512  1.94940718808  1.92432614978  1.89040208717  1.84358877627  1.77723742381  1.69006746771  1.58840103865  1.47317007909  1.34298672906  1.19734528492  1.03689822502  0.863570963161  0.680298551659  0.489893220261  0.294975480728  0.109434264941  -0.0276698319699  -0.119451843789  -0.170228565835  -0.178226881603  -0.176803951909  

-0.261895486002  -0.261159547162  -0.25214338681  -0.234911146696  -0.213695593866  -0.190159599327  -0.169063269412  -0.150196239244  -0.131581866176  -0.113262750425  -0.0961071735346  -0.0850818815861  -0.0769489906119  -0.0704812795214  -0.0635975324357  -0.0582370439543  -0.0552800802967  -0.0546663497033  -0.0556429789028  -0.0568456442085  -0.0568324107328  -0.0550600478238  -0.0520138485846  -0.0478905608798  -0.0426380952837  -0.0360392337614  -0.0276650341608  -0.016986306108  -0.00466422394744  0.007820384065  0.0201056993549  0.0321506627639  0.0438204072518  0.0549244925803  0.0652543121794  0.0746050691034  0.082778604705  0.0894588258742  0.0937562673326  0.0946779967153  0.0926434156716  0.087698613166  0.0796349130934  0.0787800241611  

0.0062233388229  0.212913805129  0.714472517269  1.12935042988  1.44454458689  1.66401327098  1.76621056112  1.78700035323  1.74206444089  1.62812645629  1.44097185342  1.25830367739  1.07823566679  0.903076346318  0.670132675341  0.420906785987  0.193327540421  0.0126900628892  -0.0958273789999  -0.125299697494  -0.0812838127779  -0.0013963237612  0.0860711129312  0.174667613376  0.264016164577  0.3560270391  0.454875906336  0.564572010066  0.675740524228  0.773109805294  0.852516926598  0.911232376637  0.94438206297  0.945425728992  0.907015682978  0.822360875177  0.685544151717  0.488720761941  0.229788108286  -0.0400274524565  -0.30823761241  -0.573475884024  -0.825204956805  -0.845901646157  

-0.428902768056  -0.433518446909  -0.48473469904  -0.542640441301  -0.538953002441  -0.469276549854  -0.384472097123  -0.309658406874  -0.244488715735  -0.190906350631  -0.149586438967  -0.126311170182  -0.109699302548  -0.09621800045  -0.0805469316303  -0.0647431610953  -0.049238653831  -0.0345465080486  -0.023524948192  -0.0195609144709  -0.025209866954  -0.0375618626509  -0.0529357893555  -0.0704002091382  -0.0898728628956  -0.111307533646  -0.134175803118  -0.156004806117  -0.170261568211  -0.172294299664  -0.161779053528  -0.13895360422  -0.104335594633  -0.0591004497961  -0.00515850332435  0.0552308163243  0.120400528675  0.190008769235  0.261744530566  0.323713862943  0.37866069679  0.43092889683  0.482927038839  0.487486895048  

-0.173999148453  -0.139619613787  -0.0356683956947  0.0829802702398  0.17846391112  0.229357523252  0.238283441333  0.227942064339  0.208749076264  0.186693478427  0.166807528307  0.155687590554  0.148811860874  0.144669512303  0.142178881577  0.141477251945  0.139110081692  0.130339002987  0.11296478014  0.0894068669886  0.0650487825374  0.0497587068403  0.0429808646496  0.0433202165538  0.0509288201433  0.0673319012513  0.0955901409328  0.139693588875  0.197128094384  0.25840685286  0.318742717197  0.375509950159  0.425927977617  0.467314857898  0.497682008616  0.516314124818  0.523902636074  0.522002380751  0.513174404515  0.503018192895  0.494186011722  0.487021485975  0.480946041323  0.480424850992  

1.95944566884  1.97173427749  1.98387542571  1.95603549046  1.88829234515  1.78197384232  1.66301920391  1.53996117499  1.40416521968  1.25593740732  1.10057382227  0.987957204142  0.896697091549  0.820279573593  0.73438213468  0.659538900698  0.603472299267  0.56340313795  0.534882156698  0.512912802009  0.494679004117  0.48263757923  0.474688440773  0.468978166226  0.46430528963  0.459690374575  0.454208886353  0.447200730983  0.439363105238  0.432181545163  0.426130451363  0.421122864142  0.416584116394  0.41108151318  0.402024472061  0.385845761179  0.358539184657  0.315015016745  0.248074166114  0.162246027655  0.0555869152926  -0.0774047462145  -0.239599570082  -0.25506798187  

2.64290380846  2.64290380846  2.64290380846  2.64290380846  2.64290380846  2.64290380846  2.64290380846  2.64290380846  2.64290380846  2.64290380846  2.64290380846  2.64290380846  2.64290380846  2.64290380846  2.64290380846  2.64290380846  2.64290380846  2.64290380846  2.64290380846  2.64290380846  2.64290380846  2.64290380846  2.64290380846  2.64290380846  2.64290380846  2.64290380846  2.64290380846  2.64290380846  2.64290380846  2.64290380846  2.64290380846  2.64290380846  2.64290380846  2.64290380846  2.64290380846  2.64290380846  2.64290380846  2.64290380846  2.64290380846  2.64290380846  2.64290380846  2.64290380846  2.64290380846  2.64290380846  

-1.56031700451  -1.55956369534  -1.55698005564  -1.55331901098  -1.54810663812  -1.53991486748  -1.5284354825  -1.51154514403  -1.48121324883  -1.41370994279  -1.18497584932  -0.269742052056  0.883633258055  1.16311622626  1.27809753254  1.31672513043  1.31560420328  1.28255203475  1.21147143793  1.08384952659  0.866019803657  0.623795329394  0.430968197799  0.324972690437  0.31390617212  0.387281272158  0.515400829565  0.647667431212  0.731208438096  0.756127802761  0.735632172658  0.674767047554  0.573505943998  0.440164081395  0.314365282003  0.283058382991  0.458166206287  0.841650510804  1.17327330509  1.33191824388  1.41034788451  1.4549508992  1.48263397596  1.48451803752  

0.0  0.0264290380846  0.09565944202  0.160252303889  0.21955785052  0.278780801235  0.330869425483  0.378255931559  0.426909381861  0.478318157764  0.53274885725  0.574448552963  0.612384981698  0.650339319741  0.704732268316  0.771099622585  0.845487004779  0.926800880747  1.01092706122  1.09545353231  1.18124659935  1.25191008072  1.3125102548  1.3696432417  1.42756388933  1.48948156118  1.55854107823  1.63678008614  1.71767749994  1.79292576743  1.86327769371  1.93107181197  1.99772348723  2.064068203  2.13061341753  2.19780469985  2.26653724586  2.33849063678  2.41265651415  2.47715275661  2.53427699737  2.58763420926  2.63857626716  2.64290380846  

