-1.96461822608e-18  0.482206088271  2.61942684859  4.59520653526  6.34469457031  8.16853637767  9.85314471801  11.0708691358  11.7344101227  12.3589075808  12.9091015562  14.0419077395  16.0145627834  18.1202752844  20.4391297288  23.0130878544  25.7785813646  28.6341380492  31.1941004649  33.4272905467  35.5101697432  37.0191441695  38.5360003546  40.4986525895  42.6418833083  44.9630587356  47.5106791775  48.4218703128  

-4.94695778249e-18  -0.000387255652571  -0.0114264101949  -0.0351615470029  -0.0670237011895  -0.111071352449  -0.161537279894  -0.203750744545  -0.228512354004  -0.252020653087  -0.272048305832  -0.310350181765  -0.367067342029  -0.413415424328  -0.447431976392  -0.464275620132  -0.45785289945  -0.424605943645  -0.371937804479  -0.308773458136  -0.238172466115  -0.187161039913  -0.14126162657  -0.0916487489721  -0.0505220937331  -0.0208726409654  -0.0028470502758  0.00173190457153  

-8.08353653244e-19  -0.00160664481329  -0.00872699035608  -0.0153082437581  -0.0211335953757  -0.0272006375557  -0.0327838618754  -0.036733821603  -0.0384149866922  -0.0374397108671  -0.0357458770008  -0.0320555616212  -0.0255297355671  -0.0185371614789  -0.0108289722837  -0.00227106438312  0.00691973926941  0.0163928069216  0.024826152123  0.0319010625563  0.0354272173894  0.0325922906045  0.0283647188547  0.0225258465388  0.016157430284  0.00978202617601  0.00530887546818  0.00503654010457  

0.0  0.0160682309921  0.087230846325  0.153073883273  0.211699291306  0.273473902837  0.33207852026  0.376300321553  0.401244135476  0.425278323976  0.446953434279  0.492488342431  0.573327583704  0.659397010691  0.750650795115  0.844065160313  0.932517300222  1.01090412778  1.07318866909  1.12586358126  1.17810098965  1.22006043408  1.26460714802  1.32196635116  1.38060247557  1.43800336768  1.49581909114  1.51582267111  

0.0  -1.24355969786e-05  -5.92946527224e-05  0.00184224597784  0.0119559130287  0.0480419581453  0.122786961807  0.209678101029  0.270054953829  0.335794252714  0.401477439547  0.558254526877  0.895100593722  1.33249438986  1.8873621893  2.56268991211  3.31469569925  4.06735312948  4.67856852397  5.13754328541  5.49287748852  5.71617376349  5.93258921391  6.2339638144  6.63380100448  7.19528508103  8.00313028267  8.34412113056  

6.38675472531e-18  4.02390416308e-06  0.000571417340948  0.00310229445921  0.00938751033498  0.0234645773012  0.0448806112924  0.0654167681884  0.078239729564  0.0909716012819  0.102364821748  0.125670574822  0.164287585113  0.20056827138  0.231910374838  0.252840421712  0.255214293981  0.232025634107  0.187027021471  0.12919509426  0.0639551162958  0.02065577724  -0.0110317894093  -0.0310601622115  -0.0256570289706  0.00943607105075  0.07419819531  0.100407797263  

3.67433417217e-18  6.22870596047e-06  0.0010004077181  0.00533200833296  0.0134705258316  0.0266747335949  0.0431106291435  0.05760887671  0.0664458123713  0.0754039901672  0.0839137857505  0.103225557804  0.142902556736  0.1944569161  0.263208304033  0.35528427006  0.473547764062  0.616921507752  0.763268266331  0.903661673358  1.04370136632  1.15080948842  1.26348129473  1.41620995115  1.59236204829  1.79588374337  2.03784346979  2.13012953407  

-2.0801727234e-18  0.000387312908616  0.0114160571985  0.0347122469815  0.0639565695711  0.0999550091289  0.136779020234  0.165521824105  0.181925199029  0.197894594442  0.21255102034  0.244307332167  0.304710003896  0.37650959538  0.464333255946  0.572150055206  0.698963279005  0.839694281597  0.971694028604  1.08887710259  1.19747136312  1.2755106127  1.35365644859  1.45465123463  1.56657150252  1.69302763394  1.84264536787  1.89983192699  

0.0  0.0160688822312  0.0872856601225  0.153090991052  0.211236959507  0.271657134916  0.327476709497  0.368041308718  0.390193987813  0.411135970937  0.429867095398  0.469052460096  0.539292953777  0.617326161579  0.707070878636  0.811155417382  0.92724012022  1.04951674976  1.15820332278  1.24926311678  1.32813715567  1.38116835013  1.43161281719  1.49394794269  1.56097734859  1.6361982201  1.72609706945  1.7607283742  

-0.0232445970484  -0.0232446990771  -0.0232652994597  -0.0233645655829  -0.0235276455205  -0.0237071251928  -0.0238393901321  -0.0239122239487  -0.023943840096  -0.023967901499  -0.0239849552109  -0.0240095012561  -0.0240346342992  -0.0240958154848  -0.0243403348986  -0.0250773199747  -0.0267899609745  -0.0300019988058  -0.0344425305485  -0.0396421651917  -0.0455633308846  -0.0504693248288  -0.0559128709598  -0.0636904154251  -0.0731541821061  -0.0845927855951  -0.0985088837782  -0.10378339234  

0.668333039293  0.668333133905  0.668345449544  0.668369557971  0.668353092941  0.668274270558  0.668172008576  0.668095604243  0.668056859783  0.668024555143  0.66799984568  0.667960749616  0.667913733444  0.667774257494  0.667122086834  0.66483882007  0.658708911054  0.645527780836  0.624970137808  0.598333460026  0.565207894677  0.535764048739  0.501194073957  0.448680507641  0.380372328637  0.292155541605  0.177572225629  0.132249660568  

6.83900904908  6.51785179753  5.10507255938  3.8386097154  2.77353459369  1.74337027175  0.882411642332  0.321433379961  0.0398534798926  -0.209798672262  -0.419383351008  -0.816104916262  -1.38927225844  -1.83016952377  -2.10651061868  -2.15829003603  -1.93648119559  -1.46299478797  -0.906869009863  -0.394391687765  0.0448520462888  0.313520313662  0.523648001318  0.681012072292  0.681676376441  0.482816216106  0.112721987266  -0.0176432243808  

0.68816673586  0.688249669877  0.689806889499  0.690977550747  0.690626181932  0.689270521829  0.687843925505  0.687013790682  0.686706266568  0.686536189647  0.686464638064  0.686421869087  0.68596390326  0.683406468633  0.675735923152  0.657936511058  0.623827683586  0.568556544255  0.500276952767  0.427261269415  0.350763127147  0.292303678199  0.233180143986  0.160279751567  0.0908181074921  0.0343019023054  0.00235599465269  -0.000133493647184  

-0.0618384541036  -0.0617536126877  -0.0594045060605  -0.0551025611781  -0.0511196675662  -0.0479886304087  -0.0461844492655  -0.0454466972642  -0.0452277927696  -0.0451302089113  -0.0451047482063  -0.0451171889022  -0.0449016016517  -0.043710468886  -0.0406442963216  -0.0346211617764  -0.0249300995689  -0.0118840566209  0.00142494467083  0.013132316584  0.0230120008933  0.0289705227288  0.0334741704667  0.0363893235606  0.0349353489369  0.026832753863  0.00896196916923  0.000100218531564  

-0.0100217987213  0.0197849138492  0.140375023768  0.236742349717  0.307102203779  0.357101974173  0.37841373408  0.379789212569  0.376266459323  0.371701541274  0.368152797019  0.363408580599  0.364654079654  0.379599887309  0.410289503472  0.456300693465  0.509799671605  0.555611267276  0.576084906889  0.569986956602  0.53886081872  0.495947643159  0.435022726489  0.337140776167  0.219782934866  0.101753027496  0.0133366654622  -0.00130132208143  

-0.10434406506  -0.104749429319  -0.116213716067  -0.134754916175  -0.144956800297  -0.143827001656  -0.136887170807  -0.131395263525  -0.128729111715  -0.126529195591  -0.124865542265  -0.122383070148  -0.121225801947  -0.124068175342  -0.130648364141  -0.138868830657  -0.14254069743  -0.131435900387  -0.0998305951144  -0.0498369066008  0.0182044023536  0.0813043165481  0.157069324828  0.273981394459  0.427666392524  0.627966084394  0.892322875642  0.998830978783  

-0.0702547763826  -0.0652117947537  -0.0403166963553  -0.0115780789091  0.0130492298605  0.0308981857173  0.0404125229596  0.0449749578289  0.0471184241099  0.0490735957096  0.0508235396283  0.0546255705197  0.0624161813911  0.0734632331781  0.090675720931  0.118285334219  0.159701610479  0.214371679842  0.269277009387  0.315687278232  0.351306289899  0.369091624028  0.377626197713  0.370835964514  0.334129181335  0.249195368481  0.0836492434955  0.00124874333107  

0.693170939635  0.696432467294  0.70675926677  0.707340712374  0.698366541732  0.679448928888  0.654704701552  0.633470096273  0.621078573787  0.609322302607  0.599183090175  0.579233137051  0.547154093049  0.515750739578  0.483508527761  0.449653888118  0.414758123998  0.379529662335  0.347761815224  0.318991152382  0.289515278829  0.262262423117  0.227455798597  0.173491391022  0.109475969893  0.0462180257898  0.00358396930625  -0.000300468440338  

1.60688822741  1.60688822741  1.60688822741  1.60688822741  1.60688822741  1.60688822741  1.60688822741  1.60688822741  1.60688822741  1.60688822741  1.60688822741  1.60688822741  1.60688822741  1.60688822741  1.60688822741  1.60688822741  1.60688822741  1.60688822741  1.60688822741  1.60688822741  1.60688822741  1.60688822741  1.60688822741  1.60688822741  1.60688822741  1.60688822741  1.60688822741  1.60688822741  

-1.55380383593  -1.55296665177  -1.54801381605  -1.54037208748  -1.52840718176  -1.5029085856  -1.43652815678  -1.21469144577  -0.32135266872  1.05181353131  1.29227411291  1.42474559583  1.48451030062  1.50506170811  1.51308641688  1.51276621038  1.50173457786  1.46861717497  1.38313278404  1.10509200734  -0.194391669159  -0.893086087318  -1.08041474016  -1.13338996579  -1.07831814377  -0.851380404827  -0.224982060259  0.0339869995296  

0.0  0.0160688822741  0.0872868084602  0.153122195817  0.211413435479  0.272171976848  0.328262885499  0.368736368463  0.390652605498  0.411212559588  0.429453689084  0.467112701656  0.532775376335  0.602896130594  0.680121445379  0.765840530637  0.857928457615  0.952989396413  1.03814600381  1.11226043119  1.18085614435  1.23052479107  1.28066302673  1.34563138724  1.41656544699  1.49323938915  1.57700930445  1.60688822741  

