1.19644351272e-19  0.793013434135  2.87031371921  4.80843906642  6.58787242571  8.36479098332  9.92766482834  11.3495530379  12.8097444858  14.3534680022  15.9908830029  17.2533162411  18.405993007  19.5523907419  21.1912683345  23.1892567202  25.4286873073  27.8779064252  30.4143766842  32.9670686842  35.564540967  37.7102858312  39.5544725888  41.2950234529  43.0601218732  44.9466538831  47.0493162788  49.4287855284  51.8863257023  54.170609521  56.3058476743  58.3640029694  60.388777792  62.4059854518  64.4308722168  66.4760684464  68.5670839878  70.7504642749  72.9922242109  74.9348372541  76.6507662763  78.2511533482  79.7775964659  79.9029029909  

1.30334263906e-19  -0.00104767990337  -0.0137250887725  -0.0385174458228  -0.0722990725909  -0.116557692055  -0.164174237201  -0.21455270657  -0.273268972096  -0.342984759555  -0.425293589953  -0.493765170891  -0.557069192465  -0.617377658495  -0.696907382982  -0.782460015252  -0.863172725766  -0.933049450898  -0.985359100632  -1.0179544702  -1.03179940731  -1.03052891412  -1.02237434567  -1.01039078304  -0.994977186431  -0.974982352887  -0.94746814718  -0.907721965041  -0.855036484382  -0.79434270403  -0.727103806984  -0.652921954991  -0.571639062157  -0.483599733975  -0.389665319388  -0.290586263479  -0.18512992292  -0.0678323078736  0.0650911789618  0.192910349313  0.316145444609  0.439947829998  0.566045099534  0.576744768298  

9.32138817045e-20  -0.00264274784401  -0.00956525227675  -0.0160237589378  -0.0219531349432  -0.0278733407278  -0.0330787684658  -0.0378114171416  -0.0426636725557  -0.0477675605917  -0.0530385512899  -0.0560644952548  -0.0545906674118  -0.0513038305144  -0.0461760286709  -0.0397778115314  -0.0325739397896  -0.0247355541198  -0.0167519609843  -0.00902950646552  -0.00190195892671  0.00289001755228  0.00591154000585  0.00797787311585  0.00975398290148  0.0118474734759  0.0148489514883  0.0191655767508  0.0243418631201  0.0294591238299  0.0342514649182  0.0386628059234  0.0425735752071  0.045799165989  0.0482211352896  0.0501061978672  0.052442001377  0.0567037160339  0.0629942780551  0.069133974855  0.074738055437  0.0800261611713  0.0850967497326  0.0855137494714  

-4.89308248738e-21  0.0264263058033  0.0955940678935  0.16022371941  0.219927952968  0.280272534647  0.334872065375  0.387064794376  0.444690049482  0.511960618309  0.592870309616  0.663283466351  0.733382168043  0.807216328219  0.917117101894  1.05404814694  1.20556796291  1.36164325512  1.50552511447  1.62709178344  1.72579671469  1.79130490336  1.84006036327  1.88294343756  1.9254021485  1.97063014885  2.02111065129  2.07869885851  2.14043450561  2.20280708822  2.26835063356  2.34015038267  2.41963353463  2.50627553165  2.59741181842  2.68901627101  2.77833449562  2.8671030176  2.95825482262  3.0408241483  3.11772636194  3.19279461154  3.26673462028  3.27287303066  

8.23744796428e-20  -3.15896079127e-05  -2.44347418646e-06  0.00241160293808  0.0148141755343  0.0544504189473  0.127478028353  0.234709335189  0.392770673337  0.620405334239  0.938910661107  1.24369493102  1.5703470758  1.94344125442  2.55378796468  3.40713729068  4.48265583672  5.76506043575  7.1575986092  8.56247645076  9.92808325341  10.9657801135  11.7759575534  12.4695562364  13.1081681381  13.7291896338  14.3602878591  15.0107946879  15.6211943246  16.1395233712  16.5908963571  17.0099124317  17.4255280912  17.8650840426  18.3552770199  18.9215544224  19.5894509758  20.3860925943  21.2955227257  22.1376052126  22.9085580125  23.6420210029  24.3487414762  24.4069011965  

9.65847998305e-21  1.75532924192e-05  0.00074586291337  0.00359845971415  0.0107648608953  0.0255604685746  0.0460865381917  0.07089872293  0.102364498973  0.142273385683  0.192293714724  0.236133789456  0.278630332062  0.321073424599  0.379994789846  0.44698421169  0.51298400467  0.570421298953  0.609151682222  0.622327961043  0.60612388113  0.570847867554  0.527823009816  0.480121124608  0.427807217872  0.369313936588  0.300795179811  0.21658731221  0.119424390358  0.019411040027  -0.080484069527  -0.178927908166  -0.272988788699  -0.358358211533  -0.430157039855  -0.484966240962  -0.524101626669  -0.556153022593  -0.592405547228  -0.630777426953  -0.66906158406  -0.706544465768  -0.742083685328  -0.744941243502  

-1.26026011524e-19  2.77264915085e-05  0.00131608856542  0.00609233868086  0.0149618124149  0.0283973920127  0.0439722681305  0.0613484980729  0.0826562548366  0.109383028841  0.142916630897  0.172631824001  0.202996328329  0.236785733631  0.291574789031  0.369364033  0.471974025451  0.604014977285  0.7633460476  0.946791586008  1.1559273193  1.34403865226  1.51539016794  1.68425094747  1.86163438751  2.05718650135  2.28168397547  2.54363196444  2.82295107075  3.09081974172  3.34880521292  3.60505801846  3.86538835451  4.13430786382  4.41587200003  4.71472410217  5.03865047424  5.40135257026  5.80546602777  6.18544528201  6.54643030433  6.90630658573  7.2719624413  7.30299821085  

1.19670164615e-19  0.00104773248054  0.0137033312937  0.0379151237469  0.0685131342896  0.10411904531  0.13856367897  0.172545781812  0.21038977854  0.253975250355  0.304514964336  0.346539106386  0.387465457687  0.43109730616  0.498455724514  0.588563038891  0.70005912127  0.834464976539  0.986497152898  1.1508898019  1.32695928583  1.47636137952  1.60574126573  1.7274438803  1.84954780846  1.97786589193  2.11761879199  2.27090437184  2.42265234146  2.55629284006  2.67349550663  2.77861346828  2.87436039584  2.96285383772  3.04633585012  3.12763278702  3.2105648826  3.29991469359  3.3965293874  3.48464755337  3.56588899436  3.64468294609  3.7228918788  3.72945990777  

3.42002714338e-20  0.0264290330711  0.0956574641512  0.160211971056  0.21934593109  0.278223908358  0.330077616327  0.377641014479  0.427241426486  0.480930426976  0.539741386296  0.586537579214  0.630676794701  0.676500353299  0.745322467431  0.834728449137  0.942553263654  1.07006825679  1.21261117026  1.36585449571  1.52951017239  1.66791411343  1.78710766458  1.89830041938  2.0085125777  2.12222300227  2.24246148172  2.36789922875  2.48216348047  2.57083488905  2.63552006888  2.67930219852  2.70381627184  2.71050549552  2.70147837421  2.67976508074  2.64855159897  2.609487192  2.56314503668  2.51674787741  2.46999283826  2.42109501114  2.36970054449  2.36528309063  

-0.0538637230467  -0.0538652564046  -0.053957114458  -0.0543857372701  -0.055249933482  -0.0563920392475  -0.0574427039549  -0.058423454428  -0.059506195072  -0.0607814413344  -0.0622803783234  -0.0634832651054  -0.0645574198147  -0.0655846285673  -0.0669430621291  -0.0683419040915  -0.0694463121896  -0.0699717497033  -0.0697495672183  -0.0689125128303  -0.0678074790893  -0.0670423044992  -0.0666785453071  -0.0666581424946  -0.0669794511601  -0.0677209425047  -0.0691019588428  -0.0715708076402  -0.0754587811167  -0.0805830306993  -0.0868389566641  -0.0942155394424  -0.102648631613  -0.112007930169  -0.122115490477  -0.132804839576  -0.144035557603  -0.155960900219  -0.168329462112  -0.179062864029  -0.188500910385  -0.197251295805  -0.20555952319  -0.206240543177  

2.18357235417  2.18357370364  2.18362456895  2.18370779618  2.18357615558  2.18301748262  2.18216986484  2.18110329987  2.17963935988  2.17757451725  2.17473989043  2.17217941181  2.16968605409  2.1671170393  2.16342993164  2.15925019738  2.15560481246  2.15369977901  2.15462360589  2.15836053591  2.16372746806  2.16773237276  2.16975372016  2.1698655684  2.1678665697  2.16302249263  2.15350454202  2.13545602969  2.105214966  2.06290452782  2.00829595179  1.94040202077  1.85865461185  1.76312910147  1.6544924929  1.53346136061  1.39939217952  1.24897908979  1.08361749159  0.93166968811  0.790885585548  0.653729208372  0.516993556308  0.505484809426  

25.6991250588  23.9761828319  19.5254635453  15.5574073749  12.1730635742  9.12752796365  6.77613002529  4.92439634603  3.3124086884  1.91871995765  0.766670760828  0.0877577410839  -0.393367755139  -0.7593009217  -1.11070532198  -1.31587263453  -1.33100223168  -1.17995544657  -0.928427905806  -0.650762312716  -0.398632121541  -0.241224996575  -0.153275902379  -0.112270365947  -0.108693553123  -0.13807489726  -0.19567679623  -0.270673975276  -0.338405826258  -0.379914109033  -0.392890302612  -0.376727009394  -0.331255482538  -0.26328705581  -0.197614192172  -0.191411275487  -0.351912761719  -0.86678087899  -1.99476677125  -3.66314000199  -5.80544578815  -8.45070568967  -11.5949234712  -11.8801984178  

2.22651854798  2.22721350932  2.2327534609  2.23653130233  2.23348995715  2.22183396258  2.20426237339  2.1828920306  2.15660153314  2.12563287416  2.09182185074  2.06733926658  2.04759029958  2.03059028125  2.01078947668  1.9934008103  1.98197557721  1.97781713921  1.98000954088  1.98458102121  1.98581863227  1.97988791141  1.96765203043  1.94940922974  1.92432947364  1.89040783568  1.84359888946  1.77725383478  1.69009071393  1.58843473765  1.47321987648  1.34305922798  1.19744880153  1.03704388256  0.863774364862  0.680581668988  0.490284306535  0.295498016544  0.109905166077  -0.0272901588466  -0.119083308465  -0.169862475234  -0.177872017755  -0.176503556327  

-0.26189555609  -0.261159617542  -0.252143457305  -0.234911221311  -0.213695677126  -0.190159693411  -0.169063367229  -0.150196336575  -0.131581965278  -0.113262847693  -0.096107265873  -0.0850818670075  -0.0769489836231  -0.0704813039569  -0.0635975768569  -0.0582371296096  -0.0552802187198  -0.0546665479785  -0.0556432308728  -0.0568459318071  -0.0568327083669  -0.0550603422407  -0.0520141608548  -0.0478909436359  -0.0426386336831  -0.0360400672067  -0.0276663741518  -0.0169882921877  -0.00466689240712  0.0078163906148  0.0200994619642  0.0321411018746  0.0438061322116  0.0549036438528  0.065224387215  0.0745627416397  0.0827195398291  0.0893776682611  0.0936507987838  0.0945425574346  0.0924732937964  0.0874908135657  0.0793869332785  0.0785574482703  

0.00622248738862  0.212912979011  0.714471955003  1.12935011727  1.44454450677  1.6640133766  1.76621080969  1.78700068959  1.74206484634  1.62812692248  1.44097236286  1.25830217071  1.07823373109  0.903074605578  0.670130450502  0.420904389873  0.193325129838  0.0126879098722  -0.0958290237339  -0.12530074195  -0.0812843320027  -0.00139704635002  0.0860689778043  0.174662493695  0.264006112949  0.356009454696  0.45484767468  0.564532086774  0.675691751688  0.773053019511  0.852454589455  0.911170756742  0.944331821957  0.945402909383  0.907043635555  0.82247615088  0.685812271244  0.489268226862  0.230536846514  -0.039123642235  -0.306993404379  -0.571791668639  -0.823014233981  -0.842980603761  

-0.428902956065  -0.433518634764  -0.484734917727  -0.542640701463  -0.538953261631  -0.469276774212  -0.384472271526  -0.309658536732  -0.244488824661  -0.190906436695  -0.149586502  -0.126311008248  -0.109699147451  -0.0962178864238  -0.0805468010642  -0.0647430227751  -0.0492385201966  -0.0345464439918  -0.0235250847376  -0.0195614335592  -0.0252110024814  -0.037563659533  -0.0529382187489  -0.0704032827776  -0.0898767058783  -0.111312434367  -0.134182337911  -0.15601399006  -0.170273058401  -0.172304985244  -0.161784963779  -0.138949602531  -0.104314637554  -0.0590530516689  -0.00507239195841  0.0553712707533  0.120616676405  0.190335079551  0.262301334006  0.324540854894  0.379733415571  0.432249285422  0.484500608435  0.488929865538  

-0.173999315554  -0.13961977288  -0.0356685026643  0.082980224236  0.178463921018  0.229357569003  0.23828350959  0.227942144155  0.208749169595  0.18669358349  0.166807642446  0.155687615614  0.148811915332  0.144669604888  0.142178995101  0.141477359634  0.139110126181  0.130338920062  0.112964549183  0.0894065369454  0.0650484929966  0.0497586486588  0.0429811382742  0.0433208529993  0.0509298371897  0.0673334011421  0.0955926151112  0.139699330518  0.197141511989  0.258429182173  0.318773563828  0.375548517417  0.42597223622  0.467360360937  0.497720493931  0.516331916818  0.523877703994  0.521896016869  0.512907926838  0.502523237712  0.493411823597  0.485906825446  0.479425531243  0.478884741763  

1.9594466715  1.97173529203  1.98387647866  1.95603655958  1.88829339893  1.78197485541  1.66302014103  1.53996201872  1.40416599097  1.25593808701  1.10057439235  0.987956573085  0.896696381377  0.820279063348  0.734381586643  0.65953845498  0.603471981735  0.563402966655  0.534882130041  0.512912901763  0.494679212363  0.482637864156  0.474688724664  0.468978279849  0.464304895247  0.459688817007  0.454204834069  0.447191439944  0.439344618161  0.432150496988  0.426083565801  0.421056547809  0.416494649279  0.410965160058  0.401877345765  0.385664421403  0.358325855228  0.314799063896  0.247879222636  0.162121074559  0.0556563860754  -0.0770247502753  -0.238790875933  -0.25369926642  

2.64290339265  2.64290339265  2.64290339265  2.64290339265  2.64290339265  2.64290339265  2.64290339265  2.64290339265  2.64290339265  2.64290339265  2.64290339265  2.64290339265  2.64290339265  2.64290339265  2.64290339265  2.64290339265  2.64290339265  2.64290339265  2.64290339265  2.64290339265  2.64290339265  2.64290339265  2.64290339265  2.64290339265  2.64290339265  2.64290339265  2.64290339265  2.64290339265  2.64290339265  2.64290339265  2.64290339265  2.64290339265  2.64290339265  2.64290339265  2.64290339265  2.64290339265  2.64290339265  2.64290339265  2.64290339265  2.64290339265  2.64290339265  2.64290339265  2.64290339265  2.64290339265  

-1.56031703008  -1.55956372331  -1.55698009113  -1.55331905748  -1.54810670081  -1.53991495778  -1.52843561304  -1.51154533881  -1.48121358653  -1.4137106845  -1.1849787116  -0.269737171749  0.883635939005  1.1631168702  1.27809794322  1.31672538465  1.3156043782  1.28255210081  1.21147111845  1.083847478  0.866010928716  0.623772903163  0.430928906846  0.324915952357  0.313831991083  0.387191855091  0.515303414123  0.647572420643  0.731115795334  0.756024671542  0.735499797308  0.674565983655  0.573146159786  0.439460947912  0.313011571692  0.280651185502  0.454524080724  0.83817138761  1.17153083967  1.33108410477  1.40985217311  1.45461491187  1.48238536866  1.48421321256  

0.0  0.0264290339265  0.0956594529458  0.160252328929  0.219557890523  0.278780853388  0.330869495845  0.378256020237  0.426909475597  0.478318258344  0.532748965621  0.574449094216  0.612385579251  0.650339852419  0.704732892634  0.771100293386  0.845487727693  0.926801636307  1.01092780765  1.09545425877  1.18124729353  1.25191058718  1.31251040047  1.36964286895  1.42756291678  1.48947995945  1.55853908129  1.63677951586  1.71768087808  1.79293138864  1.86328332548  1.93107589196  1.99772455699  2.06406445684  2.13060217954  2.19778181082  2.26649670449  2.3384263281  2.41263899709  2.47720435417  2.53436358296  2.58774824115  2.63871738319  2.64290339265  

