-1.5021902022e-17  0.796469177586  2.71158856732  4.50594305938  6.29112300047  8.33629056742  10.2353383782  12.2017290817  14.3871394796  15.8078501032  17.1707092582  18.6340572181  20.4158480702  22.7551651339  25.2744300499  27.8508841318  30.4482104321  33.0616894399  35.7058405581  38.4233508832  41.2093730793  43.8043586989  46.2765533183  48.7075308391  51.100715065  53.4885264786  55.4533414787  57.8092998044  60.1734352898  62.572714725  65.1858897122  68.1345702084  71.5952862202  73.8980116674  75.3926016617  77.4814471829  79.8066614453  80.0253344351  

-9.84237244009e-18  -0.00105613128085  -0.0122402065825  -0.033796492433  -0.0658727211075  -0.115640598219  -0.1742764544  -0.247527304647  -0.343565713444  -0.413263769193  -0.48160807762  -0.55090336231  -0.626710523093  -0.71092041257  -0.781752943247  -0.832731712467  -0.862092004016  -0.869289706758  -0.853776982759  -0.814004480303  -0.74830704786  -0.664736422329  -0.565730661232  -0.451747666139  -0.329121894966  -0.208839153333  -0.118924342867  -0.0254009432154  0.0514722916291  0.111528851223  0.156087504229  0.180198013325  0.173573088899  0.149600786541  0.128128041079  0.100316983713  0.0827801711761  0.0819900770002  

-1.9975925231e-17  -0.00265307506386  -0.00903169480457  -0.015006836123  -0.020949416737  -0.0277524728346  -0.0340581638289  -0.0405535338421  -0.0475736224823  -0.0510969595602  -0.0497378089319  -0.0455329970472  -0.0398973905661  -0.0323105148366  -0.0240651296693  -0.0156023103789  -0.00705936023522  0.00153711472244  0.0102237785534  0.0191226736069  0.0281779085626  0.0364664902482  0.0440126475345  0.0503226171225  0.052597436103  0.0487341968824  0.04345515525  0.0363731382656  0.0289600074659  0.0213114890197  0.0129326998365  0.00350667400058  -0.00725911860795  -0.0134615507427  -0.0150797655367  -0.0110665705528  -0.00397825876345  -0.00328066038437  

0.0  0.0265356319942  0.090288561807  0.15007656722  0.209875606184  0.279196576342  0.345759003294  0.419820655238  0.512873005101  0.581726270756  0.654159926595  0.737106542349  0.841987725911  0.980853542335  1.12465086859  1.25805153614  1.37271238144  1.46514720969  1.53651784188  1.59318569807  1.64613756864  1.70515358347  1.78229353184  1.88489500383  2.00854452374  2.13476437455  2.22239713833  2.29646169051  2.33662496453  2.35032912629  2.34769086962  2.34165219894  2.3585094357  2.39967895788  2.44250416745  2.51360875943  2.58672167391  2.59266805466  

0.0  -3.18180064521e-05  -4.14414940734e-05  0.0016376893235  0.0113859001871  0.0534041805943  0.146844744258  0.319895830123  0.624037436361  0.894045258438  1.21147335171  1.61894419662  2.20012775087  3.08532830826  4.1596693271  5.34033823222  6.55603830693  7.73946570436  8.82788849161  9.7685374272  10.5004498721  10.9637506513  11.2398044347  11.4133075977  11.5665921585  11.791642205  12.0918735823  12.6334023334  13.3926300774  14.3857401288  15.7239657222  17.5753599205  20.2865199994  22.482609895  24.1012128055  26.6342461075  29.7464781658  30.0493426222  

-1.86250425386e-17  1.77641669451e-05  0.000631500055085  0.00291113715593  0.00910063140961  0.0252179761136  0.0508844268304  0.08834999213  0.142742990455  0.185059580896  0.228955402752  0.276277291763  0.331397224338  0.39659444508  0.4537988517  0.493665901456  0.509734446589  0.496510551249  0.448999209811  0.362235743833  0.23507232931  0.088309036782  -0.0664568207241  -0.218715313789  -0.348066008124  -0.42756883107  -0.445309670178  -0.416422794347  -0.346018166904  -0.244912202728  -0.110125932205  0.0682550095796  0.315888892583  0.507131408784  0.639761159352  0.814043379574  0.964287123916  0.975495658318  

3.03617095161e-17  2.80722308844e-05  0.00110899334795  0.00503133181704  0.0131511150023  0.028122635083  0.0474229299398  0.0732601958272  0.109845326073  0.138515197323  0.170031175002  0.209023806573  0.264143764715  0.35021222969  0.461634852056  0.596842569916  0.755394964655  0.936997516952  1.14156467908  1.37054554619  1.62058075824  1.86304767505  2.09945808502  2.33553321866  2.57199632713  2.81604774508  3.02627854744  3.2934880409  3.58331775394  3.90538023561  4.29462042999  4.79044414627  5.46243631423  5.97182117027  6.33209818306  6.88473083594  7.57916588358  7.64899378622  

0.0  0.00105642092028  0.012228272856  0.0334043892535  0.0629588542898  0.103462249494  0.145610928516  0.194119855788  0.25470946815  0.2981085739  0.342979882407  0.395416358801  0.465177035169  0.566670543454  0.688469256412  0.82584991661  0.976086562852  1.13676628629  1.30539632165  1.47990193054  1.65346265499  1.80409745848  1.93325446555  2.04444745694  2.13944521477  2.22490127342  2.293700071  2.38168113261  2.48327901724  2.60622069607  2.76818029391  2.99165425157  3.31724060843  3.57698495924  3.76579884441  4.0603441295  4.43096001219  4.46794500526  

0.0  0.026538391264  0.0903466708206  0.150103793278  0.209437910267  0.277188437584  0.340192565281  0.406265172517  0.4817286552  0.532315422017  0.582369601568  0.638662851463  0.710832299241  0.811919723314  0.92920327683  1.05820622511  1.1967725116  1.3428698496  1.49380844993  1.64617158796  1.79071500232  1.90552278516  1.98941483885  2.04278573574  2.06672236717  2.06873298715  2.06285402096  2.05812595104  2.06524555804  2.09082857435  2.14348555237  2.23645064822  2.39365282704  2.52859172307  2.62942225439  2.78857842571  2.98932442476  3.00935297829  

-0.0179594674375  -0.0179596380599  -0.0179668556938  -0.0179921823752  -0.0180646627969  -0.0183007427452  -0.0186963219431  -0.0192355032018  -0.0199233306802  -0.0203876183467  -0.0208233376486  -0.0212710185245  -0.0217719203654  -0.0223347618716  -0.0228050557003  -0.0231436477535  -0.0233701215271  -0.0235428409698  -0.0237507876447  -0.0241097894868  -0.0247416869638  -0.0256371052842  -0.0267745084566  -0.028119867228  -0.0295809390518  -0.0310809483596  -0.0322889383821  -0.0336660267148  -0.0349587472238  -0.03618394892  -0.0374280243996  -0.0387243018667  -0.0400909201255  -0.0408906392199  -0.0413529736853  -0.0419175284978  -0.0424092087944  -0.0424461694183  

0.311336821702  0.31133697179  0.311341185032  0.311347487316  0.311339391408  0.311225380655  0.31089139459  0.310244955169  0.309165778418  0.30829422745  0.307375620742  0.306329240464  0.305029099075  0.303386645031  0.30183585595  0.300583737191  0.29965193904  0.298864951497  0.297819556285  0.295838412814  0.292019502353  0.286121144309  0.277999474952  0.267613453599  0.255436832944  0.241969036397  0.230395443089  0.216377146092  0.202381109124  0.188337763011  0.173283514162  0.15673963597  0.138359082381  0.12716229604  0.120539186697  0.112288712688  0.104919761423  0.104356703161  

3.86686859837  3.61937963131  3.02561541185  2.48183847127  1.96706081237  1.42734372966  0.986063072224  0.594478692619  0.235107173106  0.0412919507419  -0.118722368042  -0.266990086571  -0.417396759055  -0.570860116764  -0.687990642764  -0.762148678517  -0.793343864273  -0.782136116602  -0.729588874648  -0.637835446601  -0.513899393956  -0.381968872464  -0.249206015643  -0.115039438181  0.0215048923326  0.165100069842  0.28799628553  0.433446924279  0.56320006684  0.659540808801  0.70170208949  0.646092149164  0.420176700508  0.174161753231  -0.0213988145114  -0.335123530885  -0.722942324807  -0.760430267186  

0.247144047433  0.247219098365  0.247695255272  0.247995021669  0.247887976111  0.246971086129  0.244986434332  0.241826325149  0.237592944767  0.234899252976  0.232664822207  0.230741203826  0.229090449815  0.22804237157  0.228184849564  0.229336279384  0.230891123597  0.231924347156  0.231248533753  0.227434396125  0.21904203761  0.20651555062  0.190354212503  0.170949880213  0.149353016691  0.126509093513  0.10774558116  0.0863084155089  0.0666624281072  0.0491249468262  0.0332022326634  0.0196813962043  0.0103329015761  0.00814169309545  0.00842427536755  0.0110295681474  0.0169496420942  0.0176655986498  

-0.0308829697049  -0.0308037948334  -0.030066715564  -0.0289823459641  -0.0277217043124  -0.0258036242244  -0.0235565268242  -0.0210948561341  -0.0186276164522  -0.0173575503163  -0.0164593151617  -0.0158129281731  -0.0153924467733  -0.0153097278528  -0.0156271458498  -0.0161624908391  -0.0166670507097  -0.0168807368331  -0.0165652548564  -0.0155271219897  -0.0136929032352  -0.0114186932346  -0.00896819484131  -0.00653252909302  -0.00431744564712  -0.00241864480107  -0.00113294899575  8.31716298043e-05  0.000984486988974  0.0016128062929  0.00199949606829  0.00208597199441  0.00174680281309  0.00128809032785  0.000906694045046  0.000272989214852  -0.00055574516382  -0.00063873074537  

-0.0581476065933  -0.0334783587559  0.0238744259742  0.0784176549479  0.131860277228  0.180364884055  0.205441333933  0.211234129912  0.19769094982  0.180239349381  0.16021414355  0.138731155802  0.114730154116  0.0885418229095  0.0685590019058  0.0578428409697  0.0571469689393  0.0660209480497  0.0832037588132  0.106920914733  0.134198216223  0.159007082249  0.179429554276  0.194302246652  0.201579421164  0.198689662151  0.188494230068  0.169038209849  0.144227193875  0.11616288204  0.0847778680831  0.0510329423217  0.0166744524932  -0.00204094673161  -0.0122761363704  -0.0240474185834  -0.0332138648012  -0.0338285548988  

-0.166616668696  -0.167148289297  -0.171953845346  -0.177212011957  -0.176910517115  -0.166818262425  -0.152233200686  -0.136548207528  -0.120842174713  -0.111867980545  -0.104084189293  -0.0964353227493  -0.0880306574795  -0.0784194009313  -0.0699953832472  -0.0638617249844  -0.06074275798  -0.0610432602294  -0.0646945089813  -0.0710274695098  -0.0784314741485  -0.0841047970735  -0.0867383289715  -0.0857406253032  -0.0812347565663  -0.074050323627  -0.0670281450092  -0.0582822532061  -0.0498389654096  -0.0419625503605  -0.0342727171168  -0.0266357556139  -0.0189292248389  -0.0145312391235  -0.0120056222514  -0.00888667757147  -0.00598828586834  -0.00575204426558  

0.0158767771516  0.0211229961363  0.0345377279182  0.0502009563325  0.0682268656066  0.0872487142512  0.100586309577  0.110252164498  0.117353562185  0.120331533128  0.122051493264  0.122717535965  0.121933146634  0.118387596075  0.111800647678  0.102984182802  0.0933334567083  0.0845627951706  0.0784676003147  0.0766946189092  0.0804035590413  0.0884475780776  0.0987691400952  0.109398127692  0.118235901271  0.123976662082  0.126012045213  0.125473031179  0.122251690686  0.116872160546  0.109129937044  0.0984127416914  0.0833362141441  0.0718327065821  0.0637563366029  0.0515411019774  0.0364535926563  0.0349462210157  

0.678430885181  0.677001522485  0.671704675135  0.6630114165  0.649027640606  0.625166885111  0.595850732824  0.559720580807  0.515125813818  0.485206011491  0.457273514027  0.429132068049  0.397811914053  0.361201430367  0.326693279444  0.295864946667  0.268768236495  0.245197411872  0.224959725612  0.207866242615  0.194158681674  0.184742007511  0.178602361593  0.17491910555  0.172411939008  0.168014085686  0.161113742232  0.148433278538  0.131365004733  0.110644953301  0.0857371711909  0.0569348314776  0.0254723102494  0.00760441308361  -0.0022239266169  -0.0136281084552  -0.0233281338517  -0.0240787805406  

2.65383921407  2.65383921407  2.65383921407  2.65383921407  2.65383921407  2.65383921407  2.65383921407  2.65383921407  2.65383921407  2.65383921407  2.65383921407  2.65383921407  2.65383921407  2.65383921407  2.65383921407  2.65383921407  2.65383921407  2.65383921407  2.65383921407  2.65383921407  2.65383921407  2.65383921407  2.65383921407  2.65383921407  2.65383921407  2.65383921407  2.65383921407  2.65383921407  2.65383921407  2.65383921407  2.65383921407  2.65383921407  2.65383921407  2.65383921407  2.65383921407  2.65383921407  2.65383921407  2.65383921407  

-1.54757826329  -1.5459910339  -1.54111380546  -1.53456449937  -1.52491065171  -1.50677624098  -1.47627595077  -1.41040146572  -1.17002101669  -0.384868466762  0.850848172993  1.19171449232  1.31567340126  1.37761219782  1.4065526467  1.42011558507  1.42455904003  1.42141401778  1.40944303937  1.38400266957  1.33456593867  1.24701475505  1.07783634847  0.685744923586  -0.144385180734  -0.815639120795  -1.05986728167  -1.20037117379  -1.2698639319  -1.30307015785  -1.31016790439  -1.27963226403  -1.12565866267  -0.705562280845  0.103126327774  1.01190644915  1.2854886071  1.29862878176  

0.0  0.0265383921407  0.0903480841012  0.15013167493  0.209607017325  0.277738195118  0.340988289142  0.406446657397  0.479064920487  0.525992081336  0.570817303865  0.619257584687  0.678407343851  0.756153363271  0.839916761505  0.925593070875  1.01196442204  1.09886859952  1.1867832542  1.27711825325  1.3696919703  1.45584667247  1.53779155549  1.61810001029  1.69676491191  1.7753485297  1.84028595065  1.91833607216  1.99675709016  2.07638923296  2.16313380781  2.26098905178  2.37569251156  2.45173630338  2.50081355051  2.56956576411  2.64658332795  2.65383921407  

