2.66769753755e-18  0.608194846145  2.77979790752  4.79664725882  6.6447538764  8.43935978177  9.96898698252  11.5330100144  13.1743168861  14.3888851264  15.1374251818  15.7494356708  16.3693375686  17.6647387824  19.7150821838  21.8917900286  24.2533979596  26.7961254628  29.4269380568  32.0873636068  34.8025780674  37.0729489088  39.0837072051  40.9726410124  42.7958065397  44.5837118301  46.3241521811  47.8597257354  49.6099911244  51.5810910398  53.7165327537  55.9594205948  58.2744517292  60.6927779489  61.0542737751  

-9.61964367583e-18  -0.000616265112808  -0.0128735381391  -0.0383301943218  -0.073555912033  -0.118650076198  -0.165550658182  -0.221548524406  -0.289013985447  -0.344541571377  -0.380716984714  -0.410380912818  -0.439565156773  -0.496711166176  -0.57596576145  -0.644885849819  -0.701869276956  -0.742501758976  -0.761920164793  -0.758162329053  -0.730081754816  -0.687826744634  -0.636179071932  -0.575609680737  -0.506424186857  -0.429747643755  -0.352049553919  -0.287095942652  -0.220374909489  -0.155733166891  -0.0986725890931  -0.0531104087336  -0.0202631766908  0.00362886103686  0.00690216526  

3.63442293219e-18  -0.00202687545698  -0.00926381809476  -0.01598486412  -0.0221432991074  -0.0281226597244  -0.0332174241321  -0.0384219988557  -0.0438640121094  -0.0478023119316  -0.0494931074399  -0.0482616933191  -0.0463289652297  -0.04209418965  -0.0353051421212  -0.0280741568383  -0.0202212290274  -0.0117629931361  -0.00301104456586  0.00583808644654  0.0148643243181  0.0224003924446  0.0290498993079  0.0352304230772  0.0409570601947  0.0452310985695  0.0444648976563  0.040863039866  0.0359350079141  0.0300956182391  0.0237331048312  0.0173010209981  0.0116831144862  0.00918952745985  0.0092372246115  

0.0  0.0202685023056  0.0925819011898  0.159831737552  0.221848363753  0.282839118296  0.336353556347  0.394051516219  0.459897927649  0.513491533196  0.548852190671  0.578994103524  0.610477447441  0.678274770426  0.788572943728  0.905417765713  1.02643728268  1.14433037658  1.24821804697  1.33288247504  1.40069470886  1.44827170192  1.48920116455  1.53190695819  1.58163365624  1.64176052889  1.71081193959  1.77542941562  1.84557720385  1.91307793752  1.96877891534  2.00927733242  2.03783261683  2.0617326961  2.0651974919  

0.0  -1.93626749475e-05  -2.62663662569e-05  0.00237689861585  0.015551895722  0.0570165846984  0.130014996481  0.251765590694  0.440581463992  0.626062517045  0.760869099183  0.883484203694  1.01983248342  1.34092977248  1.93971021743  2.67870690682  3.5722188194  4.59987314359  5.68105071309  6.73115733531  7.69388524634  8.37394134478  8.86259002076  9.22018474211  9.47795959754  9.66196892952  9.8013937003  9.92455272038  10.1053998596  10.4027518831  10.8721790772  11.5519924553  12.4637200992  13.6413203237  13.8361018408  

4.71219581656e-18  8.01287737603e-06  0.000679427425947  0.00356974555556  0.0111069144846  0.0263789854999  0.0467281857272  0.0745219506333  0.111159009325  0.143195930411  0.164865834394  0.183184666371  0.201785649718  0.23991219934  0.296582237793  0.349437597225  0.395164344912  0.426983350186  0.436388900169  0.417111289418  0.364024731889  0.292688906139  0.209895877228  0.117476507324  0.0181447826747  -0.083254908155  -0.17278532091  -0.230856895864  -0.267551762958  -0.272836257251  -0.241855862968  -0.177249613602  -0.086308026343  0.0199591616994  0.0354484247875  

6.48595853691e-18  1.25047187192e-05  0.00119586806622  0.00604926237802  0.0153223536982  0.0290613902663  0.0444346209414  0.0638272562108  0.0885581274801  0.110012704659  0.124591777215  0.137366659065  0.151225301499  0.183114069382  0.242099631155  0.317037238387  0.413783143773  0.536888267116  0.685395650547  0.857022154871  1.05285609713  1.23068101036  1.39710224266  1.55959502702  1.72080013169  1.88181085206  2.04116812571  2.18506465882  2.3530538599  2.54847219173  2.77043604215  3.01918684368  3.2975103262  3.61722884675  3.66801807036  

-8.22600846519e-18  0.000616294016817  0.0128560462541  0.0377367058078  0.069589204794  0.105700145899  0.139517036163  0.177131397166  0.22033146168  0.254962916537  0.277379794483  0.296415942335  0.316510902988  0.36090364948  0.437778569389  0.528352064586  0.636956025508  0.765323951241  0.909240754676  1.06385621752  1.22739590375  1.36508043792  1.48489794095  1.59340064943  1.69259255967  1.78317930636  1.86485192374  1.93281392376  2.00729271646  2.09072808158  2.1856212732  2.2959538214  2.42636433342  2.58454133056  2.61030201315  

-6.85650033619e-18  0.0202697789705  0.0926423590283  0.159821746513  0.221236203517  0.280698063241  0.331457723214  0.383826215298  0.439778367557  0.482107897691  0.508543981113  0.530476749371  0.553179459481  0.601946415884  0.682853651448  0.774038349815  0.879368339101  1.00007517025  1.13199545922  1.27049994426  1.41320952919  1.52934388765  1.62599394118  1.70823659251  1.776945988  1.83187881187  1.87286186959  1.90038868203  1.92516169042  1.9498021273  1.97895253663  2.01827717725  2.0725780129  2.14636566254  2.15889976941  

-0.026091230661  -0.0260915849931  -0.0261370791435  -0.0263829021992  -0.0268747329933  -0.0274409900188  -0.0278821845872  -0.0282914920516  -0.0287007024486  -0.028989859643  -0.0291531734479  -0.0292731100691  -0.0293814427606  -0.0295585699134  -0.0296781923805  -0.0295611883184  -0.0291680884486  -0.0285704272447  -0.0280745936078  -0.0281972817214  -0.0296066987748  -0.0322483426216  -0.0359539450393  -0.0406984315415  -0.0464155775611  -0.0529749234093  -0.0600874128254  -0.0668637092264  -0.0750516908448  -0.0848292240992  -0.0961623921401  -0.109041536072  -0.123495874288  -0.139815666258  -0.142350575707  

1.14754657678  1.14754689857  1.14757278657  1.14762205971  1.14754572927  1.14726381031  1.14690437252  1.14645187917  1.14587967081  1.14540243366  1.14510529723  1.14487326435  1.14465254635  1.1442646115  1.14397488234  1.14431190518  1.14557138875  1.14771662556  1.14969555247  1.14911139098  1.14206659953  1.12769839375  1.10600646163  1.0763225697  1.03823252171  0.991793364271  0.938391958025  0.884752982914  0.816562014648  0.730586084996  0.625198368376  0.498661291788  0.349006580307  0.171395820182  0.14303894261  

13.3264925484  12.6319912363  10.1894216363  8.02013983714  6.16351844871  4.51780706931  3.25653584201  2.10927748906  1.05946270987  0.380628772444  0.00351677596152  -0.283867120017  -0.558510813862  -1.07678476092  -1.75097916302  -2.28622223189  -2.67214706289  -2.87258549744  -2.85536318035  -2.62303566034  -2.19913552963  -1.74221221784  -1.29665344415  -0.871622090236  -0.476051229449  -0.115642569679  0.203210298276  0.455922985063  0.699205826682  0.888767020879  0.948982234605  0.808709652224  0.456000106514  0.00084200455279  -0.0568677559876  

1.16692465649  1.16714716721  1.17019790668  1.17249967197  1.17071435926  1.16468938351  1.15702511567  1.14785065697  1.13801406855  1.13148220138  1.12813918423  1.12590866803  1.12409931079  1.12169764325  1.12116932564  1.12384653469  1.12852597567  1.13230577296  1.12985134431  1.11440739317  1.0781506372  1.02739716466  0.964843448502  0.890616391664  0.805542838975  0.711236527282  0.61171217973  0.519981222075  0.415121666442  0.301917607811  0.191399230117  0.0960525339147  0.0276255997511  -0.0036796084256  -0.00443497117319  

-0.1137047394  -0.113473359977  -0.108628393116  -0.0985011399652  -0.0862764317837  -0.0743120560959  -0.065173360179  -0.0571945332125  -0.0504861031865  -0.0467550570006  -0.0450463793521  -0.0439912084338  -0.0431954659665  -0.0422649676837  -0.0422319906308  -0.0432690381016  -0.0446576493788  -0.0453460757832  -0.0439933973688  -0.0394561685395  -0.0309342467364  -0.0208554481485  -0.0101161075553  0.000946823368355  0.0118871376219  0.0222172640033  0.0313254183222  0.0381835723028  0.044140093481  0.0478836372357  0.0476561004702  0.0416898383671  0.028316942586  0.00548045894726  0.00123318788072  

0.122558388184  0.191430200086  0.415303927277  0.590219107174  0.710611006523  0.775577778914  0.786839660926  0.759242987642  0.692814922479  0.62229376432  0.571574200292  0.528743303635  0.486587493623  0.405132671087  0.297981626326  0.21675322873  0.168565532188  0.162755017242  0.202891666305  0.282433704057  0.39015378415  0.487951106107  0.570589070214  0.637410467775  0.686033727423  0.712917992239  0.7104219307  0.678093926427  0.609232053885  0.500592491878  0.361416602204  0.212287502253  0.0812063693225  6.78029739136e-05  -0.00514381055348  

-0.178302302697  -0.179478856267  -0.200946990335  -0.225738620497  -0.221640199828  -0.190844790195  -0.157818830353  -0.127125670601  -0.101699268726  -0.0873678642403  -0.0801942009586  -0.0751004311447  -0.0705378702914  -0.0627824605158  -0.0547311730508  -0.0513128486684  -0.0537804462373  -0.0641895243877  -0.0831045519583  -0.107931498602  -0.132868606191  -0.146438803312  -0.147253144615  -0.13438350588  -0.10688563998  -0.0646136789703  -0.00934340261152  0.0504431877115  0.130156866103  0.234079517484  0.36445055047  0.524074314432  0.717177413895  0.953525454933  0.992096950504  

-0.0705506244663  -0.0595117686164  -0.0127012956523  0.041151212461  0.0814317470517  0.0984051656742  0.0982930499601  0.0910273996393  0.0812974905036  0.0747977536594  0.0714509062952  0.0691041981834  0.0670543367952  0.0636913537973  0.0599498062486  0.056717055883  0.0536664433817  0.0527344370409  0.0586332659748  0.0772997320116  0.114339812951  0.160337067732  0.210738445713  0.263005443488  0.313682536432  0.358801211966  0.394142065182  0.415903865735  0.427854801023  0.422939079526  0.392747471835  0.327690033194  0.215006036047  0.0324198336634  -0.00184033660324  

0.948526001812  0.952378883956  0.95643465397  0.940542085283  0.905751698728  0.855511699485  0.803547537617  0.745256223212  0.682002706605  0.63600614285  0.608991815928  0.588423544793  0.56941315882  0.535513007279  0.495082285174  0.464760783332  0.440902727301  0.420889897825  0.403061632942  0.386395805258  0.370469519609  0.358266637903  0.348617424695  0.340766090653  0.334370243888  0.328612668198  0.319481501203  0.303139147583  0.272893225074  0.225445980115  0.16330300868  0.0956824929554  0.0374091635663  0.00729503719657  0.00673654408698  

2.02697791439  2.02697791439  2.02697791439  2.02697791439  2.02697791439  2.02697791439  2.02697791439  2.02697791439  2.02697791439  2.02697791439  2.02697791439  2.02697791439  2.02697791439  2.02697791439  2.02697791439  2.02697791439  2.02697791439  2.02697791439  2.02697791439  2.02697791439  2.02697791439  2.02697791439  2.02697791439  2.02697791439  2.02697791439  2.02697791439  2.02697791439  2.02697791439  2.02697791439  2.02697791439  2.02697791439  2.02697791439  2.02697791439  2.02697791439  2.02697791439  

-1.56100740552  -1.56046911198  -1.55797143493  -1.55434990319  -1.54899832575  -1.54043584686  -1.52801287255  -1.5038321854  -1.43616633945  -1.20693699676  -0.0241215170998  1.09473655133  1.31358868612  1.434394759  1.48625092844  1.50623544316  1.51627242176  1.52110779635  1.52167471336  1.51709866796  1.50358332123  1.4785092385  1.43303321  1.34144071868  1.11719368584  0.411649429233  -0.594698652211  -0.938083116677  -1.07822745755  -1.12553023475  -1.10183440257  -0.977617171384  -0.636091578605  -0.00120444892642  0.0797288073477  

0.0  0.0202697791439  0.0926440008244  0.159861558077  0.221456991912  0.281270543134  0.33225155872  0.38437280066  0.439043866908  0.479428492384  0.504141054093  0.524320804238  0.544891777806  0.587983415021  0.656259813121  0.728764944346  0.807431122321  0.892126814356  0.979751647429  1.06835775363  1.15878052255  1.23437438752  1.30129691767  1.36410925836  1.42460684596  1.48361125956  1.54078152979  1.59142605342  1.64930654835  1.71456037916  1.78525399611  1.85941879376  1.93574243372  2.01512488773  2.02697791439  

