-7.39268782695e-20  0.79302581316  2.87443015266  4.82347920485  6.62569156501  8.50058063305  10.063475754  11.4704730995  12.9339900332  14.5083767793  16.1797632535  17.3113917051  18.3961747681  19.4970449018  21.1512148056  23.1658707672  25.4418308583  27.8991459451  30.3864598621  32.9036300241  35.3801897096  37.4431615101  39.2638985757  41.028820494  42.8763582014  44.9381142126  47.3807082009  50.2667520218  52.7875461718  55.1113762966  57.2490240773  59.2996186151  61.3140697773  63.3202273251  65.3345544951  67.3679394835  69.4321384944  71.533159843  73.5959385608  75.472956197  77.1922392778  78.8124515463  79.908251199  

-5.88055488266e-20  -0.00104774388083  -0.0137649514145  -0.0387602927408  -0.0731348924149  -0.120379112877  -0.168707395991  -0.219165208908  -0.278620677901  -0.350463432964  -0.435427006029  -0.497237032437  -0.557063596731  -0.615363240527  -0.696283914885  -0.783220847429  -0.865795153408  -0.936314334694  -0.988236655844  -1.02152531023  -1.03692872868  -1.03891911855  -1.03482305378  -1.02730268511  -1.01642849722  -1.00020845985  -0.973332172136  -0.927316059974  -0.872295340447  -0.808587346403  -0.739010856197  -0.662791346505  -0.579576997115  -0.489476697057  -0.392915201775  -0.290149316191  -0.180125316156  -0.0599474631556  0.0692676328409  0.198260256746  0.326516298701  0.456388746294  0.549213852052  

5.00834650535e-20  -0.00264283829167  -0.00957918038975  -0.0160743048661  -0.0220798849253  -0.028326962916  -0.033533013761  -0.0382168764196  -0.0430815048302  -0.0482885531409  -0.0536560166351  -0.0562913984192  -0.0548797374529  -0.0517215388698  -0.046537838795  -0.0400779996454  -0.032753500219  -0.0248990018559  -0.0171110145609  -0.00962262369681  -0.00315192127607  0.000963809183399  0.00344029465707  0.00515148166795  0.00684347484425  0.00926818374753  0.0132543105388  0.0192176617553  0.0250016771731  0.030454813792  0.0353651687735  0.0398156287684  0.0437770826763  0.0471689202311  0.0499917307249  0.0525613988377  0.0556868785062  0.0602720728535  0.0660868718513  0.0719586296436  0.0775366789414  0.0828701205147  0.0864995333939  

1.0344954147e-19  0.0264270023494  0.0957289141724  0.160710925512  0.22119487285  0.284988056836  0.33982751568  0.391777750749  0.449936672364  0.519164750746  0.602739096712  0.666270853096  0.732104715729  0.80263460544  0.912876906576  1.04999369176  1.20263219454  1.35744583803  1.49694574427  1.61619080822  1.71168955014  1.77792245633  1.8302020828  1.87822983827  1.92727546802  1.98088698951  2.04246140234  2.11318762487  2.17644471427  2.24033817478  2.30738531014  2.38130951569  2.46356228054  2.55354124341  2.64874612924  2.74559178041  2.8414672208  2.93658109936  3.03034407381  3.11815467238  3.20130057886  3.28170088692  3.3367336362  

-3.46393241956e-20  -3.15915782009e-05  -4.54411630707e-06  0.00231502700246  0.0143114209918  0.0560882513813  0.130325898889  0.237434630457  0.396430211856  0.629145511784  0.955146403158  1.2259410154  1.52610787284  1.8733546409  2.46901850344  3.30033828976  4.35418801078  5.589664237  6.89316976163  8.20843369802  9.44242341267  10.3932525826  11.1641962333  11.8521550673  12.517648986  13.2063370562  13.9617706343  14.7757631283  15.4139896001  15.9431035043  16.3890715119  16.7967889555  17.1998168197  17.6280642432  18.1093728145  18.6681166649  19.3234607405  20.0839142029  20.9124345468  21.7221985462  22.498701978  23.2525195542  23.7708649082  

-5.41062811004e-20  1.75540472052e-05  0.000746279314911  0.00356764599367  0.0106587682072  0.0263057478777  0.0471223132846  0.0718994696764  0.103579560787  0.144383938375  0.195528231836  0.234575998403  0.273973234326  0.314006848419  0.372206266875  0.437845504937  0.502258833738  0.556509937764  0.59112656741  0.601580490832  0.585977753876  0.555135063309  0.518167187254  0.477352393412  0.432034223497  0.37898924096  0.310067249643  0.213858392  0.113335209173  0.00794450116388  -0.0963023521044  -0.198141970998  -0.29457542105  -0.381565714948  -0.455077946558  -0.512818641378  -0.55661075196  -0.593267629075  -0.629539611118  -0.665704962758  -0.700904609519  -0.734407739105  -0.756446682483  

-4.91169847327e-20  2.77287386814e-05  0.0013218321045  0.00614944804797  0.0151868847517  0.0294318416916  0.0449093934325  0.061744558432  0.0824521598605  0.108776126139  0.141817167737  0.167348792894  0.194475174105  0.225112282659  0.277261906211  0.351315171523  0.449885431808  0.575071689287  0.722147485047  0.891531127663  1.07705890647  1.24442116449  1.40068906694  1.55895986553  1.73100858062  1.92997540052  2.17466791626  2.47602349903  2.74987981772  3.01092087295  3.2582978834  3.5024554652  3.74964397695  4.00441820394  4.2708997053  4.55344450955  4.85758843123  5.18932732334  5.54122790384  5.88725426104  6.22807019711  6.57196483215  6.8179341462  

-5.10864594927e-21  0.00104778914043  0.0137432548513  0.0381523794253  0.0691809554146  0.106496022758  0.140306374138  0.173028946629  0.209795694913  0.252886359793  0.303007300343  0.339527850534  0.376705280114  0.417049905983  0.482503939964  0.570069046916  0.679348865135  0.809316499514  0.952562809246  1.10769822832  1.26771605106  1.40437784231  1.52608517254  1.64410061541  1.76698704924  1.90278582234  2.06123605428  2.24354808155  2.3960670497  2.52864438512  2.64200202307  2.74201462604  2.83182702336  2.91376035345  2.99019741606  3.06388776923  3.13794789731  3.21514835128  3.29437632888  3.37006655532  3.44271463115  3.51443447937  3.56498977919  

-1.64476455426e-20  0.0264297473135  0.095795883927  0.160714640746  0.220595360528  0.282660626971  0.334421850442  0.381377795379  0.430964015188  0.485600361101  0.54555929568  0.587406613712  0.628745499009  0.672456640386  0.741424978439  0.830972008689  0.939877395883  1.06699520065  1.20555793711  1.3548300383  1.50838160702  1.63911332353  1.75498300809  1.8665525966  1.98151141926  2.10640243213  2.24776474791  2.40129541878  2.51817635636  2.6069036106  2.66901353457  2.70899134674  2.72890439979  2.73042377943  2.71575201711  2.6878173807  2.64967951063  2.60353233719  2.55190376326  2.49915106612  2.44562590667  2.39055548954  2.35087124855  

-0.0465303681159  -0.0465317123104  -0.0466093443858  -0.0469537244351  -0.0476567753861  -0.0487026897743  -0.0496948638311  -0.050663829874  -0.0517781619604  -0.05312757604  -0.0547149066681  -0.0558274176523  -0.0568728381922  -0.0579003816517  -0.0593473461795  -0.0608804934228  -0.062196515338  -0.0630200064478  -0.0632198743472  -0.0629274298121  -0.0624405064965  -0.0621117798924  -0.0619834467585  -0.0620246694162  -0.0622327753424  -0.0626777474173  -0.0636358063165  -0.0658224171235  -0.0691970470791  -0.0739010184707  -0.0797504030034  -0.08674763323  -0.0948424992312  -0.10392586539  -0.113850419036  -0.124466684222  -0.135676928638  -0.147407776142  -0.159143715025  -0.169924626601  -0.179825174737  -0.189150585616  -0.195452294222  

1.98101252307  1.981013713  1.98105824075  1.98113659574  1.9810590239  1.98059252621  1.97984017199  1.97884654453  1.97742233498  1.97534756358  1.97248360062  1.9702301742  1.96793391898  1.96550682995  1.96179296764  1.95744642589  1.95330876532  1.95044485093  1.94969034898  1.95094269068  1.95319573995  1.95482906465  1.95550406968  1.95526999211  1.95404161785  1.9512716047  1.94493465218  1.92942869005  1.90384315317  1.86597592751  1.81621213145  1.75349304298  1.67714316099  1.58701954237  1.48341399243  1.36674890607  1.23695484437  1.09364444689  0.942173268033  0.79532912546  0.653390275951  0.512900547548  0.413907625577  

23.6842629037  22.1197264984  18.0568311202  14.404956769  11.25630122  8.30462935081  6.14948702745  4.46872191449  2.98669034328  1.68822466111  0.623910296558  0.0715645995748  -0.346281594981  -0.673610373998  -1.00301571784  -1.18844097371  -1.18867294699  -1.03057429052  -0.788302251095  -0.529014126549  -0.310411221161  -0.179785820302  -0.111414204188  -0.0869687230854  -0.0992678122835  -0.145145969217  -0.219160993626  -0.300810063011  -0.349199832278  -0.370814739121  -0.371234691744  -0.353588386138  -0.319295782615  -0.275002944101  -0.242270168747  -0.269414959166  -0.443292445254  -0.896967333066  -1.76467669829  -3.0506005773  -4.73795301497  -6.83002831765  -8.53291489801  

2.05302495304  2.05366282875  2.05871945276  2.06240569377  2.06064748718  2.05144848288  2.0375116798  2.02026215147  1.99825720985  1.97132695965  1.94148550735  1.92232281846  1.90580303953  1.89099315744  1.87235640055  1.85511726882  1.84215557639  1.834675362  1.83178850007  1.83021932855  1.82580563155  1.81715974921  1.80469629988  1.78827011537  1.76690714849  1.7382496741  1.69644786456  1.63088775987  1.55286193611  1.45906041557  1.35206370965  1.23047684374  1.09410079023  0.943924877171  0.78208452914  0.611833724158  0.437309668061  0.26458712459  0.108303061007  -0.0128861275095  -0.096868029564  -0.143549855744  -0.152843259732  

-0.241443411439  -0.240771985426  -0.232812090074  -0.218233345691  -0.200614556052  -0.180077610005  -0.162197324089  -0.1459891224  -0.129450270366  -0.11261399643  -0.0966856366024  -0.0875870687509  -0.0803703538351  -0.0743764128501  -0.0674781170953  -0.0618021778595  -0.0581271465713  -0.0564409361017  -0.0560564507562  -0.0558273141273  -0.0546627244955  -0.0524318682025  -0.0493972065138  -0.0455998520142  -0.0408949955868  -0.0349165312984  -0.0268411244716  -0.0156202137251  -0.00410501129034  0.00783141147335  0.019596894388  0.0311552909791  0.0423160160018  0.0528159266238  0.062369538  0.0706797518037  0.0774175206223  0.0821216576962  0.0840976591903  0.0830145993707  0.0790070643273  0.0720068053112  0.0651933258516  

-0.137103946896  0.0528787925116  0.514342289771  0.898331928295  1.19688821117  1.41862944012  1.52074405261  1.54839579502  1.51651914792  1.41887510627  1.2510677519  1.10649158461  0.957337545497  0.808971515978  0.601559334432  0.380721391933  0.179223611885  0.023729394233  -0.0656877241937  -0.0884440317007  -0.0526065763278  0.00931370679896  0.0767399553001  0.145273199463  0.215911822104  0.293103779803  0.386330029108  0.503722621787  0.610334485025  0.704670633891  0.779962869375  0.834073390317  0.862711543133  0.860382277197  0.821283405186  0.740416922048  0.614298095436  0.440980063949  0.227892337526  -0.0002242161711  -0.23147209711  -0.458392433742  -0.608901099777  

-0.327245168867  -0.331503490517  -0.379699159136  -0.44046858546  -0.452147228656  -0.399722421939  -0.330431317319  -0.26754658451  -0.210939359534  -0.16322179543  -0.126421910995  -0.107942274822  -0.0937192074398  -0.0817689495233  -0.0671051185155  -0.0523747251552  -0.0379088342004  -0.0245590391802  -0.0149625987018  -0.0116095423378  -0.0162475004617  -0.0262696040479  -0.0391663594941  -0.0545301675007  -0.0728021563255  -0.0947898132495  -0.12119455961  -0.14887804532  -0.16493311054  -0.168412103952  -0.158847335014  -0.136443319874  -0.101458005679  -0.0547173869537  0.00229224811548  0.0676779327725  0.139716549559  0.217003295748  0.29558768145  0.368931938741  0.437808714686  0.504900804079  0.552058508775  

-0.159902601573  -0.133859769823  -0.0545249960115  0.0414582466263  0.125386962971  0.17612476612  0.1876327724  0.182229707574  0.169014826318  0.153144046241  0.139483144387  0.13331814766  0.129710010106  0.128012065057  0.128029239277  0.129298571879  0.128096220934  0.120042635844  0.10396836753  0.0822167436956  0.0604104266103  0.0459154034461  0.0380580945655  0.0359079451502  0.0399945603814  0.0526724588742  0.0794121890688  0.127989721893  0.184598405853  0.245793898375  0.305962665515  0.362977067278  0.414159865658  0.456731586864  0.488407409111  0.50787674207  0.514960087899  0.510345922088  0.496077288838  0.476470229724  0.454172138819  0.42971461517  0.410947823856  

1.71142658295  1.72308637898  1.73888077474  1.72222202249  1.67036458067  1.57901418967  1.47889362594  1.37507406301  1.25796060026  1.12691129754  0.988887817085  0.900711477194  0.824905026036  0.759354942379  0.681251278267  0.61277150084  0.560480609521  0.522948603646  0.496331766558  0.475709733452  0.459473135872  0.448822211127  0.441569887991  0.436079141718  0.431262920744  0.426165570283  0.419720107649  0.411222131771  0.40331412883  0.396044333309  0.389596519834  0.383500088792  0.376956202433  0.368546595368  0.356062404035  0.336671886536  0.307298239196  0.264435037052  0.204820753965  0.128758729473  0.0341320012831  -0.0822720108564  -0.177890650798  

2.64297481668  2.64297481668  2.64297481668  2.64297481668  2.64297481668  2.64297481668  2.64297481668  2.64297481668  2.64297481668  2.64297481668  2.64297481668  2.64297481668  2.64297481668  2.64297481668  2.64297481668  2.64297481668  2.64297481668  2.64297481668  2.64297481668  2.64297481668  2.64297481668  2.64297481668  2.64297481668  2.64297481668  2.64297481668  2.64297481668  2.64297481668  2.64297481668  2.64297481668  2.64297481668  2.64297481668  2.64297481668  2.64297481668  2.64297481668  2.64297481668  2.64297481668  2.64297481668  2.64297481668  2.64297481668  2.64297481668  2.64297481668  2.64297481668  2.64297481668  

-1.56097358674  -1.56027856644  -1.55789075206  -1.55450000303  -1.54963055588  -1.54148211151  -1.53041259577  -1.51416977121  -1.48433094878  -1.41472844916  -1.15756046944  -0.250972390192  0.883265456381  1.16488690809  1.28315622096  1.32005103416  1.31490990208  1.27407096279  1.18943892162  1.03423768879  0.782521088537  0.524768188369  0.34510989994  0.273409887212  0.308814633341  0.433735433241  0.603168027282  0.740498961592  0.790022218373  0.787167189899  0.749675965457  0.683947731344  0.59259320887  0.48675651963  0.402373503377  0.408552175068  0.578798772226  0.882962472933  1.14718203767  1.29916972271  1.38325545306  1.43320144499  1.45676472539  

0.0  0.0264297481668  0.0957978787334  0.160755963276  0.220822158238  0.283312479118  0.335404088524  0.38229685042  0.431064256834  0.483497441236  0.539052618737  0.576418910932  0.612122029268  0.648570255148  0.703475574389  0.770402243179  0.846005608  0.927583260713  1.01006076789  1.09336874782  1.17509634056  1.24296665361  1.30275259003  1.36066200842  1.42127762373  1.48895274225  1.56921830747  1.66420167379  1.74725526153  1.82384927507  1.89430048506  1.96185464259  2.02817500373  2.09417225335  2.16039656572  2.22723541  2.29513798876  2.36442834693  2.43273283148  2.49510113923  2.55235653576  2.60639322134  2.64297481668  

