4.96245190667e-18  0.420047016622  2.12115166009  3.78571762393  5.73127210698  7.81323303295  9.59784034055  11.4888159612  13.5662470548  15.7509965445  18.2325333272  20.7815594094  23.2123979422  25.7441378925  28.349898548  31.020770263  33.792044482  36.9126281551  39.806843567  42.1056311949  

-4.64125628254e-18  -0.000106627163892  -0.00289908436388  -0.00995004246248  -0.024850009408  -0.0499196196419  -0.0792382291468  -0.117623984855  -0.166184780348  -0.218903903514  -0.271811786732  -0.311826931183  -0.333831394879  -0.339060117924  -0.32550401096  -0.292328577012  -0.239062801079  -0.160182649671  -0.0738343490706  0.000834192467617  

-1.96203116324e-18  -0.000503066665008  -0.00281475113279  -0.0056316899125  -0.00958031308882  -0.0142330312733  -0.0181587365118  -0.0217101470588  -0.0238831491648  -0.0230009392752  -0.0185936795332  -0.0122674852814  -0.00560453595661  0.00151792177609  0.00874718134957  0.0157251770522  0.0220341250946  0.0274766169774  0.0310303162667  0.0325045256714  

0.0  0.0142228484291  0.0717665832946  0.127993950602  0.193744479105  0.264009626963  0.324296940714  0.389374593354  0.46406615918  0.54708820489  0.644958641807  0.745132786392  0.836204050802  0.923216602176  1.00286386044  1.07495734159  1.14344488807  1.22019494461  1.29695514224  1.36326192362  

0.0  -3.46162325892e-06  -6.86154393559e-05  -0.000151136740026  0.00217277894233  0.0237119941437  0.0798209499275  0.195296968833  0.402331876226  0.719007644553  1.19899994793  1.80754667476  2.47073112361  3.2140622827  3.99602339917  4.77349523563  5.51616834752  6.24745564291  6.83146270099  7.25267958834  

8.1688987807e-19  9.36128606744e-07  9.46995523241e-05  0.000535724926447  0.00291946855005  0.0121215712462  0.0281900581148  0.0532955290046  0.0886305600171  0.130964751628  0.179102115882  0.222128762911  0.252512451458  0.2694159161  0.268086215842  0.245179084681  0.19905929812  0.125978250282  0.0481214698262  -0.0132153278978  

-1.33895851406e-18  4.31713034718e-06  0.000555641165502  0.00313477477873  0.0104930656436  0.024459946816  0.0413880401488  0.064542166985  0.0969421342988  0.139952175082  0.201254066246  0.279569585474  0.370148806827  0.482126689364  0.616909342532  0.775800373947  0.962320782111  1.19714547877  1.43645949959  1.64045622328  

0.0  0.000303453127459  0.00773050234935  0.0244694511208  0.0544840876026  0.0949106750478  0.133901271187  0.179564786772  0.23578519186  0.302489221336  0.388098475142  0.48719773376  0.592194976096  0.711905750554  0.844988169239  0.989865135365  1.14644236885  1.32616487519  1.4922764773  1.62224580009  

-1.36262681908e-18  0.0142232976693  0.0718053276724  0.128099955527  0.193789926522  0.263884077684  0.323931136305  0.388044172414  0.459888307041  0.537854552173  0.630108994277  0.729568288829  0.829070323637  0.937197429586  1.05221801411  1.17205645395  1.29535627807  1.42802740412  1.54068164714  1.62101181744  

0.00673753728801  0.00673753632393  0.00673721631313  0.00673321181883  0.00672186229593  0.00676292910675  0.00689758878874  0.00712784648391  0.00744560286524  0.00782018134562  0.00826879412939  0.00873392806403  0.00916183002222  0.00956467973439  0.0098952049341  0.0100912398602  0.0100675733537  0.00964879205677  0.00876268146299  0.00763291619603  

-0.00121661967022  -0.00121661876731  -0.00121640774268  -0.00121497224891  -0.00121428531014  -0.00119619313566  -0.00109493755899  -0.000842407954163  -0.000375641488367  0.000321930388972  0.00134770132437  0.00262214208076  0.00398713634759  0.00545477649198  0.00681648289988  0.00771996519236  0.00758358734046  0.00511159631909  -0.000695818817329  -0.00878098319723  

0.0124678233211  0.0130389573283  0.0169102455048  0.0222452701772  0.0281124531099  0.0304368906005  0.0273572376161  0.0188437786969  0.00439345008138  -0.0143533454313  -0.0365041005753  -0.0561148108194  -0.0685346723684  -0.072794653556  -0.0676714733086  -0.0547405965977  -0.0381900291608  -0.0229353623914  -0.0134940589771  -0.000661106003315  

0.00911014695447  0.00911122719751  0.00914921299979  0.00922896511622  0.00924714255066  0.00917044903746  0.0092812044897  0.00973627786593  0.0106064364985  0.0117939246723  0.0132419185037  0.0145512561969  0.0153543442753  0.0154547401495  0.0145379794607  0.012405900544  0.00905449809712  0.00459750790593  0.00112174389993  1.38229616149e-05  

0.00255433831198  0.00255557211476  0.00260949886266  0.0028113366499  0.00322751860429  0.00351185081335  0.00342269931559  0.00308742404056  0.00260261892654  0.00209414799164  0.00162006286719  0.00131421199009  0.00122751175227  0.00135655684624  0.00169075983548  0.00215219837988  0.00257201038039  0.00260011899189  0.00171417354938  2.80959476067e-07  

0.0301049391465  0.0289971169869  0.0240356431991  0.0173090823777  0.00635267296028  -0.00603076957035  -0.0141416455167  -0.0194494039226  -0.0219764783316  -0.0218175902049  -0.0191162590943  -0.0144676922406  -0.00905832935353  -0.00322573743213  0.00208914077206  0.00585836625066  0.00714696819683  0.00518495397485  0.00157434649619  -5.12320462779e-05  

0.00324041033416  0.00324967925964  0.00306488317704  0.00143234607657  -0.00314446950141  -0.0102306046003  -0.0170202207342  -0.0241960149427  -0.0315949550156  -0.0386379376596  -0.0457299747426  -0.0521192984223  -0.0573716479791  -0.061748091678  -0.0645486148342  -0.0646832434793  -0.0604444092965  -0.0479266067394  -0.0262181154823  -6.84034837673e-05  

-0.0494074020021  -0.049531040372  -0.0498243484576  -0.0502753689328  -0.0523630465418  -0.0570087926198  -0.0615875175289  -0.0656533924169  -0.0685565305345  -0.0697596695073  -0.0690358247098  -0.0662640078424  -0.061886356751  -0.0556142778657  -0.0474052973821  -0.0373372340131  -0.0256591609355  -0.0124925611184  -0.00289789771255  0.00018609580752  

-0.20764424086  -0.205536423971  -0.197024294467  -0.188724746667  -0.178816782212  -0.167309963417  -0.156280263117  -0.143403710129  -0.128190162128  -0.111629784981  -0.0930237088122  -0.0748585345147  -0.0588299247012  -0.0437411699088  -0.0301515053323  -0.0185373558454  -0.00931994848489  -0.00280708032916  -0.000360646461401  -0.000112421084256  

1.42232976762  1.42232976762  1.42232976762  1.42232976762  1.42232976762  1.42232976762  1.42232976762  1.42232976762  1.42232976762  1.42232976762  1.42232976762  1.42232976762  1.42232976762  1.42232976762  1.42232976762  1.42232976762  1.42232976762  1.42232976762  1.42232976762  1.42232976762  

-2.78712450289  -2.77229605687  -2.67635029508  -2.55768867932  -2.44501882138  -2.40871694487  -2.4709869033  -2.65522066159  -3.02412137812  2.78977939933  2.41828528747  2.23211466701  2.16000377063  2.15205093233  2.20210488557  2.31548953587  2.4925632783  2.69781489834  2.84282247304  3.12427188464  

0.0  0.0142232976762  0.0718054343171  0.128103225665  0.19383200036  0.264113557311  0.324370106677  0.388299608691  0.458674473512  0.532734307087  0.616651587616  0.702596172706  0.784418570352  0.869588598645  0.95727547571  1.04725709146  1.14079823529  1.24635466249  1.34439214669  1.42232976762  

