-3.54689106502e-18  0.482109328882  2.1903781149  3.86010106214  5.7290229993  7.77471801777  9.54551441632  11.4492193617  13.6018618065  15.977285922  18.4320418936  20.6993970893  23.3767699529  25.7764018357  28.3188055869  30.9296244153  33.5863091064  36.2998722297  39.1370839423  42.3895300157  45.3587250341  47.784330704  48.4217043096  

-9.24588454753e-18  9.7791635758e-05  0.00124432923121  0.0011540151316  -0.00404023644278  -0.0188722807454  -0.0405872459671  -0.0734662979904  -0.12223745588  -0.188436794101  -0.264016926997  -0.32994531732  -0.393135537118  -0.432842683779  -0.456202269138  -0.459724973745  -0.442002945301  -0.402092280672  -0.3378229295  -0.2384849983  -0.127752610363  -0.0265337204005  0.00101541150693  

6.89055556351e-18  0.000379966478131  0.000626124408333  -0.00103936862327  -0.00468186889803  -0.00977443331375  -0.0145261708682  -0.0196437855217  -0.0250401453374  -0.0295065561652  -0.0301779146428  -0.026594466262  -0.0198195639903  -0.0129129659138  -0.00529452682505  0.00261678083017  0.0106004517977  0.0185065414349  0.0262167417608  0.0338642292554  0.0393993868553  0.0423388900556  0.0425610205324  

0.0  0.0163343604185  0.0741950721033  0.130675911032  0.193809272591  0.262472942332  0.32145428082  0.385491517073  0.461227510363  0.55265192313  0.658301511505  0.763338626063  0.888957147902  0.996382397302  1.09929253334  1.18971468225  1.26530734187  1.32903283765  1.38969913555  1.4670711616  1.55744414716  1.64802189666  1.6738525674  

0.0  3.09759820847e-06  -4.98991334547e-05  -0.000788716074534  -0.00121294723427  0.0134923973654  0.0604078697875  0.165175643492  0.368645860992  0.717212823789  1.23154456722  1.84621200764  2.7218620169  3.61143306378  4.61768924335  5.66574631415  6.68728390609  7.62403372922  8.43816335729  9.1395489894  9.59730137137  9.89989431918  9.97689959566  

-2.40006659073e-18  -1.18543593808e-06  -0.000106785134658  -0.000381750219069  0.000506055531418  0.00754887447614  0.0217909044362  0.0458424231135  0.0831214609549  0.135457195104  0.198481822549  0.257889347504  0.320414638874  0.363657739419  0.39140578614  0.396080156096  0.372200594698  0.315792348729  0.223511268107  0.0853412708732  -0.0541207564324  -0.16284270201  -0.188643896963  

-6.3465262277e-18  6.53665860385e-06  0.000612761170369  0.00332390112985  0.0104721666967  0.0240758003039  0.0406609248788  0.063693270948  0.097081702853  0.144449384342  0.206805262491  0.277884507239  0.380241061439  0.490528593226  0.627778323892  0.791182762414  0.980530788624  1.19652555915  1.44401458849  1.75019770056  2.04639246735  2.29876328684  2.3666845633  

0.0  0.000400249603083  0.00826240120372  0.0254938742981  0.0545550357205  0.094211556696  0.132762984519  0.178543584272  0.236688511909  0.309811027606  0.396126810205  0.485865695317  0.604513004985  0.722618493665  0.859345625423  1.01074117243  1.17369203135  1.34557894131  1.52586948412  1.72550081038  1.89491038451  2.02222941272  2.05409982861  

-7.16400239e-18  0.0163350332767  0.0742373410516  0.13079369727  0.1939508195  0.262828204838  0.322311894323  0.38657770946  0.460560477507  0.545192447379  0.637424720165  0.727686983223  0.841181823701  0.949601084105  1.07112200445  1.20188403035  1.3387363494  1.47837209139  1.61791486964  1.75969132053  1.8631969436  1.92583755236  1.93901626945  

0.00900660588607  0.00900660455027  0.00900616270596  0.00900008588325  0.00897875025306  0.00899885063987  0.00912123979483  0.00935470633213  0.00970097489289  0.0101434969419  0.0106416903782  0.0111236607507  0.0117071054324  0.0122326746054  0.0127739855366  0.0132817175509  0.013699988604  0.013958685216  0.0139596506783  0.013487587432  0.0124726208441  0.0111270353866  0.0106857602035  

-0.00677562958925  -0.00677562835114  -0.00677534392851  -0.00677326157229  -0.00677260457441  -0.00676207695575  -0.00666995761584  -0.00641347913991  -0.00590004642316  -0.00505800092037  -0.00389364708359  -0.00256818956528  -0.000714508056836  0.00118548651846  0.00337571891645  0.00566291820038  0.00774853589512  0.00916740317435  0.00915702676397  0.00592916889686  -0.00172111839519  -0.012766043637  -0.0165610021552  

-0.0124684409884  -0.00902650212271  0.0057458371228  0.0226777281272  0.0413115892491  0.056333357993  0.061834363759  0.0590423512454  0.0456756068164  0.020600676669  -0.0129792024104  -0.0468425753305  -0.0850053969065  -0.113033915343  -0.132341261402  -0.138411080963  -0.130085060896  -0.109689511438  -0.0823941776148  -0.0538106906685  -0.0333169276327  -0.010387563965  -0.00058611660005  

0.00787387795542  0.00787536276271  0.00792834109841  0.00804698557353  0.00806895661578  0.00787783252745  0.00785399165845  0.00824919999814  0.00926317727615  0.0109548568287  0.0131355983308  0.0153469156724  0.0179428876712  0.0199954399598  0.0215679849048  0.0221731107075  0.021379528794  0.0188664859635  0.0144741736897  0.00805913306381  0.00261759260327  0.000185415704829  6.11846896826e-05  

0.00390861361266  0.00391040432542  0.00398940686571  0.00430844754643  0.00497946634193  0.00559214234043  0.00568711504815  0.00541148879589  0.00484943719006  0.00411852695685  0.00336355750124  0.00272970839769  0.00211609031396  0.00173352967908  0.0015405249495  0.00159419108553  0.00189979339114  0.00239711285547  0.00293314652411  0.00315197913847  0.00241486151195  0.00066700853537  -1.9846868131e-05  

0.047403305304  0.0454290014477  0.0378242195454  0.0278298133936  0.0125191155969  -0.0055899656886  -0.0184220063606  -0.0280617858798  -0.0344909840569  -0.0375189238648  -0.0374958744956  -0.0353408841831  -0.0306879441609  -0.0249817924151  -0.0178390805827  -0.01000201794  -0.00243402227882  0.00372186352092  0.00723411878185  0.00670334273756  0.00293848886268  0.000200328123346  3.30003957985e-05  

0.0116779487285  0.0116991889547  0.0117313517599  0.0107310251065  0.0076961839418  0.00227559931562  -0.00380231363852  -0.0110249218065  -0.0191838213975  -0.0275595331308  -0.0352648804824  -0.0415134364966  -0.0479988050405  -0.0531723989434  -0.0580610452603  -0.0622892645771  -0.0652910608676  -0.0661180403854  -0.0631459287889  -0.0524356502514  -0.032989300894  -0.00804706800507  0.000108219574056  

-0.0431368509494  -0.043678875077  -0.0452504344643  -0.0469147522166  -0.0505501036353  -0.0574036074172  -0.0641678919442  -0.0705765299031  -0.0758842319478  -0.0792227551176  -0.0801781088359  -0.0791938926608  -0.0762352735548  -0.0722609311054  -0.0668442814104  -0.0599896969253  -0.0515957772478  -0.0415417853047  -0.0297283013055  -0.0157345198052  -0.00485801400309  -5.9150195486e-06  0.000260419521375  

-0.273399457183  -0.271267500684  -0.263490560799  -0.255683323684  -0.246590201904  -0.235496241374  -0.224343588707  -0.210581910983  -0.193051932136  -0.171915722986  -0.149125979969  -0.128348021963  -0.105167647365  -0.0860556454125  -0.067698938557  -0.050930093085  -0.0360594152649  -0.0232403603253  -0.0126283447357  -0.00443004444674  -0.000872729671881  -0.000242051300645  -0.000250686309353  

1.63350332635  1.63350332635  1.63350332635  1.63350332635  1.63350332635  1.63350332635  1.63350332635  1.63350332635  1.63350332635  1.63350332635  1.63350332635  1.63350332635  1.63350332635  1.63350332635  1.63350332635  1.63350332635  1.63350332635  1.63350332635  1.63350332635  1.63350332635  1.63350332635  1.63350332635  1.63350332635  

2.87148573719  2.94377227983  -3.01468055252  -2.67479426259  -2.39772442709  -2.24475275529  -2.20628446929  -2.24076492581  -2.38622637125  -2.75576585979  2.90233389191  2.44163552224  2.17383670963  2.06678579238  2.02043976319  2.01814758048  2.05547963669  2.13746720503  2.27361954104  2.46811574813  2.65092892691  2.95700937059  3.13062304396  

0.0  0.0163350332635  0.0742372136074  0.130790619753  0.193944004355  0.262909107863  0.322540458265  0.386650205208  0.459230606895  0.539545085123  0.622767703714  0.699495693486  0.789753409741  0.870446389527  0.955839547896  1.04349625779  1.13271829681  1.22393785122  1.31947400842  1.42924797237  1.52968321524  1.61188000334  1.63350332635  

