1.5299036687e-18  0.796015581073  3.13096299881  5.41486590793  7.53114304948  9.62766008  11.7908784733  13.7012112443  15.5529971312  17.3339204659  19.0900120976  20.1315653659  21.2378204869  22.4006813238  24.0939827857  25.9547437921  27.971326379  30.1491972293  32.4737568063  34.8582384096  37.2967343855  39.7033333349  41.9684664325  43.8633333319  45.6950670938  47.5185911066  50.3621042415  52.7733230785  55.1154147791  57.1169611798  58.8668496337  60.4691283354  61.9914036224  63.4934528717  64.7144950054  65.7416225761  67.1436815844  68.4921376023  69.6881583809  70.7518511155  71.7290162133  72.6452221305  73.5147338897  74.3466217597  75.1472428185  75.9213364122  76.6948718874  77.4700777729  78.246465109  79.0233282409  79.7997258598  79.9050629405  

-5.99018301613e-19  -0.00105576924388  -0.0163335877848  -0.0488551528492  -0.094508794408  -0.154458457045  -0.231677289897  -0.312838871361  -0.403106902662  -0.500623710204  -0.606709067147  -0.673080345534  -0.742809239283  -0.812624174805  -0.906762978818  -0.999589804059  -1.08754019714  -1.16781033818  -1.23692206404  -1.29091143507  -1.33106401522  -1.3620616178  -1.39008890417  -1.41393808873  -1.43437154719  -1.44762015821  -1.44843971812  -1.42858630845  -1.39090185089  -1.34427240227  -1.29261179549  -1.23641629585  -1.17522078968  -1.10798920534  -1.0523131952  -1.00873843829  -0.954796047671  -0.90904485792  -0.873518935459  -0.845921818377  -0.823889439349  -0.806120476542  -0.791843585829  -0.780542584007  -0.771844221439  -0.765465471891  -0.76108655685  -0.758699386539  -0.758316764986  -0.75994575928  -0.763584780374  -0.764233406566  

1.16241010106e-18  -0.0026529709616  -0.0104349164013  -0.0180469901524  -0.0251007948031  -0.0320891473855  -0.0392998776284  -0.0456663993814  -0.0518324529878  -0.0577395688743  -0.0633630539461  -0.0648225983492  -0.0621037572563  -0.0584874934796  -0.0530452035642  -0.0470169809977  -0.0404972094558  -0.0335316801854  -0.0263094108769  -0.0194992568601  -0.0142910167965  -0.0124561588491  -0.0128145712144  -0.0124757615263  -0.00968891984273  -0.00475616306711  0.0042873865608  0.0122307189214  0.0199969635501  0.026644861587  0.0324562325978  0.0377677880282  0.0427762552152  0.0471123360151  0.0441978725614  0.0408379312321  0.0361908235743  0.0317056818878  0.027723099083  0.0241794847071  0.0209233487481  0.0178699133857  0.0149718339219  0.0121989817287  0.00953022506546  0.00694980037849  0.00437115800672  0.00178687916139  -0.000801396025283  -0.00339130023412  -0.00597966836086  -0.00633084176258  

7.50660654577e-19  0.0265275115421  0.104217731788  0.180068760288  0.250724494685  0.32208566603  0.398939239783  0.471812483258  0.549446453058  0.63290856033  0.725594535812  0.785545960635  0.852198720782  0.923679207803  1.02753016306  1.13836730818  1.25196196301  1.36531794841  1.47513358272  1.57669612587  1.67167552695  1.76165216591  1.84746913058  1.92087504589  1.99152968312  2.05866170663  2.15273812209  2.22310969349  2.28781280489  2.34522184613  2.40073058025  2.45834237789  2.52058186457  2.58956286543  2.64864852739  2.69625795988  2.75445725185  2.80125580534  2.83509952873  2.85977332908  2.87872319172  2.89401314651  2.90698897575  2.91860923809  2.92959300412  2.94049870275  2.95212153419  2.9649295832  2.97935053846  2.99580493389  3.01470369063  3.01748069031  

1.20670102431e-19  -3.18109161475e-05  3.67737525752e-05  0.0019368851131  0.00725450346985  0.0242217773039  0.0759482067936  0.16990316905  0.31369955867  0.504763763975  0.746030842429  0.913648157859  1.11172777939  1.33804606307  1.68946993462  2.09129991328  2.53004016492  2.99386657171  3.46640745348  3.92054190712  4.35406581744  4.76730447772  5.17373813273  5.54980377557  5.95297257557  6.38383773316  7.05893244182  7.57597082255  7.99254894941  8.27324812683  8.46671672667  8.61093956457  8.72973951879  8.84081308799  8.93713595352  9.03596723551  9.21592881921  9.45175800029  9.71881205277  10.0040296286  10.3060585512  10.6240093602  10.956738164  11.3032239959  11.6626948091  12.0346322125  12.4304914926  12.8518645145  13.2991931096  13.7729146075  14.2734270756  14.343481894  

6.9220227466e-19  1.77460202216e-05  0.000921584860912  0.00412736665769  0.0103437057014  0.0221887470314  0.0441293643761  0.0729578857976  0.108437172334  0.148331177026  0.192352690053  0.21995942616  0.24805820818  0.274232365681  0.305253999942  0.32958790892  0.345062552226  0.350232546276  0.344169887528  0.327794460129  0.304780293056  0.285002028224  0.278864219674  0.284498527532  0.293093689379  0.294918336942  0.269490677034  0.215894835252  0.13686852336  0.0519679051289  -0.0316187452144  -0.112635088945  -0.190856391105  -0.266011480672  -0.314887157585  -0.337930202543  -0.344081086634  -0.326288274684  -0.29463364512  -0.25635803183  -0.214344153784  -0.170004592848  -0.124174088034  -0.0773596949095  -0.0298606998115  0.0181597345735  0.0680950618185  0.120046335577  0.173998799333  0.229967416962  0.287989000027  0.296029371137  

-3.13252897578e-19  2.80471424585e-05  0.0017085421217  0.00865742366103  0.0215969975977  0.0381779836053  0.0537647714488  0.064546092276  0.0739215645069  0.083793123138  0.0955107664089  0.103614974475  0.113354326231  0.124899127699  0.14402886884  0.168108828411  0.197631867631  0.233251936636  0.275213459261  0.322116592318  0.373798035664  0.428485168227  0.483765559354  0.533387301114  0.58487274846  0.639970155108  0.732919774238  0.816707292996  0.90040723683  0.97239147708  1.03498428656  1.09176135633  1.14520763472  1.19744339891  1.23998222143  1.27632021212  1.32712443269  1.37819036862  1.42611905236  1.47139411939  1.51556532648  1.55949355274  1.60363229507  1.64824938644  1.69352030905  1.73956972952  1.78791912971  1.83880515053  1.8923017012  1.94846328273  2.00732139643  2.01552292868  

7.07472270781e-20  0.00105579235633  0.0163034791144  0.04789248542  0.0871778592467  0.125158566101  0.154519858165  0.174105515146  0.192838225105  0.213771779573  0.238242963537  0.254513500583  0.27334946956  0.294790783039  0.328633440615  0.36899684713  0.416036885297  0.470196099898  0.531293960787  0.596897263656  0.666498389368  0.737612873282  0.807435263006  0.868760682603  0.931147795878  0.996245293122  1.10110354923  1.1893847722  1.27093686009  1.33518453342  1.38615316609  1.42809943164  1.46363126024  1.49457249659  1.5173029319  1.53570620796  1.56133077152  1.58835938233  1.61562061584  1.6432058203  1.67173122853  1.70149153051  1.73258849852  1.7650462791  1.79886050562  1.83401892281  1.87162946804  1.91186439576  1.95477666537  2.00040880164  2.04879026747  2.05557347411  

-1.83334672349e-18  0.0265304900162  0.104349798552  0.180403171111  0.25053537162  0.319052447857  0.387840435753  0.446612384915  0.502216459088  0.555230654871  0.6079042326  0.639498735257  0.673923524857  0.711381592793  0.768414491241  0.834758273665  0.911075029459  0.998361942821  1.09632918948  1.20071565556  1.30997948926  1.41932972195  1.52400838556  1.6137355983  1.70316905776  1.79501719044  1.94086448028  2.06171295983  2.17043959694  2.25199476717  2.31177488506  2.35533937039  2.38583078295  2.40500261562  2.41313409803  2.41644795214  2.41885051541  2.42204716468  2.42787136845  2.43667785857  2.44849531242  2.46325729525  2.48085189653  2.50115658781  2.524056418  2.54945194524  2.57813581576  2.6103063408  2.64607481177  2.68554091018  2.72878921865  2.73495788852  

-0.00655042666429  -0.00655054487629  -0.00655777100321  -0.00658240078122  -0.00660902631981  -0.00661356578785  -0.00660028774584  -0.00662971594592  -0.00676604782156  -0.00704255465114  -0.00745881556516  -0.00775366927892  -0.00808988238372  -0.00846242439505  -0.00902756083328  -0.00966406335129  -0.0103556003431  -0.0110919367673  -0.0118630669339  -0.0126471802416  -0.0134486604077  -0.0142064102858  -0.0147963787756  -0.0151113536082  -0.0152160062733  -0.0151385581062  -0.0148871537947  -0.0151069427443  -0.0167082357176  -0.0203132795369  -0.0262178850991  -0.0347388446578  -0.0462058622667  -0.0609568919795  -0.0753353167789  -0.0888097000111  -0.108043735709  -0.125345584381  -0.136990296714  -0.141629351645  -0.138374433085  -0.125986872164  -0.103004931066  -0.0678176736014  -0.0186862057606  0.046251496816  0.131767956875  0.24209310559  0.381741550143  0.555661571589  0.769163994775  0.80151366195  

0.275913567755  0.275913679527  0.275919340857  0.275934073332  0.27594511765  0.275946577617  0.275946155857  0.275940519942  0.275895174485  0.275761827263  0.275500462639  0.27528218533  0.275003937243  0.274661613857  0.274077863909  0.2733310894  0.272414714955  0.271318564537  0.270035379444  0.268586416187  0.2669540692  0.265267519544  0.263847916677  0.263039772994  0.2627576422  0.262981116546  0.263745743825  0.263015010146  0.257440468694  0.24425062386  0.221686450377  0.187833429011  0.14060288429  0.0777015036605  0.0144707165101  -0.0462755845888  -0.135282657607  -0.217646468421  -0.274485527759  -0.297592374746  -0.280957533224  -0.216728933035  -0.0957246284782  0.0922473489412  0.358309859832  0.714513678949  1.18942342458  1.8095330954  2.60375246719  3.60430140075  4.84636939555  5.03570780164  

4.3790780048  4.15869093753  3.5009134633  2.85755677573  2.277068435  1.73141290774  1.21758367167  0.821476572279  0.499783422726  0.25266676142  0.0682567870941  -0.0147963157608  -0.0844719233559  -0.13913739565  -0.188937325098  -0.210640409372  -0.205340666785  -0.177221190688  -0.132862713924  -0.0822190089787  -0.0347310227243  -0.00220896161166  0.00434840722183  -0.0176608030831  -0.0715498480365  -0.165679483219  -0.410717208669  -0.720459233951  -1.09252897199  -1.40893854977  -1.58794408676  -1.53518323182  -1.10691278924  -0.0721977929808  1.45245379572  3.41093409281  7.41886858368  13.1845945535  20.3113625938  28.5811847545  38.0276926863  48.6612113392  60.4370304147  73.2581297006  86.9727868028  101.368164718  116.60950328  132.337181005  147.946480942  162.582644962  175.086799859  176.54176976  

0.399317765528  0.399443971334  0.400685989139  0.40199096437  0.402526453684  0.402458418787  0.402422693806  0.402919752008  0.403852461756  0.404801499484  0.40546655703  0.405722568697  0.405906258829  0.405912113455  0.405384330747  0.403894794125  0.401129832101  0.396831441711  0.390801955098  0.383085389382  0.373643088682  0.363265056419  0.353751189837  0.347222455025  0.342994500329  0.341141254656  0.342950955817  0.349247534318  0.361039090388  0.378125712002  0.401300931316  0.43193552369  0.471262562516  0.519959640142  0.565438817617  0.606198353474  0.659434242561  0.695549599951  0.697595007676  0.656350914677  0.562550940278  0.404915822737  0.170834598985  -0.153348893234  -0.582247049131  -1.13139241442  -1.84015494529  -2.74236581762  -3.87395585481  -5.27417500265  -6.98494598483  -7.24360279463  

-0.0314072803374  -0.0312797951613  -0.0297898939323  -0.0277129424034  -0.0264904341656  -0.0269607542032  -0.0294389646873  -0.0326186909887  -0.0355817263046  -0.0376347682878  -0.0387571980294  -0.0391328058911  -0.0393863192469  -0.039421155418  -0.0389353696905  -0.0376566039559  -0.035511196843  -0.0325062521249  -0.0287057164966  -0.0243077827706  -0.019420401555  -0.0144932411249  -0.0102502620591  -0.00738780192136  -0.00540403711114  -0.00419115706361  -0.00373285528723  -0.00519738538962  -0.00998728031313  -0.0194146408809  -0.0347499168714  -0.0576159412234  -0.0899294364859  -0.134025216515  -0.179824110789  -0.22567723041  -0.297493124373  -0.37231366422  -0.436484185031  -0.483719981007  -0.510236013754  -0.511155710469  -0.480760717401  -0.412758925125  -0.300380260014  -0.136409051279  0.094524734836  0.407644374903  0.81953142541  1.34844882611  2.01409095663  2.11615914954  

-0.167228740393  -0.143523838162  -0.083757253873  -0.0381108903547  -0.00415743159837  0.0241342526547  0.0479588070838  0.0631089783419  0.0709314053988  0.0704334231013  0.0608481668768  0.0511689468854  0.0407770146475  0.0318254589003  0.0227210298117  0.0176092666259  0.0169270722053  0.020678029642  0.0283693759026  0.0382874164579  0.047365313695  0.0500478215433  0.0426096443221  0.029242921899  0.0134463822564  -0.000981680433233  -0.0152845672005  -0.0164999363305  -0.00332354684295  0.0278260272098  0.082878022192  0.172574843492  0.313044722078  0.528526362831  0.777095234074  1.04937071067  1.53461000805  2.1478290906  2.82679280246  3.54102444462  4.2837278446  5.0433952426  5.80277930993  6.54026092089  7.23039192497  7.8440131933  8.36130591914  8.73026140204  8.88450648243  8.74437381494  8.21628566037  8.10891100661  

0.0561138017883  0.0555808486803  0.0490680238996  0.0391508542503  0.0304895539323  0.0247298627659  0.0231729698567  0.0258296131988  0.0311733820382  0.0375798254337  0.0442154637486  0.0480261011342  0.0516505926552  0.0545127806227  0.0563374424567  0.0549840964431  0.0500750508129  0.0418106517122  0.0308836765994  0.0186767212673  0.00621936269605  -0.00574745249855  -0.0178505606607  -0.0303226572682  -0.0459223357883  -0.0655333453509  -0.0996981040869  -0.113937194615  -0.074140569927  0.0556234920588  0.298048261141  0.679359363442  1.23190758418  1.99795797469  2.80405844523  3.62045250434  4.92317483024  6.33456947545  7.63922288014  8.75039202464  9.63325167901  10.2387273494  10.5066288996  10.370240691  9.75802605789  8.59421328991  6.73431412251  4.01961738395  0.276179052221  -4.68662558357  -11.0733829635  -12.0622138909  

0.0363651807964  0.0316482856407  0.0167952494576  0.00458906710847  -0.00252385475279  -0.00578314515398  -0.00616728887903  -0.00421349981566  -2.47578718949e-05  0.00610476735013  0.0133865467049  0.0175723111195  0.0213606852877  0.0242989328857  0.0263774345627  0.0258251213799  0.0227092549299  0.0177802036308  0.012335997529  0.00795293997754  0.00558388138467  0.0054805791448  0.00735358560449  0.0109344348749  0.017504394227  0.029336730142  0.0656642931641  0.121219348499  0.198619016696  0.272025080964  0.318307973263  0.311744219798  0.216235712062  -0.0230568402207  -0.377600200181  -0.83072740679  -1.74512346692  -3.03065986627  -4.57745504  -6.32364806529  -8.2654815204  -10.3958850506  -12.6991831868  -15.1531626543  -17.7299866706  -20.3963438369  -23.1953793521  -26.0840691231  -28.9925657364  -31.829936968  -34.4817935994  -34.8202537748  

0.235100281805  0.232550321742  0.228525647749  0.228047011358  0.228801701993  0.229072154872  0.227558802132  0.224020250174  0.218334069826  0.210857884034  0.202122468398  0.196800448769  0.191462390784  0.186287005887  0.179438865129  0.172718702843  0.166323292581  0.160440300062  0.155303810582  0.151156939436  0.147852276352  0.145051347944  0.14233789688  0.139803041143  0.136852086728  0.132630670297  0.119787357334  0.0974832595554  0.060054785218  0.0134444928268  -0.0358719593932  -0.0801684953352  -0.107101799326  -0.0958483800628  -0.0374102893535  0.0625885750522  0.307226493425  0.707263423099  1.24550610688  1.90913739253  2.70482150474  3.63977484619  4.71892718487  5.94525783325  7.32000777267  8.84270186316  10.563519653  12.4938745686  14.635820646  16.985370768  19.5311149515  19.8909652537  

2.65304908624  2.65304908624  2.65304908624  2.65304908624  2.65304908624  2.65304908624  2.65304908624  2.65304908624  2.65304908624  2.65304908624  2.65304908624  2.65304908624  2.65304908624  2.65304908624  2.65304908624  2.65304908624  2.65304908624  2.65304908624  2.65304908624  2.65304908624  2.65304908624  2.65304908624  2.65304908624  2.65304908624  2.65304908624  2.65304908624  2.65304908624  2.65304908624  2.65304908624  2.65304908624  2.65304908624  2.65304908624  2.65304908624  2.65304908624  2.65304908624  2.65304908624  2.65304908624  2.65304908624  2.65304908624  2.65304908624  2.65304908624  2.65304908624  2.65304908624  2.65304908624  2.65304908624  2.65304908624  2.65304908624  2.65304908624  2.65304908624  2.65304908624  2.65304908624  2.65304908624  

-1.56331723585  -1.56292076025  -1.56143080072  -1.55927930323  -1.55628520733  -1.55169989461  -1.54369891921  -1.53046577295  -1.50320962798  -1.4323237373  -1.07073737328  0.364596496632  1.12421112369  1.27557942754  1.33628830543  1.3453005433  1.32378896691  1.26751022068  1.1509061834  0.915173222089  0.476758632465  0.0310880777159  -0.0587090959254  0.229619627311  0.754721702622  1.14224998178  1.39150873523  1.46633550022  1.49447896863  1.49883363386  1.48843017327  1.45813309765  1.36503516776  0.232594221848  -1.31704837225  -1.44134054172  -1.49810776262  -1.52329721603  -1.53708652459  -1.54602471879  -1.55260443055  -1.55785174201  -1.56227485932  -1.56616768083  -1.56972207131  -1.57307768489  -1.57644623315  -1.57994290044  -1.58369695039  -1.58788325182  -1.5927580147  -1.59349282605  

0.0  0.0265304908624  0.104352813087  0.180477657517  0.251021610665  0.320914858784  0.393040944695  0.456741273003  0.51848736338  0.577845485379  0.636242151556  0.670578181752  0.707141267448  0.745749847506  0.802041647899  0.863912384902  0.930937121427  1.00325878612  1.08033226547  1.15917942165  1.23946972398  1.31842770651  1.39270193121  1.4548388331  1.51502487401  1.57524596746  1.66959608629  1.74979142547  1.82775739719  1.89441304063  1.95269457587  2.00605249106  2.05671113736  2.10644540171  2.1468189909  2.18098610052  2.22768102575  2.27261143543  2.31246973682  2.34792095547  2.38048981691  2.41102787771  2.44001035391  2.46773948875  2.49442717707  2.52023144078  2.54601807889  2.57186158489  2.59774591682  2.62364787182  2.64953647664  2.65304908624  

