-1.34020760769e-18  0.799366986022  3.15532486694  5.40446076048  7.39197966008  9.28445449036  11.051392043  12.8531458441  14.7744890808  16.8718343084  19.2002163581  21.8615421736  23.1282921138  24.1761221679  25.5836106942  27.5306005645  29.7792936153  32.1060008161  34.4397016426  36.7574717878  39.0485209192  41.312870699  43.5648805046  45.8371852223  48.1285897781  50.3081190268  52.4054389464  54.4655657849  56.5339352964  58.6427974387  60.7740803436  63.0499421364  65.7279269631  68.2937281189  70.4711969813  72.0121675185  72.7879514634  73.7335968713  74.8437212052  76.6607937477  78.4827943748  79.9882639173  

1.97060487826e-18  -0.00106479398739  -0.0165907338313  -0.0486739779117  -0.091061476508  -0.143665336809  -0.203564032629  -0.27536909576  -0.363871702417  -0.47452534088  -0.61445467297  -0.795565444105  -0.887248883707  -0.962072471956  -1.05812065037  -1.1810416207  -1.30800008677  -1.42217809224  -1.51903249468  -1.59763155781  -1.6580107544  -1.70069656889  -1.72633592847  -1.73516512683  -1.7267010406  -1.70244399957  -1.66416812546  -1.61229907003  -1.54598183679  -1.46366404046  -1.36537693903  -1.24365642432  -1.0782379886  -0.897242948359  -0.726426825541  -0.596266257798  -0.528690923035  -0.446989579247  -0.354333940316  -0.211330016983  -0.0789401609828  0.0220975049638  

-7.97535104431e-18  -0.00266430918429  -0.0105168529828  -0.0180137565423  -0.0246392211885  -0.0309485214907  -0.036839884624  -0.0428476896799  -0.0492537723336  -0.0562425238261  -0.0639749028099  -0.0723778463121  -0.0732487603538  -0.0706972058232  -0.0664376142019  -0.0602482776595  -0.0529844686044  -0.0454173695912  -0.0377911386282  -0.0301816466275  -0.022627134954  -0.0151345492582  -0.00766420961079  -0.000113877463435  0.00750847348937  0.0147641461533  0.021749860402  0.0286145513268  0.0355091952076  0.0425411992825  0.0496503202723  0.0572441965564  0.0661825539204  0.0747464157512  0.0820007308479  0.0870308474037  0.0880963166225  0.0853339553335  0.0816933842125  0.0756662815355  0.0696078280568  0.0646021258711  

0.0  0.0266405729364  0.105082011907  0.180129697926  0.24712082864  0.312318568478  0.37611971532  0.446680263065  0.531569627483  0.640640583612  0.789649838709  1.00916495729  1.13498278953  1.24760749169  1.40714695391  1.63757682646  1.90864924791  2.18311505408  2.44020758054  2.66650216832  2.85300645493  2.99570125554  3.09573971552  3.15901385901  3.19526169101  3.2185664128  3.24568650358  3.28963342598  3.35994576129  3.46230049088  3.59483801351  3.76025970615  3.97001954625  4.16855764812  4.32419287764  4.42333169505  4.46831165724  4.51280426309  4.54609455231  4.55799578031  4.52551082231  4.47390455644  

0.0  -3.20537515294e-05  8.27987930973e-05  0.00395689123371  0.0232712775152  0.0795355626704  0.185703043903  0.361322944211  0.636279624422  1.05633735296  1.69552268961  2.69432122736  3.2837999409  3.83453210383  4.6617464573  5.95665856766  7.64203618204  9.55662910754  11.5935203152  13.6613832856  15.6684680929  17.5293835237  19.1729989298  20.5448275898  21.582337906  22.2330181346  22.5774585184  22.7087740213  22.7212404216  22.7121096372  22.778795403  23.0209567631  23.6024743463  24.476937857  25.440244658  26.2232962641  26.640307551  27.1699176385  27.8218255723  28.9567824688  30.1716935694  31.2247841392  

7.33104483003e-18  1.79752615354e-05  0.00097124778301  0.00498865177463  0.0149361243281  0.0339793952465  0.0612307186585  0.0980353316953  0.147030573075  0.21245829761  0.301324279063  0.427097898985  0.495801548077  0.554342775202  0.632533084137  0.737183265545  0.849472902198  0.951290724228  1.03295271713  1.08709801929  1.10702681772  1.08687241031  1.02160105254  0.906474873155  0.740926495735  0.543336859214  0.326797367507  0.10248486901  -0.119206759629  -0.326896204148  -0.506294867024  -0.65672049337  -0.778320772944  -0.845618424975  -0.873440289993  -0.881058572313  -0.88115399873  -0.869926413833  -0.838872806461  -0.758602373778  -0.657501813148  -0.567763884568  

-3.21055696081e-18  2.84069691263e-05  0.00174829713846  0.00855947648194  0.0203692696319  0.0362174440182  0.0546409302698  0.0773373182887  0.106679447104  0.145895189778  0.199758115557  0.276852031782  0.319949749737  0.359444000518  0.418460608689  0.512015794013  0.638571048649  0.791742265559  0.968863486368  1.16789131479  1.38589811839  1.61943298158  1.86539315422  2.12189752125  2.38246893543  2.62603295502  2.85201804385  3.06372865943  3.26626974566  3.46534959903  3.66434740383  3.88244808481  4.15899285216  4.45682921575  4.74302854564  4.96698885101  5.08616109895  5.23914854866  5.4293710081  5.76428693644  6.12971566231  6.45444369689  

2.26353893439e-18  0.00106479869989  0.0165516861593  0.0474703322974  0.0837637854605  0.121662712513  0.159141980957  0.200505557072  0.249382709214  0.309424812901  0.385270940317  0.485093307746  0.537793708832  0.584602262626  0.652313151618  0.755149455322  0.887416538082  1.03955590257  1.2072742912  1.3875286922  1.57673315425  1.77086260598  1.96590060729  2.1581049263  2.33948131926  2.49316976325  2.61831660961  2.71660693787  2.79058094684  2.84328508121  2.87858878659  2.90407899089  2.92920330178  2.95868958874  2.99367678815  3.02578833  3.04444143541  3.07000673487  3.10441845368  3.17221237652  3.25602665954  3.33789643673  

0.0  0.0266434131727  0.10516660198  0.180061443525  0.245983962191  0.308442370506  0.366853215391  0.427219128884  0.493389233342  0.5688820821  0.65826690746  0.769969973448  0.82725577225  0.877443322453  0.949245226664  1.05726122774  1.19574351327  1.35615118976  1.53608092313  1.7345614596  1.9497779682  2.17879801043  2.41774195371  2.66178795606  2.89870117153  3.10161472685  3.26306550529  3.37876457831  3.44539072674  3.46043389464  3.42519586171  3.34119988059  3.19893775261  3.03778038896  2.89399570916  2.7926422375  2.74280560763  2.68333500114  2.61760927959  2.52530130397  2.45587989041  2.41675047751  

-0.0129864027453  -0.0129867073218  -0.0130007013783  -0.0129894882568  -0.0129603216889  -0.0131651310801  -0.0136967558555  -0.0145397152482  -0.0157017462202  -0.0172265448436  -0.0191766376439  -0.0215895105505  -0.0227128173126  -0.0236033051751  -0.0247364680647  -0.0261666133309  -0.0275829511366  -0.0287177968896  -0.0294303605058  -0.0296190018884  -0.0292090016529  -0.0281629236642  -0.0264839560005  -0.0242107060126  -0.0214854678993  -0.018711373182  -0.0161219092808  -0.0138983066416  -0.0122082592808  -0.0112338810196  -0.0111508414765  -0.0121297673028  -0.0146507197209  -0.018260268621  -0.0220030912315  -0.024892335882  -0.0263811330593  -0.0282246590482  -0.0303940948372  -0.0338625224004  -0.0371566555614  -0.0396984669164  

0.865047552055  0.865047824242  0.865056150459  0.865056043451  0.865057113234  0.864953069705  0.864535411654  0.863631878338  0.86204442432  0.859493474238  0.855603777135  0.849973350985  0.847069608276  0.844640331641  0.84138107169  0.836983021429  0.83227957994  0.828210165399  0.825465722354  0.824697426565  0.826523476085  0.831452479537  0.839831158706  0.851837225421  0.867063605746  0.883430236738  0.89951949337  0.91404645427  0.925649589921  0.932677022859  0.933278436408  0.925338070546  0.903589010599  0.87026384882  0.833431223501  0.803486239979  0.787536217345  0.767287193932  0.742748894312  0.701887258211  0.661131967215  0.62829876294  

13.5531418727  12.8601193143  10.7957624649  8.841617172  7.18452576185  5.71822398116  4.4810620343  3.37072945627  2.3647690117  1.47545683982  0.726403282294  0.134233108363  -0.0658993586529  -0.200637278936  -0.34471187605  -0.489621934926  -0.608108829877  -0.712697302706  -0.83407716354  -0.997103455255  -1.21390489979  -1.48369070685  -1.79645696799  -2.13826017802  -2.48686503783  -2.80204254992  -3.07463538795  -3.29955177308  -3.46691472261  -3.55491231971  -3.52793213826  -3.32786055524  -2.80653470183  -1.98001501906  -1.04518750272  -0.294891884751  0.0916854029725  0.561784954922  1.09024690887  1.82210511598  2.27220788592  2.34159021619  

0.508039150629  0.508185879136  0.50898434126  0.508862198616  0.509336246415  0.510508034912  0.510470002687  0.507671183464  0.500765868154  0.488651279056  0.470854116178  0.448185336302  0.437962966658  0.430116548269  0.420484474791  0.408922793726  0.398266384998  0.390665249244  0.387086878144  0.388073983803  0.393807185026  0.404018230839  0.417985825696  0.434586372156  0.451857223616  0.466530498697  0.476969455406  0.482045978778  0.480779683553  0.472175417392  0.455605573056  0.428961646875  0.38538423024  0.330595724305  0.273920397089  0.228790230781  0.205051208585  0.175406533496  0.140711719834  0.0881743021721  0.0470652182781  0.0273793005316  

-0.0699989414089  -0.0698487981183  -0.0687446579683  -0.0698430577745  -0.0732891976643  -0.0759177220254  -0.0760111044877  -0.073592212845  -0.0687787234092  -0.061788222273  -0.0530914152453  -0.0435848216511  -0.0397383533724  -0.036959823676  -0.0337568877171  -0.0302401896082  -0.0274029600461  -0.0258073065091  -0.0255653172583  -0.0266264220295  -0.0288119420191  -0.0318166471511  -0.0352369085921  -0.0386059250903  -0.0413492600234  -0.0428889337143  -0.0431260123471  -0.0421285090064  -0.0400585836284  -0.037173289002  -0.0338891186298  -0.0304446683506  -0.0269513165284  -0.0243462369174  -0.0226039265301  -0.0215491384138  -0.0210713090125  -0.0205483076445  -0.0200728467435  -0.0198488649605  -0.0207671448443  -0.0228495950323  

-0.359781690959  -0.304036031817  -0.144884760164  0.0164721083991  0.167598399582  0.298312240701  0.394300127842  0.462074946823  0.501426777425  0.508212313409  0.476077542627  0.396721420821  0.347880678172  0.306448385532  0.252334602726  0.182215914895  0.109641846722  0.0455751361714  -0.00580492961188  -0.0423653664133  -0.0626880628119  -0.0659969029611  -0.052051265957  -0.020826623944  0.0265709068635  0.0838701596609  0.147075971097  0.213577133734  0.281639252952  0.349661444123  0.414879487266  0.478760366316  0.543395045521  0.589101500048  0.607660662805  0.603909410126  0.595119891609  0.57601859583  0.541258251728  0.458108579043  0.347710950757  0.242538785508  

-0.0961611421663  -0.0974397900689  -0.11673226601  -0.151763164564  -0.179194668246  -0.187520521179  -0.18035221103  -0.165787170642  -0.14925692489  -0.134285185352  -0.122363175347  -0.112536558104  -0.108285162725  -0.104673243999  -0.0995471173384  -0.0915591484266  -0.0802905811317  -0.0656387279587  -0.0477996223688  -0.0277912902343  -0.00757268512383  0.0102178129222  0.0226716576469  0.0269449034727  0.0207125628567  0.00464508231568  -0.0185914154127  -0.0457716261853  -0.073263777878  -0.096791337149  -0.111477271479  -0.113367027873  -0.0952711978391  -0.0592025554103  -0.0183818612737  0.013457501409  0.0296810396756  0.0494933233746  0.0724129966062  0.108392100679  0.142705393675  0.170646560044  

-0.0888303435106  -0.081678205019  -0.0615292942041  -0.0319467320238  0.00498492268248  0.0411564803246  0.0698403359333  0.0929090217444  0.11215080064  0.129357378052  0.146182905453  0.163290474199  0.170064856081  0.17480047202  0.17994540512  0.18466881955  0.186206653547  0.182544212641  0.172632908838  0.156090007919  0.133341731216  0.105688384045  0.07519137467  0.0445218091814  0.0175781183027  -0.000731529836687  -0.00903413241801  -0.00710704674354  0.00449827287798  0.0241893829758  0.0483363896556  0.0731309838765  0.0921768312251  0.0920872589635  0.0746875398989  0.0531679841855  0.0400346183438  0.0222587167093  -0.000440212406624  -0.0397257166332  -0.0793308160907  -0.111178026234  

0.236879737363  0.244031079572  0.264211746746  0.27688456856  0.275595020563  0.258687194589  0.227823814713  0.182089727829  0.119408005559  0.0378510444489  -0.0634828420106  -0.184020255949  -0.23899911656  -0.281361611221  -0.333016184454  -0.39510056834  -0.455242447013  -0.506945121046  -0.550279890892  -0.586463617022  -0.616434187833  -0.640725879501  -0.659524897042  -0.672696212756  -0.679607079815  -0.679889063543  -0.674213180589  -0.662958052786  -0.646031513396  -0.622859098  -0.592860892483  -0.552210476905  -0.489827901425  -0.411027720316  -0.32688572753  -0.257766718008  -0.220805930038  -0.175830584646  -0.125179570206  -0.0496623762399  0.0148769776264  0.0591703996883  

2.66434140643  2.66434140643  2.66434140643  2.66434140643  2.66434140643  2.66434140643  2.66434140643  2.66434140643  2.66434140643  2.66434140643  2.66434140643  2.66434140643  2.66434140643  2.66434140643  2.66434140643  2.66434140643  2.66434140643  2.66434140643  2.66434140643  2.66434140643  2.66434140643  2.66434140643  2.66434140643  2.66434140643  2.66434140643  2.66434140643  2.66434140643  2.66434140643  2.66434140643  2.66434140643  2.66434140643  2.66434140643  2.66434140643  2.66434140643  2.66434140643  2.66434140643  2.66434140643  2.66434140643  2.66434140643  2.66434140643  2.66434140643  2.66434140643  

-1.5660054438  -1.56574715243  -1.56477519382  -1.56345080709  -1.56177696304  -1.55928527927  -1.55551458161  -1.54923206062  -1.53760919275  -1.51248551867  -1.43955783337  -0.893511924191  0.525795858606  1.03909226596  1.22630419688  1.30968447491  1.3477760477  1.37198519933  1.39616864307  1.42334901853  1.45106172349  1.47617142426  1.49721776016  1.51424359659  1.52762526979  1.53741991607  1.54458473598  1.54973853891  1.5531913394  1.55499713784  1.55499399153  1.5525737714  1.54470116742  1.5247175272  1.46592343907  1.17141963994  -0.607418424851  -1.32468369109  -1.43229784763  -1.47814096033  -1.48921447434  -1.48623031658  

0.0  0.0266434140643  0.105170045204  0.180140741723  0.246397584388  0.309493863337  0.368412699072  0.428500754355  0.492584954121  0.562542445013  0.640182045208  0.728675639004  0.770400934288  0.80503732875  0.851746772466  0.916462376232  0.991242929593  1.06862417201  1.14624110126  1.22333852563  1.29956447318  1.37492241472  1.44988993863  1.5255526153  1.60187044569  1.67448003803  1.74436799148  1.81303391499  1.88199308683  1.95232277733  2.02342268232  2.09937214689  2.18877669801  2.27446725257  2.34719006148  2.39857469151  2.42422535842  2.45563944484  2.49266208795  2.55330753071  2.61411473286  2.66434140643  

