1.79781536743e-18  0.799982555652  3.45597170224  6.09750096746  7.96149128551  9.79611562359  11.5616340924  13.5131490898  15.631915263  17.8623758648  20.1651905585  21.7651587544  22.7305168399  23.578179908  24.2863437976  25.7665948033  27.7855721818  29.9291778908  32.108308979  34.3098926216  36.5307202532  38.7737516324  41.0502245937  43.385870999  45.7678779296  48.2101964072  50.8336830245  53.5808647867  55.9701847433  58.144054151  60.1399069191  62.0831481867  64.1114907574  65.9778388366  67.7625864596  69.2285500756  70.5158476239  71.7064987284  72.8350811413  73.9203835547  74.9754961431  76.0111601876  77.0375152103  78.0656746336  79.1101180841  79.9439146317  

2.05056600779e-18  -0.00106657980719  -0.0199060337484  -0.061969298599  -0.105655403185  -0.159973532469  -0.222854587396  -0.30447381872  -0.40749689545  -0.532161298872  -0.678282672025  -0.790093625705  -0.86123271211  -0.924293771455  -0.97597786357  -1.07905344765  -1.20815134856  -1.33049019125  -1.43925754165  -1.53316799561  -1.61163119211  -1.67429258993  -1.72083506708  -1.75071565039  -1.76252604992  -1.75504695371  -1.72489692331  -1.66874856987  -1.59944934178  -1.51983793476  -1.43283437476  -1.33531200032  -1.22001909789  -1.10174196048  -0.977698325486  -0.867806071178  -0.765348663667  -0.665619193103  -0.56668063048  -0.467486192842  -0.367240813861  -0.265186601334  -0.16047250456  -0.0520006287422  0.0618547146792  0.155401172891  

7.66401980584e-19  -0.00266655795643  -0.0115199063711  -0.0203259047551  -0.0265407180743  -0.032658584696  -0.0385470834638  -0.0450572965674  -0.0521270549109  -0.059570471501  -0.0672499087406  -0.0725461688534  -0.075426498259  -0.0743608010221  -0.0721580525776  -0.0673302351149  -0.0606654755448  -0.0535686873462  -0.0463488117487  -0.0390522555078  -0.0316888202874  -0.0242466422942  -0.0166868812423  -0.00892366436209  -0.00100012495859  0.0071292531422  0.0158663971011  0.0250200876772  0.0329851229889  0.0402351322519  0.0468942737084  0.0533804978064  0.0601534631214  0.0663879740833  0.0723523145258  0.0772532497552  0.0815583868702  0.085541611774  0.0893183858694  0.092951454988  0.0964845572377  0.0999536133745  0.103392568449  0.106838669442  0.110340490179  0.113136874365  

0.0  0.026662689345  0.115074929727  0.203250227976  0.266352816016  0.330175753782  0.39487448526  0.473031083448  0.570078906234  0.69183071216  0.846417964542  0.976197456063  1.06487244319  1.14841472113  1.2212943749  1.37914012653  1.60084082669  1.83593928078  2.065434334  2.27899313026  2.46860616595  2.6287404623  2.75686922607  2.8539694167  2.92340805774  2.97465139107  3.0234616395  3.08667681715  3.16401290718  3.25739560685  3.36266133873  3.48090697162  3.61699735998  3.74946040153  3.8788371348  3.98471860406  4.07599896927  4.15811325241  4.233253497  4.30255364521  4.36676277906  4.42644542058  4.48206615341  4.53404468408  4.58281763653  4.61872408036  

0.0  -3.2102669244e-05  0.000198379993043  0.0058661969161  0.0257104221564  0.0799201889925  0.182961198949  0.368602229863  0.667785408616  1.10869623948  1.72263986185  2.26006268886  2.63300750299  2.99149478638  3.31618011259  4.05936616349  5.19512187699  6.52418501982  7.96505402243  9.46552398033  10.9716323632  12.427822344  13.780153012  14.9803853291  15.9653696864  16.7041470422  17.2083618853  17.4844697966  17.6047012748  17.6966633779  17.8241653281  18.0293475927  18.3598752943  18.7857176336  19.3080265292  19.8205653339  20.3301427577  20.8479903047  21.3770592717  21.9178808463  22.4707717691  23.0364862441  23.6166125543  24.214142514  24.8346675534  25.337564275  

1.50442508377e-19  1.80174028672e-05  0.0012421875511  0.00676744722992  0.0169472975841  0.0357023828548  0.0628993708049  0.102652187003  0.156543443994  0.225623212932  0.311810207853  0.381939057777  0.428636471006  0.471317209979  0.506918888778  0.579124125607  0.670683822294  0.75627132884  0.827583163334  0.87974669704  0.908029607573  0.907682962984  0.873979022694  0.802046532126  0.689683076576  0.537298097921  0.341121140248  0.115904741597  -0.0807478558773  -0.248857586057  -0.387287609768  -0.503608903402  -0.603824284236  -0.67697216814  -0.730954005056  -0.764794140087  -0.787620822548  -0.803699994804  -0.815040538131  -0.822837697715  -0.827898479724  -0.830799125533  -0.831961792136  -0.831696336177  -0.830220646356  -0.828329795733  

1.03675113808e-18  2.84780075298e-05  0.00229650149787  0.0120814859319  0.0245484451682  0.0398155990733  0.0563125699691  0.0770028610345  0.103790483033  0.138544839614  0.183119271867  0.220102525916  0.244977931025  0.268465713912  0.289589588296  0.338052878114  0.413903398769  0.507312811927  0.61617732228  0.74022522971  0.878885133534  1.03121292534  1.19611911904  1.37292261194  1.55727280442  1.74627872493  1.94510465376  2.14587064948  2.31445430403  2.46505265511  2.60377334118  2.74232166386  2.89410605305  3.04339491903  3.19745775479  3.33392530236  3.46216174909  3.5884549418  3.71551054876  3.84487305802  3.97776229753  4.11537329841  4.25907372963  4.41064732204  4.57274352936  4.70823418822  

-3.24934633441e-19  0.00106657265343  0.0198409506707  0.0595685830465  0.0944588869062  0.128791533124  0.161244729466  0.198961981804  0.244932494475  0.300731574853  0.367236408625  0.419135893779  0.452742588304  0.48368244661  0.510923719574  0.571581667508  0.662265948354  0.768416455579  0.886291695061  1.01471882446  1.15237679308  1.29760130483  1.44845137877  1.60297062524  1.75552287984  1.90132038468  2.04034244777  2.16191652044  2.24651017506  2.30753802438  2.35230029732  2.3879606747  2.41962810529  2.44618959036  2.47123809775  2.49269540568  2.51284819247  2.53299105018  2.55371219229  2.57536166983  2.5982147488  2.62253734768  2.6486316958  2.67689178342  2.70790332513  2.73441404048  

0.0  0.0266655968648  0.115193389707  0.203101158611  0.264736873542  0.324840476414  0.382402697486  0.446552919071  0.518107961833  0.597126600335  0.684457985789  0.749599232398  0.790886888527  0.828413529131  0.861153644355  0.933396316716  1.04058828109  1.16616144095  1.30706579789  1.46345235487  1.63525763971  1.82175804801  2.02139869862  2.23182173103  2.44424627646  2.64888537069  2.8396879621  2.99189339211  3.075536626  3.10938595106  3.10607241997  3.07430873908  3.01579634404  2.94384072237  2.8630079329  2.79042088786  2.72360597714  2.66021209859  2.59938144012  2.5407011475  2.48386166856  2.42856567277  2.3744855159  2.32121609455  2.26818535615  2.22671519858  

-0.00293780250825  -0.00293800331809  -0.0029484390419  -0.00289531077642  -0.00276013685648  -0.00273828693838  -0.00303180451114  -0.00376602889335  -0.0049733212672  -0.0066113973049  -0.0086107467988  -0.0101177628032  -0.0110365987808  -0.0118262790422  -0.0124770819576  -0.0137987045363  -0.0155044213816  -0.017173293733  -0.0186871986273  -0.0199822747078  -0.0209882302263  -0.0216255239484  -0.0218066306014  -0.0214331537656  -0.0204136329409  -0.0186643277928  -0.0159595769525  -0.0121240293388  -0.00778365872316  -0.00280782293923  0.00280272745114  0.0093072486711  0.0170708979892  0.0246603561434  0.0315276740094  0.0360329343918  0.0383587967314  0.0384315820459  0.0359663900818  0.0305982894522  0.0219095442825  0.00942332789291  -0.00742178130235  -0.0293270037437  -0.0572565104535  -0.0839535276717  

0.736931917739  0.736932100696  0.736938782585  0.736928652439  0.736934108223  0.736935297488  0.736763586007  0.736154087663  0.734826213692  0.732565231465  0.729245815163  0.726398814567  0.724529486858  0.722843664067  0.721399123868  0.718310386141  0.714007364091  0.709432515475  0.704941604853  0.700805488594  0.697362192396  0.695034390135  0.694336917771  0.69590425008  0.700433990057  0.708689998968  0.72228415115  0.742874035756  0.767665311727  0.797697868744  0.83331541151  0.876639643392  0.930938817885  0.986641277721  1.03940021129  1.07546928563  1.09474695706  1.09531789623  1.07341857719  1.02433534012  0.942531878275  0.821485087597  0.653302185017  0.427960156628  0.131668976714  -0.159643840006  

12.8753703026  12.2836814157  10.2868153777  8.29179827935  6.91890995088  5.6344895577  4.49064871946  3.35620227946  2.2965110915  1.38097264733  0.642888842489  0.242869082081  0.0420112056133  -0.111373129027  -0.225898114145  -0.427253161622  -0.63222761816  -0.786959122871  -0.908395323547  -1.02539358797  -1.16586753374  -1.35281581122  -1.60150118755  -1.91792315633  -2.28801649088  -2.68403354907  -3.07866005825  -3.40627999615  -3.60781916327  -3.76477803392  -3.97929052517  -4.40365893144  -5.31750346122  -6.87942255949  -9.3322436907  -12.263408665  -15.6404639462  -19.4843073481  -23.7626193951  -28.4009284233  -33.285933816  -38.2593026315  -43.105124085  -47.5282343528  -51.1132883876  -52.927088351  

0.405282952776  0.405400902844  0.40603747879  0.405329770811  0.405624007333  0.407872607763  0.411033308458  0.413718185502  0.413760713452  0.409572105957  0.401063962468  0.393528674704  0.388779075191  0.384700968441  0.38135124267  0.37452563596  0.365557917471  0.356547454157  0.348234518682  0.341211148995  0.336165534886  0.333824337624  0.334864047018  0.33981919088  0.348699858752  0.360717916559  0.374356147462  0.384820310483  0.385700801491  0.375523251678  0.35405637444  0.320830672117  0.274943269042  0.228651301691  0.191766586656  0.17881285297  0.191376807069  0.232919508294  0.308094732224  0.421713671713  0.578422751248  0.782519816598  1.03779228469  1.34739079918  1.71385488411  2.03814409336  

-0.0377042138762  -0.0375826184069  -0.0367703098514  -0.0400216126773  -0.0464100667231  -0.0537861911902  -0.0594767314982  -0.0628609701793  -0.0630411297151  -0.0601320900268  -0.0551021858075  -0.0511708259822  -0.0488752914655  -0.0470039473178  -0.0455308235526  -0.04269261661  -0.0392696725671  -0.0361627060251  -0.0336087011984  -0.0317489572669  -0.0307163443007  -0.0306069430038  -0.0314482163792  -0.0331699727052  -0.0354991805639  -0.0379311327244  -0.0396754598238  -0.0391432105068  -0.0352818489724  -0.0277341164067  -0.0164095490824  -0.000655490873245  0.020889182099  0.0444158022386  0.0680366827242  0.0855875913303  0.0969677905367  0.101584201259  0.098202050783  0.0853434436289  0.0613902185463  0.024584664446  -0.0270227146801  -0.0957053933782  -0.184380202335  -0.26945190973  

-0.314921347259  -0.285609765415  -0.193410795525  -0.0865795877659  0.00615588673174  0.100690198223  0.182098535618  0.252985609729  0.303566435398  0.32604242381  0.317008779681  0.293017230748  0.272457200685  0.252203434776  0.235171566425  0.200623269492  0.156731269597  0.115043033061  0.0785277126769  0.0482968072856  0.0253580404448  0.0108490259651  0.00614719238714  0.0130157150813  0.0332154886544  0.0680876367457  0.120251225367  0.186410495648  0.245280217167  0.288846547717  0.307571837426  0.291130181639  0.218765576135  0.085802452275  -0.110612091144  -0.321464446586  -0.534553260201  -0.740474025741  -0.924072862321  -1.06554722731  -1.14051719279  -1.11919947122  -0.964830823738  -0.630774538404  -0.0545582470693  0.614853792215  

0.00532223793907  0.004642939664  -0.00749698510422  -0.0340261779842  -0.0572491680987  -0.0749852257706  -0.0823400403868  -0.0811567984126  -0.0749337740562  -0.0682508858709  -0.063066252084  -0.0599823969595  -0.0580402387906  -0.0562010939542  -0.0545718029724  -0.0510080796644  -0.0457293435188  -0.0391304238765  -0.0307367649398  -0.0200927612174  -0.00718101923063  0.00738336692629  0.0222301783488  0.0351221658845  0.0425494483858  0.0400982738032  0.02075475389  -0.0255773737225  -0.0959599347953  -0.193124562805  -0.31826187127  -0.479874679435  -0.694029257174  -0.928505206296  -1.17323725186  -1.37198711155  -1.52713628352  -1.63726057622  -1.69491301368  -1.69042895618  -1.61298324239  -1.45064705573  -1.18998343214  -0.815033148889  -0.3049428712  0.202240056965  

-0.0253585205329  -0.0262876130197  -0.032484712689  -0.0308810125688  -0.0189008388269  -2.24829186834e-05  0.0206118328655  0.0427544970411  0.0646115201999  0.085554033311  0.105604559448  0.118307348108  0.125104654695  0.130283064626  0.134058927364  0.140322924597  0.145377503201  0.146378893884  0.142776680108  0.134377082498  0.121069709753  0.102851667866  0.079872074355  0.052444544929  0.0218728995342  -0.0101177019842  -0.0420935946581  -0.0680713726979  -0.0781270891963  -0.0686569323408  -0.0332523755003  0.0407133509672  0.181156522319  0.391415561004  0.687808325025  1.01419983188  1.36777137588  1.75021076344  2.15715470192  2.58047340282  3.00914754184  3.42911976162  3.82265983809  4.16714902527  4.43266010266  4.55749450602  

-0.0295864574633  -0.027212111314  -0.0150875899216  -0.000592858670655  0.00589498003579  0.00469390994677  -0.00615000571747  -0.0303419394219  -0.0707297184068  -0.127106298198  -0.196485015053  -0.24859444256  -0.280404686045  -0.307640683725  -0.329545571558  -0.372278054295  -0.424192071831  -0.472105347597  -0.514158901752  -0.550645304204  -0.581923659794  -0.608194567843  -0.629407630019  -0.645153455583  -0.654259451322  -0.655254388444  -0.645409360933  -0.621320883293  -0.58846571623  -0.550664926599  -0.513786809729  -0.484212593585  -0.475461147579  -0.508924446467  -0.604716197124  -0.752027443915  -0.948484546128  -1.19729672557  -1.500047215  -1.85606173808  -2.26214217435  -2.71190892425  -3.19477388333  -3.69434586771  -4.18568374278  -4.53630867312  

2.66655977529  2.66655977529  2.66655977529  2.66655977529  2.66655977529  2.66655977529  2.66655977529  2.66655977529  2.66655977529  2.66655977529  2.66655977529  2.66655977529  2.66655977529  2.66655977529  2.66655977529  2.66655977529  2.66655977529  2.66655977529  2.66655977529  2.66655977529  2.66655977529  2.66655977529  2.66655977529  2.66655977529  2.66655977529  2.66655977529  2.66655977529  2.66655977529  2.66655977529  2.66655977529  2.66655977529  2.66655977529  2.66655977529  2.66655977529  2.66655977529  2.66655977529  2.66655977529  2.66655977529  2.66655977529  2.66655977529  2.66655977529  2.66655977529  2.66655977529  2.66655977529  2.66655977529  2.66655977529  

-1.56965546592  -1.56960043046  -1.56936321221  -1.56905044023  -1.5688016967  -1.56836639812  -1.56742065305  -1.56518583454  -1.55996875681  -1.54686343077  -1.50392700145  -1.36543610383  -0.650698471217  1.08271155573  1.30134629014  1.41069678499  1.44878796044  1.46211453832  1.46829848859  1.47366584157  1.48102702952  1.49103806168  1.50281938142  1.51497842358  1.52621599305  1.53604114988  1.5448824486  1.55300162168  1.56000953777  1.56706727571  1.57431795439  1.5813635646  1.58684655808  1.58871768268  1.58768651791  1.58548650933  1.58305839086  1.58065819549  1.5783640328  1.57618312138  1.57408742647  1.57202783423  1.56993543385  1.56771111744  1.56519544359  1.56286543828  

0.0  0.0266655977529  0.11519915768  0.203259252673  0.265407494108  0.326586306592  0.385471534258  0.45057429608  0.521274151698  0.595718788081  0.672581930426  0.725941310594  0.75799200654  0.785957556134  0.809490322805  0.858787718804  0.926071484514  0.997505884001  1.07010711333  1.14343835321  1.21739707821  1.29208854494  1.36789370596  1.44567504139  1.52501027929  1.60636792313  1.69377952902  1.78533844124  1.86499713107  1.93749932376  2.00409088559  2.06895489951  2.13669086272  2.19904527246  2.25869791805  2.30771344577  2.35076875073  2.39060344895  2.42837263202  2.46470409192  2.50003545326  2.53472610959  2.56911566723  2.60357675033  2.63859529285  2.66655977529  

