-1.85297611234e-18  0.358109010351  2.04020296276  3.68715714055  5.68297659067  7.77064885068  9.54985859607  11.4101589925  13.4836038499  16.1079770325  18.7258005536  21.1572464781  23.6426435348  26.1886441246  28.851367889  31.8639978483  34.540274851  35.789582671  

4.02245745416e-18  -0.000118720172181  -0.00377913223999  -0.0122094108917  -0.0288263206929  -0.0535352181005  -0.0796541592556  -0.10986892968  -0.143046633468  -0.177422005535  -0.198046678903  -0.202986682949  -0.193657162535  -0.170078406569  -0.132809897812  -0.0796549099809  -0.0260028074688  0.000397025633352  

-1.76237390021e-18  -0.00065203029244  -0.00361841016681  -0.00647276630271  -0.00993349822778  -0.0133005764845  -0.0154301482885  -0.0162173960008  -0.0148804913017  -0.0105726775754  -0.00484889024376  0.000846246968065  0.0065005537815  0.0116138930225  0.0157206971537  0.0187608943579  0.0205421754259  0.0209194617941  

0.0  0.0121067062173  0.0689505558051  0.124578270831  0.192106040416  0.2627478989  0.322919149902  0.386354165057  0.458202172216  0.550192384717  0.640880227904  0.721872522078  0.799921976748  0.874605843526  0.948153300604  1.02823720891  1.09829358998  1.13089797309  

0.0  -3.87698541772e-06  -7.3750721617e-05  -1.31891280567e-05  0.0027782617906  0.0245562043282  0.0793592806297  0.187885862079  0.3790253537  0.727180564353  1.18009396398  1.67597929619  2.23500511024  2.8382461904  3.47953350677  4.20045181451  4.83459144392  5.13063541636  

2.53403075426e-18  9.17381871159e-07  0.000134215203653  0.000704381687314  0.00326250217227  0.0121752126303  0.027086023987  0.0489637569546  0.0778684101536  0.115519550776  0.148496802226  0.171185683972  0.184018450486  0.185219287969  0.174500008424  0.151744824352  0.126374270547  0.114013132435  

2.14663163069e-18  2.6628058029e-06  0.00049302579641  0.0028948627868  0.0102493221294  0.024157161895  0.0409726835782  0.0636061683196  0.0955719643533  0.147589780635  0.214057585203  0.290308594613  0.383897311212  0.497097150834  0.634871095497  0.81489807172  0.996309860517  1.08794524835  

0.0  0.000219868626883  0.00713581530732  0.0231949977453  0.0536142036394  0.0940934283674  0.132975305398  0.177830804901  0.233651710278  0.314019748308  0.405498707152  0.500583922204  0.607446906168  0.726254742999  0.859359847161  1.01890603382  1.16697504365  1.23781560447  

2.13484063598e-18  0.0121069871227  0.0689856247066  0.124677892187  0.192127010199  0.262557280512  0.322594605593  0.38580076645  0.457358689228  0.550430529848  0.646765123593  0.739626875087  0.83771414931  0.940843964796  1.05039264118  1.17455880607  1.28350919855  1.33361732015  

0.00501833661002  0.00501833610236  0.00501813469616  0.00501570790942  0.00501032021332  0.00505513602928  0.00518028551257  0.00538409939595  0.00566206192203  0.0060438139306  0.00641901032249  0.00673021261682  0.00697474874846  0.00710075115346  0.00703236924827  0.00660615295853  0.00581593361958  0.00528793884075  

0.00102173948028  0.00102173996054  0.00102187612356  0.00102279181292  0.00102340480445  0.00104202830662  0.0011347836198  0.00135574113551  0.00176063999347  0.00248563474205  0.00338241207028  0.00427427766751  0.00508879344195  0.00556647016481  0.0052564864096  0.00311701050112  -0.00131506070815  -0.00449489269526  

0.0162202844291  0.0158672264222  0.0150104870511  0.0150064662278  0.0147174187403  0.0120096029735  0.0069554416797  -0.000607227497205  -0.0104304775951  -0.0221981688084  -0.0301650179012  -0.0324143437856  -0.0294187084677  -0.0224287102979  -0.0142262388311  -0.00801021941051  -0.00427233487046  -0.000252315495085  

0.00800546526594  0.00800609367574  0.00802982166294  0.00807669917221  0.00809063096857  0.00808075368856  0.00821603769453  0.00855548131157  0.00908144336143  0.00972289238007  0.0100359929144  0.00980044743998  0.00888520812309  0.00721132799897  0.00483926146518  0.00199599009693  0.000246056645977  2.31385116585e-07  

0.00133356188319  0.00133424533388  0.00136552065535  0.00147343814321  0.00168756994104  0.00177568960628  0.00164908741902  0.00141358586794  0.00115672994238  0.000965940442259  0.000984828983573  0.00118721197049  0.00152805393163  0.00191326696867  0.00217157710249  0.00194469803304  0.000889964583017  3.48136930326e-06  

0.0161642002252  0.0156914530169  0.013137049074  0.00937094452186  0.00269995453786  -0.00440461239654  -0.00838226707451  -0.0100871003629  -0.0096269732352  -0.00673600639596  -0.00262126388367  0.00125407506361  0.00440192170581  0.00606385984403  0.0056911690128  0.0030559825275  0.000430631300187  -3.23415490157e-05  

-0.00402356587194  -0.00402116070575  -0.0043597619949  -0.00643823481201  -0.0122807697281  -0.0207004317407  -0.0281249205368  -0.0354246584389  -0.0427579104881  -0.0507534973959  -0.0572021984251  -0.0615099684506  -0.0636191341688  -0.0623888900037  -0.0559567680359  -0.0399440414985  -0.0154843038607  -7.95642372107e-05  

-0.0546802670502  -0.0545283924662  -0.0537093075684  -0.0530430461411  -0.0534593780152  -0.0558336094857  -0.0583162665136  -0.0602077713056  -0.0608665055289  -0.059297719781  -0.0551456533861  -0.0491288212156  -0.0410451250492  -0.0311410713375  -0.0198602375633  -0.0079156731995  -0.000918448390224  7.4262978291e-05  

-0.155567838799  -0.15358640477  -0.144402120676  -0.13558451052  -0.12493335227  -0.113352784739  -0.102860114061  -0.091348929543  -0.0782270826187  -0.0618782876023  -0.0465480227541  -0.0336686133442  -0.022254286293  -0.0127828038795  -0.00565793430811  -0.0012276354478  -5.74932304127e-05  -2.01932551534e-05  

1.21069871268  1.21069871268  1.21069871268  1.21069871268  1.21069871268  1.21069871268  1.21069871268  1.21069871268  1.21069871268  1.21069871268  1.21069871268  1.21069871268  1.21069871268  1.21069871268  1.21069871268  1.21069871268  1.21069871268  1.21069871268  

-2.56772366837  -2.57771109703  -2.60246115688  -2.60236606984  -2.61042681208  -2.69802634185  -2.87924671411  3.11904015221  2.78859095961  2.50803694642  2.38718410917  2.37491192385  2.44083896999  2.57816997612  2.75713302714  2.90367777072  2.99571796539  3.13204988679  

0.0  0.0121069871268  0.0689857574905  0.124682060641  0.192177479277  0.262805726779  0.32305691429  0.386114091067  0.456381910813  0.545156663996  0.633541520713  0.715573993378  0.799453518662  0.885475407966  0.975575895867  1.07763464473  1.16834338201  1.21069871268  

