3.52314365229e-18  0.799112446771  3.06594117281  5.16510374825  7.05756741702  8.95476797188  10.7062285338  12.4533698329  14.3230521597  16.3803655534  18.6815932347  21.3166899085  22.8388681168  24.2926274415  25.7486588205  27.7531711409  30.0705472225  32.4973574252  34.9281815372  37.3192599347  39.6526399343  41.9309760134  44.1716393072  46.4064553966  48.610171101  50.6545042967  52.5892687891  54.470365883  56.3444617784  58.257253734  60.2660918666  62.3964397604  64.7990573969  67.4850424865  69.6894926417  71.8016345916  74.0453145934  76.367635709  78.3155298279  79.9199245113  79.9556538921  

2.34385053704e-18  -0.00106402119859  -0.0156625315103  -0.0444529440808  -0.0829976351906  -0.133623112265  -0.191013060737  -0.258451219076  -0.341887001281  -0.447134494654  -0.581436364542  -0.755871950946  -0.863969279851  -0.966115984211  -1.06336746279  -1.1870419909  -1.31444313097  -1.42955526874  -1.52585445887  -1.60184764212  -1.65795625718  -1.69543557339  -1.71555053344  -1.71902860581  -1.70621015512  -1.67987392864  -1.64213131851  -1.59347469338  -1.53326354449  -1.45972159727  -1.3693313839  -1.25873774291  -1.11579622319  -0.93312723333  -0.765176950601  -0.589061636888  -0.38584548259  -0.158155864586  0.0467465970538  0.225239643697  0.229314792604  

-2.40719041308e-19  -0.00266332354134  -0.0102183323664  -0.0172147484633  -0.023522584595  -0.0298465685456  -0.0356849137358  -0.0415085103309  -0.0477386793819  -0.0545863362383  -0.0622067256764  -0.0704797897191  -0.0723387158114  -0.0693030744922  -0.0650740613417  -0.058860201413  -0.0514937290807  -0.0436787252827  -0.0357748871902  -0.0279385002604  -0.0202460136395  -0.0127053333068  -0.00527077995947  0.00215615633459  0.00948735374208  0.0162930757251  0.0227372331841  0.0290050862323  0.0352517101409  0.0416293002698  0.0483291776777  0.0554365033866  0.0634545855217  0.0724200091979  0.0797758390315  0.0868109039518  0.094233578699  0.101846315589  0.108287860616  0.113638978792  0.113758409365  

0.0  0.0266311166554  0.102110270519  0.172150154695  0.235802090391  0.300740364944  0.363231653226  0.430379589223  0.510816190643  0.614336446326  0.756364571106  0.965912392125  1.11422697935  1.2719675577  1.44087193262  1.68457411754  1.97256687332  2.26825861398  2.54426955764  2.78299524982  2.97429135885  3.11512414591  3.20827290427  3.26137110623  3.2860299843  3.29871205405  3.31594646615  3.34960584078  3.40826900064  3.49807179761  3.62347756752  3.78342055629  3.98149869011  4.20241138227  4.36827224681  4.50584210704  4.62451944529  4.71558195021  4.76738784322  4.79408567112  4.79452238953  

0.0  -3.20324482569e-05  5.74906068737e-05  0.00344020337147  0.0204365271812  0.073386014339  0.174193312653  0.338739598641  0.598913449637  1.00282952141  1.62750984338  2.61320018379  3.33412446142  4.14000160629  5.06234023203  6.50694759466  8.40217386576  10.5993895321  12.9524706783  15.3327464986  17.6224368392  19.7238559434  21.5595590522  23.0712965661  24.1858715681  24.8660911226  25.2178864514  25.3412960375  25.3268364512  25.2634447458  25.2453121446  25.3769999203  25.7926580795  26.6276862811  27.5828287698  28.6820065443  29.9899991894  31.4307361083  32.6603236943  33.6585674131  33.6804638376  

5.07928949214e-20  1.79574662122e-05  0.00090039783948  0.00446923796039  0.013411840798  0.0316277142996  0.0577710979459  0.0925769308411  0.13936156608  0.202731872812  0.289920834004  0.414003617236  0.497549703735  0.581443437404  0.665802150874  0.77931178641  0.902836400018  1.01784393449  1.1112597776  1.17356131925  1.19710538602  1.17582950264  1.10478180276  0.979633942663  0.803008467278  0.59724303905  0.375019246443  0.145808083459  -0.0814578723773  -0.298085509485  -0.495936132616  -0.66313950185  -0.795684245708  -0.880285231812  -0.910408380183  -0.916106969179  -0.906494975221  -0.887503307108  -0.869227615605  -0.854793775105  -0.854488471831  

-7.4434751999e-19  2.8376613491e-05  0.00160385282702  0.00750617981817  0.0180468074329  0.0336016415789  0.0522619844005  0.0753020867371  0.105510990062  0.146365325836  0.202957496915  0.28409859005  0.33980049899  0.400314684988  0.469019648752  0.577886806662  0.726159441754  0.909243075434  1.12258851265  1.36192320476  1.62233390776  1.89914787844  2.18832733969  2.48701327829  2.78401717038  3.05494758135  3.30231391007  3.53158858386  3.74850058737  3.96004066466  4.1763239391  4.40704773869  4.68101902328  5.02090491422  5.33764239707  5.68039015937  6.0921886351  6.57530462888  7.0291410133  7.43834480299  7.4478325738  

1.06646014235e-18  0.00106404019238  0.0156291722953  0.0435248127073  0.0774372999475  0.11609109925  0.154991905316  0.197440639423  0.247713080663  0.309628135323  0.387998331203  0.490884598824  0.557186901242  0.626327196023  0.701879931151  0.816477307258  0.96475974703  1.13858235929  1.33144341249  1.53816140233  1.75350888943  1.97253530716  2.19044596061  2.4025499929  2.59769631294  2.75834467027  2.88649914346  2.98555885004  3.05859845149  3.10893918093  3.14070734302  3.15903290218  3.17252841164  3.19308061758  3.22289808143  3.26694065742  3.3328652396  3.42335564555  3.517419347  3.60761437109  3.6097551167  

0.0  0.0266339223496  0.102183541691  0.172093203458  0.234930048489  0.297716399513  0.355859664675  0.41465590021  0.479241522494  0.553322305269  0.641396206852  0.751223944402  0.819821602862  0.890092687908  0.96586918575  1.07964703374  1.22627917355  1.39930192409  1.59474314361  1.81008053637  2.04231999598  2.28792714056  2.54241383724  2.79998787518  3.04474904847  3.24956362967  3.41083207184  3.52700247495  3.5960890942  3.61605056189  3.58476937966  3.50201571579  3.36408875828  3.17802644313  3.01644706109  2.86352964566  2.70883599394  2.56020169016  2.44508678016  2.35659797959  2.35468951219  

-0.0190527574848  -0.0190531202385  -0.0190703588997  -0.0190907779815  -0.0191510077293  -0.0194638251989  -0.0200466080701  -0.0208582532867  -0.0219300140435  -0.0233215162726  -0.0251050267771  -0.027320919378  -0.0285761664998  -0.0297005683665  -0.0307393395579  -0.0320000677032  -0.0331602246162  -0.0339418574648  -0.0341622004887  -0.0337105439451  -0.0325404269937  -0.0306684905007  -0.0281679043432  -0.0251586827866  -0.021913243294  -0.0189116942992  -0.0163162712887  -0.0142170848165  -0.0126891890515  -0.011805378381  -0.0116500089248  -0.012318402854  -0.0139725183485  -0.0166912759173  -0.0193819245899  -0.0221947839779  -0.0253629229587  -0.0289053003259  -0.0322775539602  -0.0355325483279  -0.0356115331438  

0.915227819339  0.915228140216  0.915237875744  0.915242840192  0.915228522149  0.915055408328  0.914549819758  0.913597441721  0.912007652129  0.909492490788  0.905659712815  0.900099271983  0.896593194093  0.893234218772  0.889938737678  0.885668326373  0.881432361968  0.878356722932  0.877435810041  0.879509940973  0.885207651478  0.894874778059  0.908541888704  0.925923833742  0.945713411484  0.964982730189  0.98246689125  0.997277020543  1.00855821341  1.01538622136  1.01662395017  1.01085480056  0.99575018352  0.96919447229  0.941098151097  0.909847393848  0.872270526619  0.827119999006  0.781002411439  0.733674150984  0.732492676925  

13.6257427636  12.8936727611  10.8042808599  8.89995018775  7.26256130271  5.74706819338  4.49245137447  3.3967646489  2.40386464515  1.52231807869  0.778158718339  0.192574940187  -0.0415275247739  -0.212145822103  -0.342927233535  -0.476914515552  -0.598307586263  -0.726617414243  -0.890109134697  -1.10467357644  -1.36844250631  -1.66648706712  -1.97820912983  -2.28425839834  -2.56208439479  -2.78824831775  -2.97038981974  -3.11525796581  -3.22255009583  -3.28211732967  -3.26969025881  -3.14361720944  -2.82986841593  -2.25865736665  -1.67032477095  -1.11560858057  -0.719748689842  -0.786761619904  -1.43797322603  -2.49568658361  -2.52502444366  

0.552337226588  0.552498087089  0.553430585565  0.55357148966  0.553715649457  0.553383560205  0.550858333985  0.544992011853  0.534610283995  0.518689877491  0.496812746883  0.469908767644  0.455407480998  0.443030514192  0.432183973341  0.419902967529  0.409776228655  0.404343674055  0.404819961606  0.411519813026  0.424023514773  0.441271339404  0.461685161799  0.483283017361  0.503086302032  0.517604976911  0.525969752342  0.527765306951  0.522586473557  0.509857797722  0.48850178133  0.457248153415  0.411777149536  0.348594277257  0.288021379259  0.225231251316  0.159697683106  0.105995278052  0.0873767013612  0.102943699443  0.103700202528  

-0.0838464934311  -0.0836813696837  -0.0822992162413  -0.0820381407822  -0.0828758129752  -0.0823924015877  -0.0796605328148  -0.0749317673556  -0.0682677759286  -0.0598125381019  -0.0499616733307  -0.0395424686941  -0.0345239818516  -0.0305554408542  -0.0273307083498  -0.0240250602158  -0.0217421494969  -0.0210631536345  -0.0220891984376  -0.0246418018862  -0.0283495948457  -0.0327128474027  -0.0371646695676  -0.041121333095  -0.0439348298859  -0.0451639192029  -0.0449270675447  -0.0434194326167  -0.0408494289297  -0.0374262342453  -0.0333355847679  -0.0288291013024  -0.0238729513714  -0.0186401881267  -0.0145590049041  -0.0108841164068  -0.00764922658364  -0.0061854988287  -0.00800967457191  -0.0130002081212  -0.0131576160931  

-0.327364312695  -0.260051502065  -0.0742186668446  0.104711459762  0.26775882613  0.409182924286  0.506613151388  0.569931512907  0.602446135576  0.600201997359  0.556508562851  0.462957697742  0.394361614182  0.32666293024  0.261017084394  0.176576215622  0.0894318874946  0.0122820593161  -0.0481861336903  -0.0887818388673  -0.108097154247  -0.106020457699  -0.0832725170668  -0.0410010349442  0.0174077052512  0.0830692006227  0.151777869992  0.221277322067  0.290080684406  0.357169928599  0.421858450309  0.481738307396  0.535269911478  0.570820618659  0.572321848049  0.540833205549  0.462006037449  0.324909832  0.171440306839  0.032549185216  0.0294852925511  

-0.16913153453  -0.170666428559  -0.192238008473  -0.226775726249  -0.248279855906  -0.246745616861  -0.229934400432  -0.207875772571  -0.185268124034  -0.165114459402  -0.148812723405  -0.135678384979  -0.129341973206  -0.123418513296  -0.117242487162  -0.107709314765  -0.0942100814676  -0.076374386953  -0.0546914348963  -0.0308009251402  -0.00737253664043  0.0124464479727  0.0255575487868  0.0293163767869  0.0221854573746  0.00609179538445  -0.0158699461094  -0.040864785555  -0.0662012951423  -0.0892422789078  -0.107344073374  -0.117513474337  -0.117218954373  -0.104548767245  -0.0880705051912  -0.0702533971319  -0.0508808675135  -0.0291906555015  -0.00581014248538  0.0211951123729  0.0219093253552  

-0.11770364128  -0.104645496244  -0.0670298798891  -0.0216768143518  0.0262353013765  0.069770020483  0.100649513186  0.123046676881  0.140436599486  0.155028250749  0.168731470079  0.182655516054  0.189472834363  0.194832687048  0.199089018468  0.202948277142  0.203784339945  0.199160715875  0.187460317939  0.168141628768  0.141904812723  0.110555846055  0.0767405219648  0.0436611255971  0.0157556249107  -0.00257887200769  -0.0111327714657  -0.0104756844635  -0.00151165425208  0.0144759380833  0.0357343383197  0.0591620942024  0.081437806407  0.0962430720507  0.0998212801277  0.098782587406  0.0986309447268  0.107306196681  0.126408443429  0.150976018669  0.151600710596  

0.381880910705  0.391059124966  0.412802480205  0.421704311853  0.413918624508  0.387254840488  0.345674146491  0.289495220912  0.215613759694  0.121580084967  0.0063052676728  -0.129132970204  -0.203452741679  -0.267894141862  -0.324942133439  -0.392106774461  -0.456031313052  -0.51067905883  -0.555884540701  -0.593168001553  -0.623800274082  -0.648514923872  -0.667524945086  -0.680634535442  -0.687141150059  -0.686960402436  -0.680997383567  -0.669687597351  -0.65297396113  -0.630227652805  -0.599889037531  -0.559881609905  -0.503927896257  -0.426486042616  -0.351786379536  -0.274245626064  -0.19360582188  -0.126744154328  -0.0980924542012  -0.102089769154  -0.102503275255  

2.66339232433  2.66339232433  2.66339232433  2.66339232433  2.66339232433  2.66339232433  2.66339232433  2.66339232433  2.66339232433  2.66339232433  2.66339232433  2.66339232433  2.66339232433  2.66339232433  2.66339232433  2.66339232433  2.66339232433  2.66339232433  2.66339232433  2.66339232433  2.66339232433  2.66339232433  2.66339232433  2.66339232433  2.66339232433  2.66339232433  2.66339232433  2.66339232433  2.66339232433  2.66339232433  2.66339232433  2.66339232433  2.66339232433  2.66339232433  2.66339232433  2.66339232433  2.66339232433  2.66339232433  2.66339232433  2.66339232433  2.66339232433  

-1.56380498424  -1.56340790695  -1.56197118422  -1.56007152181  -1.55761234299  -1.55386424556  -1.54848859212  -1.54010285092  -1.52521384459  -1.49434691524  -1.41086358553  -0.953817320112  0.282851800184  0.960067937966  1.14944827488  1.24710548763  1.3004631497  1.34134875727  1.38120224031  1.41938267385  1.45245601848  1.47903932132  1.49972078756  1.51578219987  1.52805788372  1.53689610165  1.54333836407  1.54798181478  1.55111075245  1.55281387116  1.55298305437  1.55120611247  1.54611376441  1.53386357562  1.5128428637  1.47164860712  1.39639343436  1.38912380917  1.459031227  1.49972829404  1.50039566093  

0.0  0.0266339232433  0.102186474129  0.17215395048  0.235236776482  0.298483691285  0.356878231078  0.41513432837  0.477480323716  0.546079703211  0.6227766835  0.710359418677  0.760516284731  0.808495959626  0.856754378735  0.923303510114  1.00029419537  1.0809474727  1.16175878229  1.24127739148  1.3189060631  1.39472918244  1.4693205655  1.54373697712  1.61713612832  1.68524308252  1.74971481729  1.81241300816  1.87489321749  1.93868029044  2.00568962906  2.07677508711  2.1569750685  2.24667025645  2.32030851323  2.39086857348  2.46579665387  2.54333453413  2.60846479002  2.66219502464  2.66339232433  

