-4.2909584396e-19  0.793460795396  2.92172977496  4.93695077882  6.93886871179  8.49007058431  10.056643806  11.5688357521  13.1124196508  14.7327067915  16.4702573364  17.561448812  18.6090666945  19.571840796  21.1868585207  23.2004720076  25.3863958105  27.651862773  29.9797127734  32.3779644254  34.5920005426  36.5678570433  38.367031874  40.2026429132  42.0872236308  44.0431106751  46.2275877208  48.4289342861  50.8060514606  53.3158764764  56.0510635389  58.6900819187  60.9433735542  62.98671922  64.905103819  66.7301644101  68.4748831474  70.1447930053  71.7445817832  73.2811041221  74.7636477521  76.2031999385  77.6119571639  79.0035917652  79.7325959549  

7.64917214069e-19  -0.00104899660749  -0.0142232791656  -0.0406106564968  -0.080224369111  -0.120103876984  -0.168516742697  -0.223002763268  -0.286464323082  -0.36156743607  -0.451576482569  -0.512494762068  -0.571699723654  -0.624173219815  -0.705981592793  -0.796362247951  -0.879646769176  -0.94968416044  -1.00463049572  -1.04394489539  -1.06652239816  -1.07890897837  -1.08733137367  -1.09527734021  -1.10289065013  -1.108390056  -1.10810180515  -1.09757088079  -1.07229728389  -1.02866539963  -0.960642231303  -0.874352018664  -0.784083710226  -0.688476711817  -0.586454304141  -0.478176896118  -0.364339662918  -0.245876553859  -0.12363593085  0.00185324873612  0.130455492394  0.262408479103  0.398301598828  0.539119359312  0.615497582069  

1.70742039657e-18  -0.00264444622179  -0.00973749313186  -0.0164538478901  -0.0231259899808  -0.0282959159249  -0.0335166519653  -0.0385548018127  -0.0436934126744  -0.0490719670843  -0.0547349509093  -0.0575744368491  -0.05624545904  -0.053406713121  -0.048279392983  -0.04176603401  -0.0346832823861  -0.027401070394  -0.0200936860643  -0.0130750087617  -0.00786124857092  -0.00523109127296  -0.00447831798876  -0.00433426090928  -0.0037184110687  -0.001728385305  0.00226599751942  0.00755944374514  0.0139853525019  0.0211110417528  0.0290399128835  0.0368581701189  0.0437671324675  0.050238178947  0.0564462448763  0.0624270754804  0.0681858255677  0.0737212124684  0.0790384876325  0.0841548295798  0.0890979816155  0.0939026922954  0.0986085060889  0.103260346234  0.105698326796  

-8.73910273888e-19  0.0264424542715  0.0972931868716  0.164420222349  0.231638639512  0.284568747064  0.339565125804  0.395360899541  0.456716396125  0.527965467318  0.614756833773  0.675736324866  0.738604150185  0.799157235397  0.904046118801  1.03666816762  1.17753901199  1.3145616081  1.44125283783  1.55426765439  1.64371268501  1.7153611569  1.77810285039  1.8421437614  1.90819498614  1.9755352816  2.04641281675  2.1109779691  2.17309901495  2.23399079717  2.30356935423  2.38483746592  2.47317241342  2.57274996189  2.6846622313  2.80710226676  2.93656309437  3.06877872459  3.19969502702  3.32610925235  3.44583718609  3.55757662257  3.660680822  3.75495859093  3.80094582123  

5.72385037297e-18  -3.16263544864e-05  -3.32495554668e-06  0.00206569121547  0.0134428507726  0.0415790306425  0.101941170269  0.201063937316  0.350816126531  0.567121583966  0.873821566387  1.10887163196  1.3668115789  1.63308215471  2.13498765549  2.84236252276  3.68811867218  4.61838488615  5.59421321698  6.58039258845  7.44264684078  8.16123620909  8.77890840546  9.3873012426  10.0062238139  10.6561943405  11.3935003567  12.1317136564  12.8890519599  13.6031137881  14.2491838516  14.7421469296  15.0885307523  15.3782232641  15.663295929  15.97656143  16.3385158328  16.7589971045  17.2394378725  17.7759761397  18.3623223892  18.9917325901  19.6581769476  20.3571018981  20.7360845316  

9.98096288098e-19  1.75821643899e-05  0.000772404605589  0.00357275498872  0.0109411367959  0.0226054805242  0.0413301331539  0.0661246022886  0.0977925563282  0.137604808832  0.187754139938  0.223061196269  0.258420395751  0.290509676356  0.341554226271  0.398474463721  0.449599920634  0.488447216227  0.510993834084  0.514125204112  0.499732305956  0.477335402307  0.455146361157  0.435568610991  0.420229697443  0.406694471103  0.386956261132  0.353431215665  0.294665199369  0.203597387163  0.0720122998471  -0.0797838576031  -0.220576203843  -0.350082752547  -0.467251536224  -0.569846021721  -0.65626225961  -0.726108993495  -0.780245712809  -0.820410724439  -0.848729172962  -0.867336087206  -0.878170851501  -0.882897774591  -0.883409372116  

-2.6378436075e-19  2.77776446035e-05  0.00138839873407  0.00658927431281  0.0171921072728  0.0287950405917  0.0426687832164  0.0578534632004  0.0754643257569  0.096835217436  0.123752216011  0.143013394445  0.163409909538  0.184123830277  0.223201167595  0.279884843189  0.351905161286  0.438360069975  0.539621399333  0.656461659921  0.774553352823  0.887343281587  0.995666568387  1.11142245635  1.23570917648  1.37087626207  1.53002505931  1.69964541231  1.89291716118  2.10685640741  2.34867066692  2.58758649707  2.79457433154  2.98473047777  3.16639573819  3.34370043858  3.51933710017  3.69528153626  3.87321898788  4.05479945501  4.24175013208  4.43593884432  4.63947714872  4.85493224679  4.97390226111  

-3.19422445769e-18  0.00104902055238  0.0142005038637  0.0399486409605  0.0750118345205  0.104717698599  0.134903633314  0.164569706765  0.196589895609  0.233221941683  0.276741974005  0.306423439836  0.33674855727  0.366533187826  0.420377593332  0.494120439065  0.582155656032  0.681554530947  0.79133203506  0.910992262447  1.02567472827  1.13023412727  1.22678513191  1.32654293852  1.43055948153  1.54077668392  1.66700027929  1.79684736316  1.93759673942  2.0824126283  2.22939817173  2.35441677119  2.4448020519  2.51268535426  2.56458288348  2.60456626571  2.63600751413  2.66187933919  2.68474431274  2.70670166009  2.72940111494  2.7541279392  2.7819243032  2.81372682443  2.83235098471  

-2.24993132233e-18  0.0264452722333  0.0973764173773  0.164498902644  0.230954964865  0.282108523828  0.333475871321  0.383075666742  0.434204592035  0.488994450743  0.549653477551  0.588895532838  0.627601176537  0.664554778752  0.72940844842  0.815456706052  0.915648862565  1.02697249607  1.14884310645  1.28110152417  1.40746148682  1.52219841038  1.62759025856  1.73576294907  1.84753434174  1.96445803323  2.09588185169  2.22760059553  2.36528035975  2.49925668393  2.62254432644  2.70921007585  2.75179919316  2.76239616803  2.74738871122  2.71159226842  2.65974563794  2.59654012648  2.52621287341  2.45217441799  2.37689524309  2.30200312189  2.22845457925  2.15668573993  2.11974312029  

-0.0244719269167  -0.0244726630291  -0.0245121306886  -0.0246521182908  -0.024909259236  -0.0252287987923  -0.0257258516969  -0.0264098455822  -0.0273228228515  -0.0285021770055  -0.0299691986191  -0.0309437149382  -0.0318718943685  -0.0327124763169  -0.0340767170141  -0.0356630099133  -0.0371944307685  -0.0385434597394  -0.039699056191  -0.0407354492683  -0.0416645078974  -0.0425187964766  -0.0432734344377  -0.0439124504924  -0.0443104752556  -0.0443708029061  -0.044038567656  -0.0434461265626  -0.0428455509344  -0.0427255079234  -0.0437906940578  -0.0465090514112  -0.0504001133266  -0.0552677233672  -0.0610095647335  -0.0675186436774  -0.0747034229217  -0.0825030061384  -0.0909011407789  -0.099930255236  -0.109664509778  -0.120208962081  -0.131691965231  -0.144265475661  -0.15136327838  

1.25257943859  1.25258010512  1.25260562539  1.25265547824  1.25266798024  1.2525965952  1.25236702888  1.25189390373  1.25105746154  1.24970904457  1.24768857721  1.24616108128  1.24457481781  1.2430279942  1.24029163494  1.23674450149  1.23291531953  1.22916509233  1.22561711298  1.22212059706  1.21870648675  1.21533275862  1.21216620979  1.20933408325  1.20747628467  1.20718638485  1.20892747839  1.21219650275  1.2156933948  1.21641206341  1.20932951947  1.19012917534  1.16102605426  1.12268353107  1.07519476683  1.01876968407  0.953569620087  0.879548665603  0.796270123295  0.702785646333  0.597611988713  0.478754850802  0.34370578593  0.189340539532  0.0992720230495  

16.1288007145  15.1357476324  12.4685944503  10.0035995794  7.68933214234  6.03743787879  4.53272048183  3.26064052142  2.15791775773  1.21480996984  0.43691314443  0.0633652934974  -0.220751546826  -0.425746523589  -0.660187594278  -0.791969840407  -0.783932089057  -0.667266075554  -0.489191411934  -0.295980000362  -0.145242604143  -0.0524781707728  -0.00969659969051  -0.0073943697512  -0.0425403819891  -0.107087103562  -0.193503294899  -0.274516110395  -0.337723350395  -0.375585204303  -0.412889976195  -0.507660532046  -0.699973742398  -1.02001129038  -1.49638557957  -2.15403962701  -3.01266194831  -4.08350521715  -5.36673540613  -6.84945611933  -8.50323394555  -10.2802008446  -12.1072119181  -13.8771012679  -14.7334412507  

1.39478381029  1.39521285772  1.39862850245  1.40139318626  1.40185768944  1.40074885374  1.3981191517  1.39351126553  1.38617628323  1.37562410415  1.36204978895  1.3532740129  1.34533237871  1.33848725176  1.32782503094  1.31559761489  1.30323208353  1.29092074374  1.27804171408  1.26336432283  1.24748083811  1.231194456  1.2154431705  1.20003052835  1.18657744818  1.1761340663  1.1680065682  1.1605208746  1.14759116494  1.12090314915  1.06778977583  0.986423608093  0.891683755404  0.786809405573  0.674894372275  0.560519241406  0.449046834826  0.346071675106  0.256833982684  0.185880330124  0.137023842934  0.11343175067  0.11767804618  0.151692745833  0.181877658309  

-0.155265356122  -0.154822380889  -0.150021403071  -0.142838020734  -0.135740103325  -0.130572720482  -0.124892871465  -0.118388789976  -0.110626244397  -0.101675998332  -0.0920939502771  -0.0866560708821  -0.0821502762345  -0.0785503127968  -0.0734080267177  -0.0681216287177  -0.0633384759466  -0.0590313955347  -0.0548862805636  -0.0504753137198  -0.0459849111675  -0.041633667522  -0.037625029164  -0.0338414725071  -0.0305755411499  -0.027923392178  -0.025531431101  -0.0230051012465  -0.0191055623032  -0.0125846717773  -0.00184907560712  0.0121537494347  0.0263964949316  0.0403790763901  0.0536270889152  0.0655148215058  0.075380618345  0.0825728500843  0.0864790380264  0.0865235915332  0.0821430291255  0.0727585920339  0.0577540733325  0.0364513123206  0.0224899028556  

-0.400154739984  -0.279575496711  0.0166463618557  0.264179279986  0.478192431571  0.613288222014  0.712422610659  0.767561427025  0.781618244031  0.751612300446  0.671624354454  0.599234180753  0.52167375891  0.451749605091  0.343512778582  0.228294012359  0.130923586897  0.0619827575888  0.0248260000318  0.0193410955354  0.0372298448636  0.0619369737713  0.0825289900186  0.0968724288522  0.105413086564  0.113384416875  0.130623836401  0.16433941517  0.221382508306  0.300145714964  0.394606865632  0.476259220054  0.523740867773  0.538433159815  0.520080912036  0.468667515876  0.386189954449  0.277357664219  0.149596000146  0.0127059569729  -0.121345452598  -0.238286000304  -0.321045441184  -0.348875447886  -0.333028341728  

-0.0292297609004  -0.0319557647184  -0.0645216386842  -0.115734847821  -0.155298420088  -0.161317722952  -0.146022653349  -0.120058943572  -0.0914737073237  -0.0651495713484  -0.0432757981541  -0.0326172997382  -0.024101030146  -0.0174576370358  -0.00847181406017  -8.68111974382e-05  0.00646600400704  0.0107726724605  0.012266362213  0.0103638053063  0.00575503100413  -5.39805145169e-06  -0.00609290252342  -0.0130366300155  -0.021357201125  -0.0321472132761  -0.048050390499  -0.0692362929464  -0.0981678498001  -0.134058325006  -0.175074859351  -0.210088451252  -0.231090672803  -0.23952738807  -0.236047977331  -0.220923704643  -0.194218566888  -0.155608685078  -0.104187791604  -0.0383717618769  0.0440728060505  0.145933005104  0.270468897328  0.421428928834  0.512705407815  

-0.0585542300987  -0.0567180164397  -0.0490496542168  -0.0262877017716  0.00885124819859  0.0335616604285  0.0496886152266  0.0571055291789  0.0597926925755  0.0612124609696  0.064127674586  0.0671211698367  0.0705615980865  0.0739755063319  0.0794584703632  0.0841437875231  0.0846227760463  0.0793398050598  0.0688108200672  0.0551504490885  0.0427596624732  0.0334748015938  0.0268477459789  0.0216732222562  0.0177857997183  0.0154537492558  0.0159792172121  0.0219668456456  0.0378256182758  0.0690949372862  0.124097251021  0.19974232421  0.281459811064  0.367878438554  0.45831211454  0.551644423143  0.646767250726  0.742503536662  0.837419438963  0.929541316201  1.0160099644  1.09272176636  1.15395453819  1.19189692536  1.19904713755  

0.952311079128  0.957213674938  0.969970351899  0.973813418858  0.96057240273  0.93523057437  0.896262423353  0.847569334523  0.789126008693  0.721505980866  0.646342910655  0.600490200618  0.560184351487  0.527738946811  0.482882521374  0.440628672958  0.407275591752  0.382014349913  0.362497275376  0.346944929836  0.335665286263  0.327678484414  0.321755282725  0.31667956806  0.312272043458  0.308506761825  0.305242193358  0.302805147643  0.300895154545  0.299381006829  0.297494474545  0.293415981814  0.285223305742  0.270439200137  0.245895103161  0.207901297627  0.152574704905  0.076342231122  -0.0236045598117  -0.148997272597  -0.300230851104  -0.476018436688  -0.672860958252  -0.884230657776  -0.997561312633  

2.64452730809  2.64452730809  2.64452730809  2.64452730809  2.64452730809  2.64452730809  2.64452730809  2.64452730809  2.64452730809  2.64452730809  2.64452730809  2.64452730809  2.64452730809  2.64452730809  2.64452730809  2.64452730809  2.64452730809  2.64452730809  2.64452730809  2.64452730809  2.64452730809  2.64452730809  2.64452730809  2.64452730809  2.64452730809  2.64452730809  2.64452730809  2.64452730809  2.64452730809  2.64452730809  2.64452730809  2.64452730809  2.64452730809  2.64452730809  2.64452730809  2.64452730809  2.64452730809  2.64452730809  2.64452730809  2.64452730809  2.64452730809  2.64452730809  2.64452730809  2.64452730809  2.64452730809  

-1.56321006608  -1.56271211104  -1.56096709489  -1.55847532643  -1.55460045907  -1.5499057362  -1.54242600328  -1.53032050389  -1.50757239825  -1.45401881226  -1.24040230641  -0.388713596537  0.945526269574  1.20400370523  1.31822416724  1.34933546355  1.33787219235  1.28963115183  1.18533260705  0.9680709244  0.608844715427  0.242008868331  0.0447855178971  0.0336650586413  0.189701676271  0.449705383789  0.72097259914  0.901369303383  1.00551654296  1.05364470604  1.08320750571  1.1412497386  1.2252280746  1.30622979766  1.36969542513  1.41533532354  1.44744338377  1.47011803717  1.48630851341  1.49797772436  1.50640148199  1.51239655721  1.51646410063  1.51886337863  1.51947418236  

0.0  0.0264452730809  0.0973785598725  0.164546179138  0.231274279961  0.282982318987  0.33520525318  0.385615977049  0.437068978263  0.491059540775  0.548870090146  0.584956400853  0.619448806174  0.651349882354  0.704992092259  0.771923857501  0.844571872508  0.919809146948  0.997012640557  1.07635426476  1.14931820425  1.21419961119  1.27319909471  1.33338393509  1.39518008016  1.45936279455  1.53118826613  1.60374282428  1.68223451934  1.76520029132  1.8556755448  1.9430409623  2.01773914558  2.08558684496  2.14937990443  2.21014419764  2.26829164643  2.32399227773  2.37739238523  2.42871363584  2.47826115687  2.52639855008  2.57353119996  2.62011502311  2.64452730809  

