6.82939598911e-20  0.793071762415  2.88105256699  4.84199765647  6.67522060118  8.5708191809  10.132137781  11.5543246075  13.0259947293  14.6030886594  16.3072802536  17.3823315754  18.4174971184  19.4715000137  21.1298945563  23.1749499283  25.5006164149  27.9090964575  30.3564444243  32.8440757996  35.2010216111  37.2083779781  39.0125310658  40.7988788735  42.725155759  44.8401502983  47.2885251141  50.1462087717  52.6324064121  55.0959919532  57.2996584141  59.3735219268  61.3938247803  63.3970462165  65.4028070573  67.4194602286  69.4428991295  71.4462357159  73.371579722  75.1774012298  76.870983335  78.475111697  79.8710572102  

-1.28674278734e-20  -0.00104789276165  -0.0138288623164  -0.0390598245991  -0.0742353760061  -0.122382628736  -0.171027409609  -0.222396721219  -0.282622878093  -0.355093753404  -0.442370768542  -0.501438758929  -0.558761824387  -0.614893664234  -0.69659655076  -0.785414458015  -0.870111819102  -0.939541764101  -0.991310819346  -1.02529365331  -1.04187112921  -1.04656348214  -1.04591431571  -1.04242574606  -1.03598319218  -1.02465633431  -1.00320142549  -0.962991911889  -0.912663725937  -0.848017797306  -0.777785927326  -0.701320694013  -0.617594175047  -0.526029648015  -0.426168388776  -0.317486070512  -0.199366671236  -0.0720616024415  0.0613859408318  0.197239440481  0.334391213265  0.47312595355  0.600891146902  

-8.10720184816e-20  -0.00264303421055  -0.00960143264126  -0.0161363882157  -0.0222455698184  -0.0285620831192  -0.0337634638448  -0.0384987496463  -0.0433919867359  -0.0486112497647  -0.0540857507109  -0.056538002835  -0.0551167081058  -0.0520775797714  -0.0468673946751  -0.0402980285214  -0.0328058288761  -0.0251092895529  -0.017471092937  -0.0101711813018  -0.00428507839612  -0.000710940235643  0.0012821451655  0.00264552979988  0.00423291049475  0.00682551276289  0.0111620673497  0.0174841386683  0.0234964677546  0.0295518063254  0.0348659161989  0.0396796791453  0.0441439245239  0.0483510799787  0.0524393735573  0.0566750985808  0.0614200905296  0.0668343472302  0.0726144230727  0.0783439046979  0.083857035645  0.0891432292708  0.0937717411385  

-9.1313154741e-20  0.0264287860199  0.0959472695683  0.161313794668  0.222849867357  0.287435267763  0.342352670552  0.395039402077  0.453780236394  0.523467479895  0.609189122164  0.669766582486  0.732500567772  0.799719039806  0.909575242876  1.04775609056  1.20220541729  1.35209796241  1.48782750194  1.60496928539  1.69686957823  1.76389197385  1.81910723252  1.87169411479  1.92717488777  1.98625950014  2.0510644691  2.12208618497  2.18323775006  2.2486875194  2.31601591895  2.39000728366  2.47324321086  2.56618769594  2.66775281879  2.775834906  2.88807034908  3.00189419451  3.11348351962  3.21948098053  3.31893238824  3.41173737496  3.49011009503  

2.16994890119e-20  -3.15958207191e-05  -5.57652450774e-06  0.00223915559936  0.0139685884078  0.0554007244736  0.128798839712  0.236276449174  0.395164176588  0.626382602464  0.955912874576  1.20971101432  1.48990973856  1.81295990672  2.39129219416  3.20756700223  4.24717026978  5.41016739695  6.63431839012  7.86873381385  8.98226687001  9.86357675037  10.5978915029  11.2759584468  11.9629833689  12.6770655458  13.4591747556  14.3040305834  14.9641309273  15.5417885482  16.0008237444  16.4002284114  16.782098837  17.179664258  17.6221263716  18.1334312713  18.7281568667  19.4036845231  20.1324886199  20.880820072  21.6321481047  22.3801968735  23.0531305948  

5.70537328043e-20  1.75570054013e-05  0.000748908484442  0.00355078802039  0.0106282544183  0.0263166346397  0.0470641108366  0.0720858753095  0.103899925653  0.144621813759  0.196499920221  0.233259186281  0.27029989234  0.307939826385  0.365014485099  0.429682127888  0.492659700676  0.542536769832  0.573517864595  0.581494972149  0.566423987977  0.538842885353  0.506724180932  0.471924169281  0.433304750066  0.388912251888  0.330080772016  0.2431688309  0.147607837683  0.0355871981214  -0.0751391930707  -0.18316015813  -0.286542121523  -0.382290260903  -0.467624009837  -0.541051003194  -0.603185718316  -0.656163864583  -0.701550541606  -0.740015760433  -0.772243068479  -0.798845030268  -0.818568713142  

-5.77927162326e-21  2.77344058408e-05  0.00133105171621  0.00622006886446  0.0154910456328  0.029892942205  0.0451059552104  0.0616431397712  0.0817285879321  0.107039376318  0.139336147808  0.162524952273  0.187146720177  0.214921098327  0.264334683812  0.335467444422  0.430974662617  0.547094299324  0.683343446967  0.840226145694  1.00474423701  1.15578438089  1.29921441244  1.4476916284  1.61436554494  1.80476823252  2.03470522881  2.31589994426  2.57129738265  2.8334503303  3.07502426347  3.30838810063  3.54185935798  3.78053329674  4.02859732651  4.28984072999  4.56722508886  4.86066208859  5.16388836822  5.47016341133  5.77905412385  6.09297805627  6.38454555134  

4.89220962928e-20  0.00104793190596  0.0138070990719  0.0384441629862  0.0700808744277  0.107501259938  0.140523414033  0.172589579457  0.208323870251  0.250032263064  0.299508442578  0.3331048334  0.367396617526  0.404658444663  0.467924949681  0.553713449496  0.661610267378  0.784492058417  0.919938726256  1.06675864984  1.21208314081  1.33878570618  1.45384494327  1.56817986616  1.6914639352  1.82654482252  1.98213074334  2.16091315294  2.31105431202  2.45140232343  2.56725029045  2.66644231493  2.75349686851  2.83103719979  2.90132782013  2.96664951411  3.02916523911  3.0903066005  3.15013589481  3.20853146879  3.26637785021  3.32487131957  3.37945139195  

-8.89685403652e-20  0.0264315475097  0.0960176814928  0.161332911736  0.222233476643  0.284925856392  0.33652760195  0.383851048243  0.433546084037  0.488084621769  0.549028705338  0.588640812107  0.627898750489  0.669480697498  0.738127012318  0.828407899076  0.93903412743  1.06276104707  1.19774305122  1.34333973804  1.48706626898  1.61199007717  1.72493250252  1.83646288678  1.95557796905  2.08404494117  2.22795764188  2.38505786508  2.50662624005  2.60725502242  2.67610967397  2.71990520776  2.74179477197  2.74348078688  2.72669805206  2.69363634212  2.64693095238  2.58973307319  2.52615647613  2.46001755158  2.39321926463  2.32657873267  2.26662895504  

-0.0403984205213  -0.0403996035328  -0.0404660770669  -0.0407462173026  -0.0413180297891  -0.0422169398373  -0.0431272748612  -0.0440739841867  -0.045187236172  -0.0465455320329  -0.0481768811088  -0.0492409223594  -0.0502472471391  -0.051244807688  -0.0527297742644  -0.0543553807636  -0.0558272198041  -0.05684861779  -0.0573721842185  -0.0575123023239  -0.0574991311146  -0.0575284727733  -0.0576323127908  -0.0577855704783  -0.0579643441676  -0.058176265613  -0.0585973324478  -0.0598183673645  -0.0620878202168  -0.0659300599234  -0.070964069924  -0.0771500006985  -0.0844696366655  -0.0928443499424  -0.102147706564  -0.112212097524  -0.122822059039  -0.133657836819  -0.144246294463  -0.154240270008  -0.163622012863  -0.172508430468  -0.180255510563  

1.80069958018  1.80070063301  1.8007399364  1.80081218595  1.80077060471  1.80040995705  1.79977089223  1.79886256424  1.79752195  1.79554580327  1.79274821309  1.79069806993  1.78860056735  1.78636832878  1.78275512753  1.77837196701  1.77395244569  1.77054861586  1.76862828444  1.76806920561  1.76812806571  1.76798683208  1.76746261349  1.7666479733  1.76564658735  1.76439046181  1.76173139096  1.75346695522  1.73707992805  1.70760048101  1.66671552903  1.61375979333  1.5478362517  1.46852315439  1.37585201418  1.27033309604  1.15313437923  1.02690946573  0.896805757768  0.767391183931  0.639532471954  0.512201195756  0.395810425489  

21.8656918768  20.4423275176  16.7235670837  13.3575626302  10.413585569  7.66413436084  5.6766913728  4.10712074883  2.73132185578  1.53184623774  0.535755244769  0.0547227103305  -0.313976419029  -0.60631971802  -0.914848936274  -1.08581369523  -1.07453164146  -0.91750107498  -0.6858189024  -0.442196463924  -0.249146305907  -0.135080335141  -0.0789828049371  -0.0656768973953  -0.0904159528863  -0.147982182482  -0.227808422037  -0.305945712879  -0.346583722704  -0.363769615177  -0.367010239247  -0.365431388567  -0.364095996772  -0.370617752801  -0.403025393098  -0.499073777822  -0.723864357407  -1.16627304109  -1.90830192604  -2.99511228827  -4.44955663776  -6.28152797755  -8.26552076615  

1.89508476328  1.8956714683  1.90030696943  1.90383210358  1.90294068905  1.89618434848  1.88548824623  1.87156916623  1.85334785595  1.83058710487  1.80444244873  1.78863158027  1.77476838467  1.76208688525  1.74495989595  1.72818935946  1.71428373965  1.70461848005  1.69793171168  1.69161445043  1.6830804778  1.67210696154  1.65898222579  1.64343490413  1.62461703959  1.60178945193  1.57078588475  1.52217325646  1.46172268702  1.37908757464  1.28298384959  1.17270113403  1.04766829106  0.908620060501  0.757398427656  0.597159619454  0.432927801988  0.27282882216  0.128464385294  0.00958744276858  -0.0789834257029  -0.134145009678  -0.152750546578  

-0.22175469368  -0.221140298108  -0.214051260099  -0.201622994546  -0.18697888596  -0.17006561328  -0.155177306848  -0.14115335532  -0.126576330864  -0.111495395126  -0.0967688467733  -0.0888544886396  -0.0824527631814  -0.0770148330142  -0.0702914507848  -0.0644258161971  -0.0601842588016  -0.0576640439211  -0.0561394734562  -0.0546773830926  -0.0525659843174  -0.049859361703  -0.0467096367865  -0.0430784918804  -0.0387846866447  -0.0337092263509  -0.0271619753438  -0.017960117474  -0.00807247946506  0.00354533133125  0.0151796818303  0.0267353333757  0.038051778828  0.0488444832421  0.0587927879065  0.0675611040651  0.074785754109  0.0800431122592  0.0829109949672  0.083171990472  0.0807392710767  0.0754660925221  0.0680255377592  

-0.239325697707  -0.0653346447743  0.357976531335  0.711495453896  0.992722199939  1.20605933535  1.30868240781  1.34332609418  1.32296053967  1.24231893536  1.09368451457  0.97267233732  0.847301953671  0.722101659066  0.53891503085  0.342444406348  0.164153399677  0.0341928159018  -0.0394114465456  -0.0564143259376  -0.0268689842982  0.0219287087841  0.0738351852992  0.125779434987  0.17979351952  0.239073064023  0.314319675829  0.416913240481  0.516388582362  0.615489867225  0.694926843356  0.753119997801  0.787051384329  0.792294372296  0.764036641056  0.697781279456  0.590200853406  0.440922447165  0.256129623065  0.0471195844623  -0.175515811108  -0.401128461355  -0.597844102255  

-0.241722769098  -0.245633739376  -0.290596002696  -0.351750086781  -0.37439083466  -0.339281831741  -0.283822918075  -0.230112105472  -0.180812953323  -0.13886064081  -0.105756679745  -0.090132998489  -0.077854575223  -0.0673832929329  -0.0538983544447  -0.0403128062867  -0.0271208543481  -0.0157360234823  -0.00782063283771  -0.00540707792563  -0.00947665628379  -0.0177913240581  -0.0285834625891  -0.0418446670349  -0.0585250385851  -0.079137191997  -0.104910358522  -0.134528045186  -0.155419438809  -0.166395252451  -0.163913743185  -0.148390588649  -0.119878499215  -0.0787916063424  -0.0262362214559  0.0359342972414  0.105167440618  0.178071526161  0.250414023701  0.319358612843  0.384960948446  0.448691205726  0.506501318918  

-0.140771757638  -0.121713733747  -0.0629447085674  0.0131992410394  0.0857698483705  0.133424422695  0.147101834169  0.145600886217  0.137138858059  0.126490395437  0.117772188622  0.11469703968  0.113409260808  0.113496224855  0.115428789546  0.118108083513  0.117586526784  0.110189311201  0.0953595299594  0.0754668410016  0.0563305762936  0.0429204852257  0.0347318591422  0.030981063576  0.0322776188847  0.0407031484449  0.0608268183285  0.10030281429  0.149299150774  0.209763408259  0.270687095971  0.329935867695  0.385309070899  0.434080399206  0.473680600449  0.502217795596  0.518916471332  0.524468381287  0.521299287679  0.512884480038  0.502004526557  0.489985392121  0.478001188072  

1.50353033874  1.51406634466  1.53125764665  1.52245159828  1.48274902231  1.40790283586  1.32424239541  1.23495826224  1.13357286089  1.01958320959  0.896655146761  0.823226828223  0.759415820753  0.703511849083  0.63313741669  0.570236426718  0.521475972206  0.487260269132  0.462388601731  0.443003484643  0.428451007369  0.418735729811  0.411946479413  0.406596729497  0.401690708285  0.396621053413  0.390585844864  0.383066438993  0.376242325385  0.369443555352  0.363354016057  0.357336062716  0.350578311735  0.341966628838  0.329921590714  0.312319848666  0.286408221654  0.248677046691  0.19538092644  0.123190113726  0.0287926045554  -0.0906517847943  -0.222091756922  

2.64315483614  2.64315483614  2.64315483614  2.64315483614  2.64315483614  2.64315483614  2.64315483614  2.64315483614  2.64315483614  2.64315483614  2.64315483614  2.64315483614  2.64315483614  2.64315483614  2.64315483614  2.64315483614  2.64315483614  2.64315483614  2.64315483614  2.64315483614  2.64315483614  2.64315483614  2.64315483614  2.64315483614  2.64315483614  2.64315483614  2.64315483614  2.64315483614  2.64315483614  2.64315483614  2.64315483614  2.64315483614  2.64315483614  2.64315483614  2.64315483614  2.64315483614  2.64315483614  2.64315483614  2.64315483614  2.64315483614  2.64315483614  2.64315483614  2.64315483614  

-1.56155873403  -1.5609152874  -1.55869839857  -1.55554539393  -1.55096040653  -1.54326140369  -1.53282830426  -1.51719215416  -1.4882637794  -1.42002304689  -1.14826135365  -0.21870987389  0.895948386177  1.17096959596  1.29021075669  1.32553729289  1.31663934511  1.2703718832  1.17463555138  0.994208409285  0.714057733078  0.439043125105  0.267521937192  0.223514370534  0.302402799551  0.470612995291  0.660894088965  0.796725696557  0.840355500762  0.834562918602  0.802284024451  0.758355877742  0.711462841025  0.673742347789  0.668061123122  0.726994038532  0.86724491264  1.05045688995  1.20944702098  1.31878393633  1.38896388981  1.43433565201  1.46218480363  

0.0  0.0264315483614  0.0960196928559  0.161375285446  0.222476373735  0.285658892879  0.337700133517  0.385101709953  0.434144209813  0.486672319194  0.543320777579  0.578812457398  0.612887501607  0.647788789726  0.702841368208  0.770785717738  0.848045378769  0.928001137237  1.00914307643  1.0914426874  1.16917011104  1.23516178346  1.2943722544  1.3529675859  1.41615806482  1.48558697541  1.56607503139  1.66018071704  1.74214296509  1.82338828094  1.89605555395  1.96442285441  2.03100167812  2.09699890574  2.16307626451  2.22954331868  2.29632559225  2.3626051207  2.4264876816  2.48655385684  2.54299180789  2.59652281105  2.64315483614  

