-1.6454344112e-18  0.386145931093  2.05447025995  3.67217467313  5.54459588057  7.23303449231  8.84677451508  10.4477280584  12.3080320872  14.6017675103  17.1674862006  19.8898808936  22.7186582449  25.6563167468  27.8680827364  30.0970343235  32.3863829135  34.8500982291  37.4115129704  38.9472885079  

1.72190920376e-18  -0.00024441392239  -0.00689910563514  -0.021948056261  -0.0495785915823  -0.0826659925829  -0.117262042782  -0.148111368045  -0.175770435704  -0.196153393951  -0.200515602153  -0.184404003774  -0.147762012987  -0.0972052095442  -0.0603233708904  -0.0302766808536  -0.00928741579309  0.00173917094894  0.00247353606197  -0.000183426156438  

1.04794021623e-19  -0.00126887312334  -0.00672459132133  -0.0119364932675  -0.0176702633822  -0.0215589858147  -0.0211710142728  -0.0175682801597  -0.0123422641016  -0.00553533289917  0.00208371603949  0.00972875634655  0.016033028342  0.017892452353  0.0155786594837  0.0115948465772  0.00695858386423  0.00223009033269  -0.00128525853823  -0.00200858342759  

0.0  0.0128385677386  0.0682523163231  0.121914070499  0.184096096608  0.24022850195  0.294042611878  0.347941786058  0.410772161078  0.487395849973  0.570236117734  0.653113972248  0.7334032243  0.812901728695  0.872537027092  0.933185444764  0.996044064996  1.06478481556  1.1385182979  1.18397554451  

0.0  -7.95446387588e-06  -0.000104459966428  0.000409811534361  0.00527864459251  0.0236871659718  0.0675016128371  0.145845927391  0.284138987263  0.520962170303  0.859243209833  1.27963642415  1.75439471624  2.26614895884  2.6687363679  3.10876096  3.62183633655  4.27359874343  5.09048921354  5.65674188073  

-9.0125832252e-19  2.04105638204e-06  0.000276446225672  0.00149902353233  0.00559023096004  0.0142174724363  0.0277603970717  0.0444847842356  0.0652016212777  0.0891315143287  0.109928114221  0.121655409402  0.121037407735  0.111397338852  0.106489464328  0.110315620133  0.12688581615  0.160223216858  0.209980183365  0.244441921416  

7.2402121906e-19  3.17654170944e-06  0.000478907870361  0.00272068344368  0.0090937166036  0.0190160617392  0.0322051090461  0.0489963092363  0.0734676108818  0.111730983286  0.166345911109  0.23931938491  0.33266966493  0.449440458397  0.551490313508  0.667228946947  0.800165539153  0.96020537491  1.14708830885  1.27027848298  

0.0  0.000247256065325  0.00699177573026  0.0222152560548  0.0494037784127  0.0801719882025  0.113111694998  0.149000448448  0.195054024515  0.258864280155  0.339842804821  0.436627364845  0.548041808923  0.674037591512  0.775369893898  0.883012512627  0.999612452279  1.13288408109  1.28170482357  1.37684273681  

0.0  0.0128389055316  0.0682855726631  0.121988289565  0.183944757338  0.239376090827  0.29203918722  0.344669668551  0.406682768832  0.48476299268  0.574463626711  0.672145673281  0.775454482289  0.883440747112  0.965079660898  1.04810148949  1.13503823908  1.23194983189  1.33826773451  1.40549177743  

-0.00791842383722  -0.00791842611913  -0.00791870497519  -0.00791838432898  -0.00791740869145  -0.0079489919628  -0.00804721092609  -0.00821015884664  -0.00845679527547  -0.00881725290195  -0.00928028434049  -0.00983934783308  -0.0104904517085  -0.0112239148675  -0.0117942865618  -0.0123597565411  -0.0128979022046  -0.013379145298  -0.0136976541122  -0.0137582310286  

0.0350738325586  0.0350738347079  0.0350740297521  0.0350739578961  0.0350736310732  0.0350633567112  0.0350029309822  0.0348539969559  0.034547890526  0.0339584745857  0.0329867409281  0.0315274423528  0.0294697895281  0.0267200590651  0.0242755412784  0.0215880115128  0.0187766836261  0.0160292647099  0.0140549243388  0.0136557867878  

0.263404299374  0.249906403252  0.190444706642  0.132612829874  0.0688099528961  0.0177348012443  -0.0229457250241  -0.0544841650927  -0.0793641407447  -0.0928893710654  -0.0880073894071  -0.0650966386682  -0.0302507520844  0.00750578552159  0.0309123723421  0.0461300250137  0.0505542652558  0.0417791225284  0.0191925401559  0.000331540769122  

0.0308847616415  0.0308870081288  0.0309153885023  0.03091557903  0.0309082159892  0.030918177329  0.0308109180576  0.0304451233997  0.0295941786516  0.0278687276376  0.0250839747829  0.0212766870178  0.0166748001284  0.0116710432377  0.00811109963938  0.00500307274087  0.00254016319248  0.000848989650466  9.00413107859e-05  1.51488190955e-07  

-0.00664414478636  -0.00664201465556  -0.00660636718281  -0.00661073739035  -0.00673457105227  -0.00680267119552  -0.00666782474901  -0.00632487455623  -0.00572731925847  -0.00480723915597  -0.00366538695917  -0.00245187419387  -0.00131933054551  -0.000407046432718  4.87778344458e-05  0.000292220636274  0.000336322846901  0.000217224334085  4.25486853236e-05  -4.00864177955e-06  

-0.0321969706226  -0.0295979901581  -0.0183201676066  -0.00631376890175  0.00958807841981  0.0238799235029  0.0353101103119  0.0440218381952  0.0511333049298  0.0561981221317  0.0579120659558  0.0558893481954  0.0501890474527  0.0410856546211  0.0327427664519  0.023888861491  0.0152856168586  0.0075761310392  0.00203044982473  4.03606940886e-05  

-0.113565927648  -0.113590910179  -0.113928710482  -0.113522902671  -0.110692454466  -0.105918938172  -0.100177437913  -0.0940747073431  -0.0870533909291  -0.0787811208868  -0.0698635728738  -0.0603394120029  -0.0499666880794  -0.0385839380855  -0.0298010098579  -0.0211348850211  -0.0129329268945  -0.00564194965074  -0.000841159230675  7.27110984773e-05  

0.0434000896721  0.0439104438576  0.0459967495091  0.0484277470899  0.0528492878827  0.0583947146924  0.0640604238868  0.0691677497215  0.0739812418351  0.0782246919271  0.0810562174179  0.0820852004565  0.0808750515868  0.076618512182  0.0709166219056  0.0626118683076  0.0511056297336  0.035100516848  0.0143545127872  -5.62553850178e-05  

0.23330430872  0.231630222667  0.224303601934  0.216887241134  0.207442017432  0.197606804723  0.186848338511  0.175073583445  0.160537034774  0.14208164571  0.121510103751  0.100368771225  0.0794825060599  0.0589467704384  0.0442083916032  0.0303395210285  0.0178491519695  0.00742487521655  0.0011040241493  3.2670893867e-06  

1.28389055426  1.28389055426  1.28389055426  1.28389055426  1.28389055426  1.28389055426  1.28389055426  1.28389055426  1.28389055426  1.28389055426  1.28389055426  1.28389055426  1.28389055426  1.28389055426  1.28389055426  1.28389055426  1.28389055426  1.28389055426  1.28389055426  1.28389055426  

-1.42160388667  -1.41367436098  -1.36581592717  -1.28066783645  -1.04872922008  -0.419701946701  0.518278110372  0.925094383768  1.08126646555  1.12766589106  1.08559133522  0.92362580827  0.523132891026  -0.132957265287  -0.482813629162  -0.641228597971  -0.664855486451  -0.558269164894  -0.273222945316  -0.00481948880604  

0.0  0.0128389055426  0.0682858317795  0.121996508365  0.184028789071  0.239678929396  0.292636185364  0.345377581941  0.406856962785  0.482758599597  0.567658847393  0.657619979021  0.750791523934  0.847182138742  0.919777793368  0.993059485617  1.06838502675  1.1494138904  1.23352610385  1.28389055426  

