1.38516156455e-22  0.450535137132  1.2750509744  2.06574118921  2.82504775423  3.54077413306  4.20459320664  4.83388313532  5.47513786834  6.13796581896  6.8268318071  7.53101537371  8.22903573883  8.93170629774  9.64560322479  10.117558107  10.6284849774  10.8599594954  11.0756834807  11.2553669254  11.471323326  11.7496745708  12.2210040332  12.7479594565  13.4624641234  14.3133730082  15.2031637857  16.1422776309  17.1380272072  18.1968110429  19.2847772823  20.3897802682  21.5126780086  22.6547982395  23.7747598657  24.8125433984  25.7931248928  26.7343631148  27.6458587273  28.5334109092  29.4007793897  30.2501170853  31.0813740355  31.889493947  32.6260452106  33.2558949248  33.9138532914  34.5696131692  35.2982973475  36.1076957764  36.9571613641  37.8432228871  38.7654045739  39.7273370976  40.7382484946  41.8195493586  43.0329678959  44.1008744229  45.0143094423  45.2631463915  

-1.23491249991e-22  -0.000337963397627  -0.00270674191899  -0.00710431804625  -0.0132861716744  -0.020869939796  -0.0294271310068  -0.0388924396602  -0.0498919721037  -0.0626973512969  -0.0775508303994  -0.0943595280479  -0.112637503856  -0.132653081955  -0.154625990056  -0.170028635192  -0.187404812418  -0.195446880334  -0.202969781009  -0.209219930152  -0.216669192748  -0.226114923139  -0.241615923651  -0.258140892821  -0.27913039739  -0.301958918887  -0.323286348166  -0.342961708175  -0.360636616006  -0.37582716866  -0.387564820948  -0.395468073166  -0.399350907381  -0.399011653264  -0.394481650383  -0.386578003693  -0.375839920727  -0.36255172478  -0.346912048954  -0.329081134187  -0.309206202515  -0.287455374164  -0.264092041738  -0.239675816333  -0.216472362685  -0.19651866362  -0.176135627123  -0.156656966146  -0.136231363709  -0.115207037024  -0.0951234222328  -0.0763901864984  -0.0593138677001  -0.0441153792831  -0.0309531431556  -0.019900548128  -0.0108095841583  -0.00504315763641  -0.00105431433545  -2.4942202191e-05  

-2.23340248215e-22  -0.00150083453021  -0.0042473130296  -0.0068808765851  -0.00940963307887  -0.0117929308188  -0.0140030124089  -0.0160976908285  -0.0182315824069  -0.0204363314871  -0.0227261724519  -0.0250643272547  -0.0273773776949  -0.0296963056824  -0.0320271864174  -0.0335257591285  -0.0349764132025  -0.0353896059389  -0.0353991970305  -0.03511756348  -0.034591839746  -0.033789884399  -0.0323209283946  -0.0306217341623  -0.028284073288  -0.0254797550843  -0.0225367910146  -0.0194249160143  -0.0161218898855  -0.0126076369851  -0.00899539324624  -0.00532625182434  -0.0015980820952  0.00219269248397  0.00590769176908  0.00934678399571  0.0125915213039  0.0156988785485  0.0186966888358  0.0215966479711  0.0243957846524  0.0270658885143  0.0295143967046  0.0314607467655  0.0322857846693  0.0319293041393  0.0307884438055  0.0292531541799  0.027326196691  0.0250536729402  0.0225981079058  0.0200078140883  0.0173164995205  0.0145512838311  0.0117451460324  0.00895777468794  0.00632959971642  0.00477796005092  0.00422252817423  0.00419712940023  

0.0  0.0150116511802  0.0424749067327  0.0687959280045  0.0940649368157  0.117892997548  0.140018233531  0.16102855112  0.182484017704  0.20471812702  0.227901188303  0.251711027902  0.275480540986  0.299662068085  0.324598684486  0.341341507992  0.359714335666  0.368108338969  0.375972416583  0.382573483508  0.39057343683  0.400973290587  0.418759195675  0.438848547866  0.466346380685  0.49934866515  0.5339800175  0.570454474435  0.608798376112  0.648918418189  0.689157980218  0.728736178144  0.767393648174  0.804926174287  0.839888399955  0.870649142229  0.898324225789  0.923720278877  0.947360276796  0.969643812424  0.990908327861  1.01144555618  1.03148711081  1.05113389686  1.06940181388  1.08549443817  1.10286538012  1.12068488911  1.14091328406  1.16366909301  1.18760404361  1.21236664872  1.23770180358  1.26350735227  1.2898868569  1.31731992131  1.34733878297  1.37329730787  1.39525936792  1.40120570519  

0.0  -1.09038483536e-05  -6.92488745614e-05  -0.000105190229871  -1.4496386899e-05  0.000325977324228  0.00107336911529  0.0024842697894  0.0051265064101  0.00989030899807  0.0180722393882  0.0310858646623  0.0498821063347  0.0759083053092  0.110718428171  0.138810216816  0.174031110926  0.19164560079  0.209017097991  0.224253984633  0.243523918456  0.269882074597  0.318322862521  0.378005465044  0.46795189769  0.588056522998  0.727911744344  0.890220664476  1.07737343469  1.2915183213  1.52558869399  1.77532137343  2.03865329695  2.31327268114  2.58606274573  2.83918212742  3.07634779949  3.30021311019  3.51178198502  3.71138953565  3.89908989338  4.07476124096  4.23803571047  4.38795220224  4.51703971076  4.62254825267  4.72922660037  4.83321593418  4.94769692282  5.07585261996  5.21434322151  5.36637143532  5.53621490331  5.72952771543  5.95404845683  6.22211325812  6.56115770763  6.8953514408  7.2086020854  7.29830815408  

2.47232608197e-22  3.28741279293e-06  7.07217319921e-05  0.000287335601239  0.000711496765039  0.00138333949884  0.00233807142981  0.00365707460169  0.0055680227907  0.00832789650049  0.0122357795522  0.0174923239605  0.0240677506693  0.0321063667074  0.0417327923692  0.0488865440163  0.057296022452  0.0613020929771  0.0651197457197  0.0683502297602  0.0722769405646  0.0773818407406  0.0860766063558  0.0957991130405  0.10886666237  0.124082613072  0.139388057488  0.154651726078  0.169602079681  0.18384391833  0.196422773745  0.206780869062  0.214524052256  0.219236214412  0.22049513641  0.218482227386  0.213615410951  0.206122108744  0.196154644947  0.183843153164  0.169322910382  0.152767465384  0.134460751077  0.114993527797  0.0964632369392  0.0808283616734  0.0655040901985  0.05180280239  0.0388152489224  0.0274530807004  0.0192067700893  0.0147354742191  0.0145829554732  0.0192388703883  0.0292303529631  0.0453047814099  0.0691224725532  0.0939214793194  0.116736424619  0.123045558775  

-5.48253949023e-23  5.07867851039e-06  0.000115250726994  0.000490405029627  0.00125365217186  0.00246216253944  0.00410176441892  0.00618112103353  0.00886811095019  0.0122711348648  0.0164869549594  0.021505214389  0.0271782738662  0.0335893051187  0.0408278354322  0.0460185952593  0.05199811646  0.054824635043  0.0575273799493  0.059838992271  0.0626952721251  0.0665005603084  0.0732559665405  0.0812738434952  0.0929463825234  0.108091453802  0.125436362756  0.145489298358  0.168796183769  0.195983224087  0.226600915842  0.260574705446  0.2981535086  0.339606513067  0.383471514372  0.426988505679  0.470652618211  0.514885920836  0.559871433569  0.605680631384  0.652321080618  0.699732571899  0.747725956895  0.79578647367  0.840733095028  0.880120038572  0.922303799828  0.965395221923  1.01445732165  1.07036066644  1.13059748004  1.19514231158  1.26421423894  1.33840148756  1.41884118087  1.50787001919  1.61174181821  1.70695531728  1.79154333348  1.81513421892  

-1.46327387667e-23  0.000338048167198  0.0027073228657  0.00710346067265  0.0132692784841  0.0207884109814  0.0291750408397  0.0382822471535  0.0485875264162  0.060162628232  0.0730103811486  0.0868530066416  0.101184352194  0.11618009075  0.131992612793  0.142767824734  0.154709928478  0.160203483898  0.165375108401  0.169739448105  0.175061901439  0.182040387831  0.194142665631  0.208087509757  0.227695555476  0.252115558814  0.2789178585  0.308631189108  0.341747771248  0.378779653886  0.418767608533  0.461352692371  0.506603835998  0.554591309735  0.603467176963  0.650258802494  0.695694153146  0.740320578354  0.784379084774  0.827969821684  0.871115853606  0.913770901185  0.955777149939  0.996717725865  1.03403699006  1.06600944641  1.09953791277  1.13307446153  1.17045033141  1.21209311661  1.25597359966  1.30201722188  1.35036273102  1.4014330996  1.45604084456  1.51580766465  1.58494374167  1.6479554925  1.70372826149  1.71925086453  

0.0  0.015012185263  0.0424850458594  0.0688298177195  0.0941269026881  0.117967674502  0.140071471913  0.161013132037  0.18233412304  0.204345779134  0.227189114135  0.250507579469  0.273599931225  0.296842633907  0.320474844792  0.336113101532  0.353036850061  0.360684879204  0.367808435095  0.373764032592  0.380960107024  0.390288029693  0.406191857271  0.424116727954  0.448660293253  0.478263321398  0.509678890464  0.543371539162  0.579717715394  0.619078013638  0.660285556209  0.70290666794  0.746965486329  0.79247845719  0.837695270471  0.880003496285  0.920228006297  0.958949102317  0.9964289492  1.03278139529  1.06803863426  1.10216577621  1.13503595905  1.16633211598  1.19419418894  1.21755253471  1.2415587716  1.26510569529  1.29085296573  1.3189995182  1.3481376307  1.37824857714  1.4094770596  1.44216558656  1.47691252757  1.51483223725  1.55867860766  1.59867591595  1.6340953297  1.64395085788  

-0.0238195068783  -0.0238195772486  -0.023821267474  -0.0238275413818  -0.0238409609672  -0.0238624185259  -0.023890733983  -0.0239245696218  -0.0239645860721  -0.0240096721433  -0.0240581568655  -0.0241074256418  -0.0241547334639  -0.0242002640375  -0.0242442517115  -0.0242720941848  -0.0243010810828  -0.0243137605216  -0.024325310721  -0.0243347778676  -0.0243460128357  -0.0243602966317  -0.0243841082061  -0.0244105323641  -0.0244471771091  -0.0244949750213  -0.0245550922206  -0.024637875338  -0.0247588238855  -0.0249406990808  -0.0252046203317  -0.0255756241413  -0.0260844263541  -0.0267656700703  -0.0276209187776  -0.0286012496921  -0.0297111149135  -0.030957845404  -0.0323450044888  -0.033873455523  -0.0355416283184  -0.0373445482094  -0.0392705164062  -0.0412913542996  -0.0432558866216  -0.045030470511  -0.0469811519021  -0.0490233932723  -0.0514055064368  -0.0541889533543  -0.0572655597275  -0.0606456582138  -0.0643514941139  -0.0684241364922  -0.0729333488782  -0.0780135025329  -0.0840169085056  -0.0895429626127  -0.0944280113388  -0.0957809270638  

0.557540517078  0.55754058267  0.557541937323  0.557546028449  0.557552761511  0.557560423084  0.557566686981  0.55756985398  0.557568580074  0.557561360607  0.557547179493  0.557526085272  0.55749941091  0.557467614169  0.557430964958  0.557404644254  0.557374580363  0.557360551944  0.557347295075  0.557336083594  0.557322369829  0.557304286985  0.557272510518  0.557234839698  0.557178449839  0.557098072546  0.556987473956  0.556821473153  0.556557822468  0.556127670971  0.555452409074  0.55442955119  0.552923460564  0.550764897063  0.547875004599  0.544363250809  0.540173052638  0.53523294117  0.529481952874  0.522868099814  0.515349193865  0.506899245247  0.497527539871  0.487334368221  0.477090202092  0.467565622102  0.456812834703  0.445252303469  0.431394846003  0.414719174753  0.395712922115  0.374175186289  0.34981712445  0.322202883983  0.290659234076  0.25397817308  0.20916957637  0.166607224832  0.127980124016  0.117120393219  

5.39121577132  5.14083533466  4.6827751111  4.24532638385  3.82860745736  3.44025753854  3.08511861496  2.75395500897  2.42302203611  2.08898905911  1.75172111909  1.41866470051  1.10142923823  0.796174180036  0.501571355126  0.315933542087  0.123773997009  0.039992134824  -0.0363038304041  -0.0987907997923  -0.172702652956  -0.265903975031  -0.417973438227  -0.578976459735  -0.781526466592  -0.998433986513  -1.19633086313  -1.37253092763  -1.52223667848  -1.63925151309  -1.7143660057  -1.74457534966  -1.72920061293  -1.66836750998  -1.56779731722  -1.44215034725  -1.29853676806  -1.14173705176  -0.976013436663  -0.805320682768  -0.633378030735  -0.463765861774  -0.300115326881  -0.146565332268  -0.0138835309459  0.0927963582574  0.196426508522  0.290379875632  0.382135835783  0.46638858738  0.532629654463  0.575497636791  0.590159294545  0.572332644361  0.518243328939  0.424314037314  0.28464811883  0.145918961241  0.029573596393  0.000235026100096  

0.58523602994  0.585297490006  0.585661639273  0.586183925776  0.586707987771  0.587119946317  0.587371811499  0.587472974686  0.587443047157  0.587295380019  0.587051917848  0.58674445963  0.586409169955  0.586060190736  0.585707748161  0.585481847094  0.58524900272  0.585149090168  0.585059371138  0.584986464193  0.58489980689  0.584787268678  0.584584757282  0.584319912292  0.583847174938  0.583021274197  0.58172365833  0.579715887317  0.576684617905  0.5722200108  0.566052008731  0.557890252912  0.547381662608  0.534158569679  0.518503621931  0.501481978584  0.483097709375  0.46332020831  0.442191909025  0.419801708652  0.39627588142  0.371787367437  0.346592889317  0.3211411397  0.297308870395  0.276534705501  0.254532788438  0.2324570227  0.207981389078  0.181163917878  0.153796869062  0.126504401736  0.0999010127687  0.0745915121993  0.0512098210073  0.0304480183079  0.0131094291307  0.00363593827183  0.000172325235881  3.15454957551e-06  

-0.0567149039413  -0.0566525770164  -0.0562245752547  -0.0554618574601  -0.0544585682674  -0.0533416401317  -0.0522328272934  -0.0511840709346  -0.0501740532245  -0.0492329850572  -0.0483862112643  -0.0476585168895  -0.0470608965199  -0.0465650561207  -0.0461522329767  -0.0459229266875  -0.0457104341192  -0.0456259734021  -0.0455533670661  -0.0454965015003  -0.0454311824065  -0.0453495468358  -0.0452096380144  -0.0450358558501  -0.0447418128345  -0.0442598864472  -0.0435547607187  -0.0425424674912  -0.0411283575173  -0.0392055845129  -0.0367549270078  -0.0337609411633  -0.0301997136851  -0.026060686165  -0.0215324806098  -0.0169684655418  -0.0123828342474  -0.00778691306717  -0.00321306833176  0.00129646755601  0.00569417614373  0.00992760988309  0.0139361090829  0.017640577619  0.0207997774671  0.0233085907392  0.0257116970771  0.027849849855  0.0298797326061  0.031651010137  0.0328979123844  0.0334598429933  0.0331679792333  0.0318295202283  0.0291974470178  0.0248958953315  0.0181277779144  0.0103900891627  0.00239890541105  -2.14892843795e-06  

-0.0555771827964  -0.0299256091382  0.0151456447478  0.0562826020539  0.0941060535928  0.128428647649  0.159146880074  0.187158206519  0.2143163049  0.240499733597  0.265176944965  0.287272343543  0.305749740514  0.320783741504  0.332421776156  0.338171871297  0.342762866534  0.344352177819  0.34564988651  0.34667407183  0.347903532759  0.349539077219  0.352520312814  0.356243598609  0.362038366648  0.370137140946  0.380018201531  0.391946564483  0.406104675353  0.422561718146  0.440541687702  0.459355392165  0.478379295733  0.496868239834  0.513360575823  0.52648957985  0.536397381082  0.543124582697  0.546615253025  0.546794552801  0.54360024951  0.537000211031  0.527015418372  0.513778390275  0.49842068545  0.482461336882  0.46276628165  0.440104022165  0.411659279937  0.376588331116  0.336644570316  0.292581762567  0.2453698273  0.196149165496  0.14625701428  0.0972210395101  0.0506106620173  0.0197431356771  0.00286905302247  2.16510837879e-05  

-0.107637555591  -0.107963009261  -0.110304417875  -0.114677926304  -0.120627771984  -0.127362865732  -0.134017036023  -0.140109826366  -0.145564568864  -0.149980065765  -0.153037989096  -0.154602653529  -0.154855210136  -0.154161395587  -0.152852961232  -0.151813891093  -0.150637816843  -0.150108196976  -0.149622634987  -0.14922551989  -0.148760217606  -0.148186612778  -0.147302227981  -0.146469639692  -0.145640365668  -0.145129061995  -0.145136492377  -0.14567967801  -0.146723846045  -0.148144813029  -0.149629397463  -0.150765954783  -0.151056348824  -0.149891836747  -0.146714306001  -0.141417563847  -0.133854023015  -0.123839885102  -0.111207417534  -0.0958154074289  -0.0775569364285  -0.0563782418016  -0.0323302459451  -0.00571794018193  0.0213562768462  0.0467357116782  0.075558126082  0.106687842581  0.14413120225  0.189298021507  0.240841556503  0.299262389468  0.365300981092  0.440114028704  0.525543110748  0.624964618685  0.746794676402  0.863241189409  0.969850320447  1.00002557218  

-0.0781204809919  -0.0732895697634  -0.0643244740075  -0.0551939162805  -0.0456335153969  -0.0358277067339  -0.0261624249053  -0.0167409418886  -0.00721109546644  0.00220616004643  0.0112161297431  0.0194289344297  0.026558520478  0.0328279448581  0.0384492744223  0.0418529520555  0.0453326685465  0.0468531584289  0.0482467857449  0.049398065131  0.0507755680294  0.0525441836755  0.0555317211818  0.0588848606632  0.0635086058196  0.0692291344231  0.0755887304271  0.0828696821541  0.0913970281959  0.101563230188  0.113374637379  0.126944311035  0.14246411202  0.160071489327  0.179060767419  0.198038137923  0.216991113351  0.235875544437  0.254531540129  0.272737110725  0.290231375437  0.306720194702  0.321870072735  0.33528603399  0.346078869551  0.354036252416  0.360918238181  0.366119815028  0.369700826695  0.370620890848  0.367690197029  0.359845210511  0.34582891853  0.324022452953  0.292137916411  0.246442481154  0.178787244994  0.102809431768  0.0239098067434  -2.01733839925e-05  

0.668602309091  0.672024713283  0.677706556858  0.682269392195  0.68562925702  0.687697802021  0.68852150461  0.688228084861  0.686781597424  0.684026458304  0.679797172832  0.674062749707  0.667027256774  0.658662189942  0.648937445226  0.641884074583  0.633755923069  0.629940392595  0.626335675059  0.623307402281  0.619650657392  0.614930455987  0.606957024073  0.598099211867  0.58620444764  0.572218787817  0.557796406373  0.54278380403  0.527080594114  0.510602252708  0.493879050337  0.477083153107  0.460178418863  0.443113548559  0.426459194163  0.411047537129  0.39645371832  0.382366327583  0.368599293379  0.355024002992  0.3415420137  0.328076331279  0.314573030429  0.301017689429  0.288046492968  0.276135748527  0.262573303586  0.247801410195  0.22994987439  0.208524757258  0.184562173817  0.158446794358  0.130717711644  0.102066211165  0.0733809256496  0.0457997626399  0.0208087333115  0.00604915201501  0.000294573485841  1.41196647238e-06  

1.50121852915  1.50121852915  1.50121852915  1.50121852915  1.50121852915  1.50121852915  1.50121852915  1.50121852915  1.50121852915  1.50121852915  1.50121852915  1.50121852915  1.50121852915  1.50121852915  1.50121852915  1.50121852915  1.50121852915  1.50121852915  1.50121852915  1.50121852915  1.50121852915  1.50121852915  1.50121852915  1.50121852915  1.50121852915  1.50121852915  1.50121852915  1.50121852915  1.50121852915  1.50121852915  1.50121852915  1.50121852915  1.50121852915  1.50121852915  1.50121852915  1.50121852915  1.50121852915  1.50121852915  1.50121852915  1.50121852915  1.50121852915  1.50121852915  1.50121852915  1.50121852915  1.50121852915  1.50121852915  1.50121852915  1.50121852915  1.50121852915  1.50121852915  1.50121852915  1.50121852915  1.50121852915  1.50121852915  1.50121852915  1.50121852915  1.50121852915  1.50121852915  1.50121852915  1.50121852915  

-1.54870888467  -1.54763344016  -1.54536681979  -1.54274042828  -1.53967109151  -1.53612906997  -1.53209634664  -1.52738686661  -1.52138472568  -1.51339225902  -1.50223390777  -1.48603470401  -1.46158087819  -1.41997202568  -1.33366063729  -1.20404286086  -0.794646909469  -0.317815798646  0.290067277794  0.681973706467  0.95682042196  1.14125526468  1.28697659314  1.36303072972  1.41564673552  1.44873912204  1.46852768602  1.48128273369  1.48965106721  1.49486913304  1.49741827547  1.4976267566  1.49551549391  1.49075256278  1.48293481782  1.4719576274  1.45688925251  1.43604445929  1.40658873998  1.36350690597  1.29725728599  1.18803090415  0.991434239644  0.617344782619  0.0641046070397  -0.390935738888  -0.696423468206  -0.869722798068  -0.978691922396  -1.04450786562  -1.07754333909  -1.08586294696  -1.07164237806  -1.03202149562  -0.957618667907  -0.827425587782  -0.595531784028  -0.315063276407  -0.0625556126019  -0.000490757582824  

0.0  0.0150121852915  0.0424850610323  0.0688300945524  0.0941287060721  0.117974550009  0.140090203612  0.16105460095  0.182416433896  0.20449525244  0.227438844919  0.250888599038  0.274126794223  0.297508938841  0.321242909422  0.336907730422  0.353807661483  0.361423022643  0.368502143648  0.374409439001  0.381532756282  0.390741515264  0.406372654963  0.423876743722  0.447633574553  0.475943036718  0.505556446859  0.536817512746  0.569967517316  0.60521802559  0.641440798371  0.678230422395  0.715614511265  0.753636195962  0.790916658978  0.825457006659  0.858087540894  0.889400906598  0.919713828586  0.949214838897  0.978021690703  1.00619329709  1.03370540197  1.06035554825  1.08454620111  1.10521560544  1.12685343596  1.14846889719  1.17252823738  1.19928221082  1.22737820781  1.25669154536  1.28719690237  1.31900348893  1.35240181531  1.38807667205  1.42802566383  1.46310095381  1.49305978337  1.50121852915  

