-1.60525685351e-18  0.670125252143  2.78338615309  4.7497442842  6.55193954066  8.34330405214  9.88479795932  11.3965285565  12.976540664  14.6480964063  15.8170483381  16.7779868678  17.6232092773  18.8219078183  20.7400610676  22.9064578396  25.2710834955  27.8081518875  30.3898004527  32.9804557498  35.5927819846  37.9327099055  39.9698863879  41.8474125378  43.638647498  45.3804853972  47.095729034  48.7981729643  50.4970156828  52.2236637675  54.0567158113  56.0636559946  58.2399354473  60.5094556511  62.8035160486  65.1241579754  67.3647111305  

-4.25785435988e-18  -0.000748128031356  -0.0129062102051  -0.037582368936  -0.0715114370476  -0.115957457033  -0.162755782399  -0.216324239444  -0.280408080448  -0.357114218495  -0.415932236297  -0.466426699659  -0.510306669933  -0.569261254738  -0.654193948078  -0.735706012286  -0.807051833392  -0.863081141077  -0.898272374045  -0.911464095868  -0.902356747538  -0.875155693115  -0.836922547501  -0.789862893445  -0.734705784039  -0.672058752187  -0.602853098263  -0.528942374891  -0.453317990114  -0.378378466448  -0.304322863091  -0.232184913544  -0.166007664125  -0.110962212972  -0.0695420385766  -0.0404519932998  -0.0204732353542  

1.47876786302e-17  -0.00223320701364  -0.00927550528577  -0.0158280279484  -0.0218331562692  -0.0278013260606  -0.0329352829972  -0.0379662242815  -0.0432129722889  -0.048712124095  -0.0523356921747  -0.0533704275803  -0.051264810835  -0.0475113907013  -0.0412620235974  -0.0341285600683  -0.0263166709372  -0.0179252967028  -0.0093848042749  -0.000819363022445  0.00780308235565  0.015496726743  0.0221421913542  0.0281678763678  0.0337160405569  0.0386879522832  0.0427004468049  0.0450285189051  0.0450051218258  0.0427550460721  0.0388384422794  0.0336695026773  0.0276448404638  0.0213057566095  0.0152757613558  0.0104346844858  0.00807465615171  

0.0  0.0223317385541  0.0926997653043  0.158260841063  0.218715985577  0.279532846726  0.333339735313  0.388840920282  0.451595194839  0.525676113116  0.583562610379  0.635150239429  0.683159613263  0.754141490399  0.871771328128  1.00589576397  1.14739205866  1.28631024352  1.4077341093  1.50580437793  1.58098212348  1.63230163267  1.67029816828  1.70545035116  1.74423714188  1.79111892516  1.84885287707  1.91775639689  1.99476965981  2.07471391411  2.152738593  2.22229368802  2.27538942435  2.30842120729  2.32564223617  2.3354125744  2.34468140984  

3.03782048334e-19  -2.32123433706e-05  -2.53096542799e-05  0.00224320841155  0.0143623513696  0.0537256124719  0.124884403616  0.238988448666  0.414192730058  0.67144517515  0.90043802547  1.12044138645  1.34005070308  1.69260075898  2.34752530189  3.20373127642  4.24965727242  5.45702328503  6.71892713231  7.95296552226  9.09504119964  9.97826740904  10.6112588915  11.0720605983  11.4039685591  11.6375387318  11.80176646  11.9276417702  12.0493723454  12.2056435946  12.4452758976  12.8294122658  13.4145236633  14.2228576199  15.2478260921  16.495867753  17.8967556399  

-7.17320968564e-18  1.06754390745e-05  0.000681955938723  0.00345638334609  0.0105530600074  0.0253273751587  0.0454271653163  0.0718137042406  0.106337086941  0.150651741846  0.18647052575  0.218461097885  0.247360530928  0.287934894199  0.349911163953  0.413112537765  0.47058170225  0.514601636004  0.535671724005  0.527667865065  0.485609408622  0.416799355649  0.333111279139  0.238196781929  0.134830247496  0.0266791948527  -0.0812688413431  -0.181974285486  -0.266535745534  -0.327224237872  -0.358756037932  -0.355468219765  -0.314164015896  -0.239194169652  -0.139962834928  -0.0248073511283  0.089701302725  

-9.73501707219e-18  1.67276439631e-05  0.00120034655712  0.0058773958337  0.0147369094142  0.0282075135384  0.0434962187005  0.0619760510366  0.0853249736036  0.114995820143  0.13903476883  0.160863613861  0.181905036375  0.214931914191  0.275846337835  0.357455576181  0.463235036866  0.597222988021  0.755890240861  0.937348976847  1.14127795315  1.33946585499  1.52168761046  1.69567412749  1.86548439614  2.03296186952  2.19936268402  2.36580910151  2.53382473459  2.70785798831  2.89794041486  3.11482088136  3.36403635249  3.64412985368  3.9530909592  4.2968170999  4.66326220867  

5.573900594e-18  0.000748169646697  0.0128886054887  0.0370242882633  0.0678364997317  0.103664225331  0.137578033993  0.173712078063  0.214910428473  0.262714265146  0.29885418611  0.330163731405  0.359243252537  0.403091205996  0.479450224796  0.574941713273  0.690350208359  0.826667437914  0.977401413376  1.1385864182  1.30769278488  1.4608856709  1.59223749215  1.70895651413  1.81432463064  1.90961952238  1.99564090246  2.07327874616  2.14402599077  2.21104744323  2.27990629999  2.35703837338  2.44835180634  2.55779856007  2.68790300741  2.84285326918  3.01685066061  

-1.3786707119e-17  0.0223334257112  0.0927603470711  0.158257710045  0.2181525344  0.277510309614  0.32864833813  0.379218150487  0.43296374227  0.491330388192  0.533295267656  0.568466143948  0.600305883092  0.647091830593  0.725843089143  0.820837359054  0.932238235062  1.06083884839  1.20077060799  1.34865754608  1.50196109219  1.63843480318  1.75233028263  1.8494662564  1.93185772489  1.99964315471  2.0526095931  2.09095122631  2.11599208563  2.13065624383  2.13900280573  2.14613307954  2.15889608624  2.18424245573  2.22664497512  2.28882970958  2.36751649148  

-0.0355587130068  -0.0355593156403  -0.0356159511683  -0.0359085835901  -0.0365143536878  -0.0372910590542  -0.0379580155422  -0.0386001558303  -0.0392964266744  -0.0400842373305  -0.0406511229807  -0.0411000312785  -0.0414700847273  -0.041945073118  -0.0425426240328  -0.0428988600755  -0.0428190737708  -0.0421810362767  -0.0411000821145  -0.0399474955353  -0.0392995939919  -0.0397474000545  -0.041352522125  -0.0440891761766  -0.0479466106243  -0.0528758361407  -0.0587785580628  -0.0655074945211  -0.0729024798124  -0.0809518417419  -0.0899678379987  -0.100359171587  -0.112326425499  -0.125764370122  -0.140529781936  -0.156764546115  -0.173599751991  

1.41920830941  1.41920885104  1.41924102728  1.41930131725  1.41921463243  1.41884000005  1.4183067724  1.41760876902  1.41665442683  1.41534805212  1.41427125703  1.41333960355  1.41251731504  1.4113847963  1.40981713864  1.40877592805  1.40905553949  1.41142764087  1.41586590423  1.42106629899  1.42424531052  1.42178603693  1.41243961957  1.39549742102  1.37019491144  1.33601465545  1.29280608247  1.24085854238  1.18070655591  1.11177783011  1.03048771824  0.931700932928  0.811589703322  0.669301738377  0.504857608419  0.315391545478  0.110364258761  

16.6145051402  15.6683773436  12.7286226927  10.1167068676  7.89107342402  5.89104379924  4.36844610405  3.06569776643  1.90604826931  0.893846119347  0.307915107604  -0.103584408646  -0.421277021661  -0.806957240027  -1.28104842968  -1.63886063025  -1.85762125224  -1.93426399947  -1.87655290154  -1.70635988602  -1.44792631203  -1.1718607273  -0.922972373552  -0.705213896844  -0.518355497485  -0.358082919602  -0.214415217454  -0.0728839995371  0.0820031832273  0.263413348257  0.479073785483  0.713547542578  0.902593777126  0.945606117416  0.778457135578  0.441170387345  0.154691357871  

1.47220688865  1.47254331164  1.47627347603  1.47908711604  1.47706019133  1.46910297958  1.45783637158  1.44366468922  1.42670696696  1.4080801935  1.39584932304  1.38705522137  1.3804763782  1.37299167521  1.36527875686  1.36223101199  1.36453345794  1.3711989753  1.37848387398  1.38060051837  1.3703128817  1.34423598174  1.30453238822  1.25177388889  1.18615440031  1.10822386656  1.01895252793  0.919876714771  0.813002310815  0.699138005324  0.576322728104  0.444566851837  0.311155769399  0.189964925314  0.0942833700798  0.0332271619746  0.015079763784  

-0.160539500825  -0.160188382951  -0.154260811897  -0.142139043458  -0.126996404614  -0.110677820251  -0.0969886574806  -0.0844325751468  -0.0725629901899  -0.0618037216087  -0.0556627225113  -0.0516427831569  -0.0488560594351  -0.0459361556272  -0.0432906528091  -0.0425151390868  -0.0433910586045  -0.0451857524925  -0.0465944383549  -0.0461975080244  -0.0427256810442  -0.03634337554  -0.0281847155753  -0.0187691118581  -0.00851357188311  0.00213855975233  0.0127424025807  0.0228654731627  0.0321186775753  0.0402545394437  0.0470803796759  0.0519242843683  0.0534091442049  0.0498763466095  0.039936629793  0.0222399810578  -0.00302049970445  

0.0891001597802  0.196338029722  0.507992812322  0.760157500989  0.944952996538  1.06334953384  1.10605333832  1.09682143425  1.03809559766  0.927684334234  0.82497905285  0.729248086379  0.643743552938  0.528084706743  0.362744206518  0.210439511076  0.090554004583  0.0189252558918  0.00693543489789  0.0528631142446  0.149193839497  0.266918267754  0.38338140463  0.493712668476  0.594401431977  0.681533266796  0.750698546359  0.796536060095  0.813156742233  0.795816430094  0.739896596515  0.640862433139  0.502018605342  0.341733844331  0.187803497207  0.068362914802  0.0158760194255  

-0.25983775694  -0.261855378293  -0.292005600409  -0.32714347681  -0.323622928479  -0.279783809764  -0.229410047165  -0.182864918255  -0.143160912917  -0.11188846385  -0.0955850148247  -0.0848784036056  -0.0769395686991  -0.067539878982  -0.0559101097665  -0.0465350801833  -0.0406487255311  -0.0407593919571  -0.0498349028125  -0.0692481944534  -0.0978366302442  -0.126890995708  -0.149749572943  -0.164104521661  -0.167892354674  -0.159403486269  -0.137641723203  -0.102517756846  -0.0547342556415  0.00555401100968  0.0809622477237  0.175858699041  0.29359748275  0.435163073342  0.601649228701  0.798192057656  1.01789121624  

-0.100677075709  -0.0830231137628  -0.0181723817076  0.0562167528633  0.114771203842  0.143623453073  0.146629691493  0.138128773896  0.124611780049  0.110724689913  0.102951547058  0.0980664659403  0.0947845412747  0.0914982743097  0.0882813832619  0.0850335027029  0.0793305354405  0.070131782752  0.0602783530754  0.0557871581813  0.0642923594684  0.0886266712134  0.124842057718  0.170144981517  0.221795632674  0.276450526384  0.330325315608  0.379503067219  0.420523420461  0.451131981042  0.469466707453  0.47155984301  0.451177316972  0.40154466816  0.315175460731  0.179709137241  -0.0114245425789  

1.25609946175  1.26213651044  1.2684407796  1.2487910899  1.20378397514  1.13517572384  1.06161011331  0.980798446043  0.891426967828  0.796233353318  0.732231686734  0.683456140877  0.645270355041  0.599636674155  0.544670213162  0.502631767414  0.472555521056  0.450663649434  0.433602557274  0.418541481027  0.404323063152  0.392605359466  0.38370781468  0.377043624685  0.372374206947  0.369476898287  0.367721391996  0.365461455876  0.359544706354  0.345760402016  0.319331535695  0.275650467605  0.213809042706  0.140742848998  0.0696413923213  0.0155945988129  -0.00347985534561  

2.23334260219  2.23334260219  2.23334260219  2.23334260219  2.23334260219  2.23334260219  2.23334260219  2.23334260219  2.23334260219  2.23334260219  2.23334260219  2.23334260219  2.23334260219  2.23334260219  2.23334260219  2.23334260219  2.23334260219  2.23334260219  2.23334260219  2.23334260219  2.23334260219  2.23334260219  2.23334260219  2.23334260219  2.23334260219  2.23334260219  2.23334260219  2.23334260219  2.23334260219  2.23334260219  2.23334260219  2.23334260219  2.23334260219  2.23334260219  2.23334260219  2.23334260219  2.23334260219  

-1.56009563018  -1.55944933511  -1.55680674263  -1.55305101954  -1.54766396034  -1.53915625117  -1.52737795857  -1.50792437279  -1.46807564183  -1.35022121755  -0.987351737635  0.466890330715  1.113412229  1.31652521333  1.40625148605  1.44065591251  1.45605016905  1.46218898019  1.46172144035  1.45427187519  1.43591044723  1.40280373521  1.3504165712  1.26782550332  1.13760627302  0.93481350699  0.630296862441  0.218953743231  -0.221282829482  -0.576930558862  -0.816859613431  -0.957898532571  -1.01418245531  -0.983953016168  -0.836537060839  -0.512651191265  -0.176364491365  

0.0  0.0223334260219  0.0927620017437  0.15829537318  0.218359028968  0.278062742526  0.329437889351  0.379816783503  0.432456967002  0.488096509937  0.526889041543  0.558524882915  0.586443840419  0.626232361882  0.690022265692  0.762113634476  0.84081187639  0.925245784704  1.01115421542  1.09735004214  1.18424850807  1.2620582271  1.32976121646  1.39210012902  1.45148553488  1.50910269504  1.56566529915  1.62162676661  1.67738996005  1.73413703539  1.79452631227  1.86077875557  1.93270092336  2.00770605879  2.08342601236  2.15980942203  2.23334260219  

