-4.12042731008e-20  0.795202052287  3.07179726874  5.27087744503  7.46704546455  9.52971959043  11.510917481  13.2369789702  14.9958312185  16.8569324627  18.7293310193  19.777560703  20.8306538503  22.2923193094  24.1139463057  26.0711737668  28.1500196879  30.3554432095  32.6132274042  34.8767008231  37.1022335142  39.1864813125  41.1218996131  42.9964745713  44.9007835795  46.7942113254  49.15937668  51.5513630476  54.0211908262  56.8301827287  59.8421017033  61.0237300245  62.3722358931  63.6594657534  66.1739808167  68.5854317315  70.8531740075  73.249597396  75.3068258195  77.3224473586  79.0481045419  79.9010549124  

5.52252613588e-20  -0.00105365306833  -0.0157227423005  -0.0462933262463  -0.0929108993925  -0.151338412667  -0.220814683355  -0.292008878921  -0.37475627136  -0.473455782261  -0.583719756055  -0.647958771928  -0.710562246655  -0.791958470248  -0.883840764629  -0.970559535294  -1.04904070522  -1.11709833057  -1.17100955152  -1.21039845916  -1.23863338841  -1.26189008073  -1.28502225221  -1.30966469932  -1.33488648829  -1.35582602187  -1.37017394084  -1.36793445288  -1.34664820583  -1.29853701562  -1.21899936706  -1.18098093718  -1.13815996388  -1.1019655817  -1.04669011401  -1.01327136538  -0.999444927968  -1.00340609548  -1.02204424166  -1.05396897043  -1.09205522868  -1.11454672077  

-4.06439918024e-19  -0.00265032006946  -0.0102379756535  -0.0175675342079  -0.0248878409109  -0.0317636188604  -0.0383678527703  -0.0441205768076  -0.0499779494107  -0.0561501215223  -0.0619493491299  -0.0613308436916  -0.0582069134847  -0.0535324072579  -0.0476150853676  -0.0412457347643  -0.0345184952812  -0.0275004793254  -0.0206475530779  -0.014774077313  -0.0115448559011  -0.0115384344886  -0.0128219631105  -0.0137213459004  -0.0127741073076  -0.00926887757402  -0.00274369741214  0.00469388353237  0.0126351546838  0.0217403192683  0.0312131332572  0.0333450457844  0.0302736987207  0.026161790849  0.0178757073463  0.00987209306962  0.00233234050026  -0.00564131745297  -0.012489662561  -0.019202178833  -0.0249512728138  -0.027793729159  

2.09820001781e-19  0.0265008632865  0.102262658045  0.175369238478  0.248903282308  0.319525724941  0.390448257741  0.45666889468  0.53066051218  0.618728739289  0.720022098807  0.782154428696  0.847218385839  0.939245669341  1.05354541602  1.17232233707  1.29074183878  1.40544074729  1.51043690204  1.6042213959  1.68902725838  1.76727079177  1.84226923514  1.91774675112  1.9960496373  2.07241456144  2.1602834732  2.23731991497  2.30567916461  2.37764403094  2.46350760332  2.50311729725  2.55225410305  2.59965438041  2.68280383387  2.74621473618  2.79645444939  2.85174915338  2.91279801076  2.99620803026  3.09531179344  3.15655780678  

4.7351573373e-19  -3.17534004611e-05  2.38424196875e-05  0.00196960118484  0.00985751842407  0.0364501847688  0.102661365037  0.207874518833  0.368071623024  0.600826169797  0.905181020568  1.10668710208  1.3321393267  1.67510261635  2.1376088129  2.66016343238  3.22481563928  3.81514128411  4.39292761631  4.93348853697  5.42727804137  5.8736926763  6.30153996309  6.7528441155  7.26443511387  7.82598409984  8.56966617792  9.30828620258  9.98921965941  10.603441309  11.0553207798  11.1838308564  11.3157055484  11.4537163553  11.8459389289  12.4575597244  13.2890335314  14.4670963786  15.7497184464  17.2826442348  18.8469359089  19.7185664139  

-8.14166576723e-20  1.76943447589e-05  0.000877314391774  0.00394224480517  0.0109852351635  0.0247204285755  0.0477080962426  0.0760036986333  0.111856969751  0.156590782437  0.208050814114  0.238435870632  0.267514750775  0.303600526229  0.340646002754  0.370075625845  0.389353877039  0.39645656206  0.390190857897  0.372267130819  0.349086387101  0.332191153909  0.328162495334  0.336732630851  0.353873363694  0.369798393166  0.372836474595  0.345744514047  0.281049478223  0.164018897462  -0.000114596485694  -0.0685976750943  -0.13326204417  -0.170021869385  -0.171614374657  -0.100171918379  0.0164356619847  0.180310544731  0.350381479797  0.543876577644  0.733423828728  0.836506898303  

4.33963894833e-19  2.79625426641e-05  0.00161358970689  0.00799500200563  0.0209951235374  0.0370532481106  0.0521219164938  0.0641435447848  0.0765421470751  0.0914447308348  0.109487355196  0.12117142358  0.134325155278  0.154917279646  0.184370492431  0.220636494922  0.264207353032  0.315776665623  0.373781636687  0.436638768526  0.502562922323  0.568022310832  0.632369097101  0.69849133301  0.770279433057  0.847174186337  0.951544492654  1.06560154719  1.18992856355  1.33523551764  1.49039458825  1.54992603498  1.61734293632  1.68166387303  1.80927513989  1.9403909062  2.07856010858  2.24697110286  2.41472322157  2.604008572  2.78892274305  2.88913064768  

-1.84691688429e-19  0.00105366894981  0.015694699591  0.045425362517  0.0855069718265  0.122705991971  0.15189245129  0.174100595465  0.197618071694  0.226200572879  0.259788962201  0.280689397814  0.303441575276  0.337607458831  0.383980410686  0.438002538711  0.499557738236  0.568863514624  0.643269226375  0.720496748561  0.79836182316  0.873147548831  0.944886523631  1.01737661757  1.09501681578  1.17681820028  1.28463628279  1.39682233421  1.51096772028  1.63173082408  1.74283674547  1.77993606963  1.81845406882  1.85293974814  1.9212458786  1.99937015248  2.09337002838  2.22091134006  2.3574469399  2.51878560475  2.68141894553  2.77110836492  

3.02943478553e-19  0.0265037979789  0.102379772264  0.175615501122  0.248408675662  0.315855872745  0.379245372339  0.433454616866  0.488363322336  0.547054214139  0.607605101638  0.642347983651  0.678540727398  0.73089816822  0.799763714076  0.878372334403  0.966992155597  1.06625802111  1.17245242473  1.28206260397  1.39143548998  1.49490414243  1.59243152655  1.68917052654  1.79087706392  1.89627379645  2.03325597842  2.17416697683  2.31564505667  2.46073632763  2.58270710044  2.61788583455  2.64942624676  2.67333395634  2.71400748312  2.76182152006  2.82764349229  2.92850532126  3.04634301687  3.19438017995  3.35040390086  3.43867410093  

-0.00907544007886  -0.00907565681766  -0.00908822953181  -0.0091284892524  -0.00916999398075  -0.00918051741692  -0.00921813018442  -0.00936734686506  -0.00970363671911  -0.0102878232635  -0.0110710748341  -0.0115504068045  -0.012045561137  -0.0127429550163  -0.0136124085788  -0.0145292690091  -0.0154706692759  -0.0164337437811  -0.0174031490447  -0.0183939021275  -0.0194039468786  -0.020337345663  -0.0210955110682  -0.0216279457017  -0.0218866149012  -0.0218292475335  -0.0213573723088  -0.0205830363047  -0.0197689448742  -0.019382487454  -0.0204326060919  -0.0214245176049  -0.0229991708467  -0.0249245637898  -0.029723330519  -0.0354204222673  -0.0414772897052  -0.0480019728533  -0.0527236947855  -0.0549869596934  -0.0531809844089  -0.0502539799552  

0.465811987382  0.465812190009  0.465821568901  0.465843023919  0.465856171848  0.46585732893  0.465850588826  0.465798242665  0.465621746906  0.465209958905  0.464515985369  0.464024940174  0.463468356737  0.462602095161  0.46138951998  0.459951347035  0.458300769109  0.456423554791  0.454335497053  0.451994829053  0.449398902  0.446814629178  0.444576243129  0.442913057981  0.442063322733  0.442267159579  0.444006349573  0.447024576288  0.450381470495  0.452056858834  0.44707175282  0.442181542773  0.434195516447  0.424150059275  0.398092470508  0.36566655491  0.329737710463  0.289539646038  0.259471997406  0.244683549782  0.256866919447  0.276840471077  

6.94206954645  6.57068117144  5.49240058527  4.45607369847  3.45637430567  2.57817728867  1.81937901255  1.24595696602  0.757347631617  0.349607830531  0.0490421263035  -0.0749473738133  -0.172382023337  -0.266336983914  -0.32633976564  -0.335819249966  -0.302157739477  -0.236982008576  -0.157401317824  -0.0803237353145  -0.0195083255354  0.015433775808  0.0230706200846  0.00408232578104  -0.0429820380893  -0.115244599093  -0.229922478863  -0.348121556999  -0.431334280897  -0.413020769441  -0.170214823951  0.00910160498889  0.284830279734  0.628527948547  1.54347487741  2.72534482624  4.09175734402  5.79528744133  7.49871588425  9.45116630187  11.4124953098  12.4946523327  

0.608971282799  0.609161328887  0.610887454459  0.612479231549  0.612980549486  0.612944351808  0.613356655004  0.614227501773  0.615110227499  0.615353573065  0.614661126769  0.61404842958  0.613307970939  0.611895639129  0.609260698027  0.605174110904  0.599359095946  0.591529851137  0.581698227057  0.569929204111  0.556702442524  0.543760393371  0.532840194058  0.524941137457  0.520961745092  0.521613142486  0.528157093252  0.538715159635  0.549506031425  0.554739857305  0.542626217641  0.530906725571  0.512192061343  0.48955056656  0.435311927656  0.37517621249  0.315048265963  0.250269983373  0.193333899116  0.132019596465  0.0672045920534  0.027133539264  

-0.0536607681083  -0.0534678569174  -0.0513178994063  -0.0485076293465  -0.0470750018624  -0.0481658931746  -0.0509680852087  -0.0535963045097  -0.055382130502  -0.0558241504126  -0.0551274596648  -0.054573384118  -0.0539565980031  -0.0528657924167  -0.051001593566  -0.0483706802492  -0.044962162336  -0.0407769722208  -0.0359756509887  -0.0307192015079  -0.0253111122415  -0.0204409290679  -0.0166207112311  -0.0140232708471  -0.0127682843432  -0.0128993487042  -0.0145417057613  -0.0169723916469  -0.0191354805494  -0.019807259458  -0.017335920699  -0.0154178656528  -0.0126932823033  -0.00980557512506  -0.00438138517465  -0.000608065322358  0.000843724597684  -1.87106519831e-05  -0.00185295139531  -0.00227746383461  0.00188300366592  0.00699367417929  

-0.255799614995  -0.215013125818  -0.112300963437  -0.0307296173062  0.0381617234327  0.0936582863327  0.136071237398  0.161008528065  0.172242608625  0.166312512996  0.140831754183  0.120420121327  0.100861428991  0.0777143706192  0.0558350232534  0.0406872872546  0.0333193919299  0.0340885262547  0.0421770166776  0.0546869624781  0.0658931597295  0.0685670067938  0.0608320639766  0.0450496488734  0.025257155762  0.00872030975492  0.00172973725264  0.0159728898297  0.054840062713  0.125755562389  0.223339938499  0.263537585478  0.303744650393  0.33205139993  0.359504318507  0.358620783143  0.344654874582  0.331066165076  0.333873476504  0.36135266925  0.411120385184  0.445743868663  

0.0754537982887  0.0745337017744  0.0632211357453  0.0451409839069  0.0271177633453  0.0157258427138  0.012780834513  0.0163005273374  0.0234294981943  0.032183174392  0.0406766932099  0.0449705405857  0.0486553460204  0.05217579804  0.0536109529392  0.0516280238332  0.046089027793  0.03720715023  0.026059942469  0.0143605817016  0.00417027998048  -0.00288848505579  -0.00699108997903  -0.00918316798043  -0.0105079203632  -0.0119725758354  -0.0155982026249  -0.0227486106103  -0.0337549739562  -0.0459505876134  -0.0443880365166  -0.0350808777373  -0.0160480080104  0.0117800556562  0.0958489367727  0.215197423188  0.361581998619  0.546118628219  0.715083359135  0.864243806076  0.946055239384  0.957268743242  

0.0375420866201  0.0311680269166  0.0118392824146  -0.00230140600599  -0.00848092950547  -0.00837270730805  -0.00528167617196  -0.000964387899966  0.00516136791144  0.0136466691827  0.02332860153  0.0283654344282  0.0326764981966  0.036958094517  0.0391660281712  0.0379000653747  0.0334781268797  0.0270723110159  0.0207042623887  0.016196809447  0.0143198524378  0.0143991353652  0.0150938076421  0.0155420227574  0.015352224089  0.0145394996362  0.0134298362298  0.0140995620652  0.0196670774585  0.0353676793704  0.0622351266461  0.0732264547084  0.0837219744187  0.0896584972762  0.081495063871  0.0362953562497  -0.0553137431301  -0.225257272257  -0.452441235965  -0.769687770926  -1.132240252  -1.34673272861  

0.357513771818  0.355018333977  0.352372650811  0.353495195802  0.354517445189  0.352365535468  0.345651684165  0.335541616536  0.321296660672  0.302718507891  0.282192259384  0.271118117472  0.260999022161  0.248659370419  0.235601689748  0.223889821313  0.213599203068  0.204692029303  0.197337626264  0.191362926418  0.186354957432  0.181848666613  0.177528022048  0.173379752182  0.169583480583  0.166431287593  0.163103507084  0.159928057311  0.156683529492  0.153629101344  0.153186733885  0.154544205312  0.156207558697  0.156568035489  0.153662663901  0.150641296168  0.156619496195  0.187145994005  0.249160880115  0.359457623965  0.507509549216  0.60338834179  

2.65037988247  2.65037988247  2.65037988247  2.65037988247  2.65037988247  2.65037988247  2.65037988247  2.65037988247  2.65037988247  2.65037988247  2.65037988247  2.65037988247  2.65037988247  2.65037988247  2.65037988247  2.65037988247  2.65037988247  2.65037988247  2.65037988247  2.65037988247  2.65037988247  2.65037988247  2.65037988247  2.65037988247  2.65037988247  2.65037988247  2.65037988247  2.65037988247  2.65037988247  2.65037988247  2.65037988247  2.65037988247  2.65037988247  2.65037988247  2.65037988247  2.65037988247  2.65037988247  2.65037988247  2.65037988247  2.65037988247  2.65037988247  2.65037988247  

-1.56425986763  -1.56389026006  -1.56252305718  -1.56055393556  -1.55753176783  -1.55299392897  -1.54546856686  -1.53322304544  -1.50682045897  -1.42471071498  -0.724998548251  0.914261240917  1.2346689152  1.33598316476  1.36518188481  1.35775335501  1.3201756282  1.23703781209  1.06578503747  0.717908065022  0.198429816411  -0.150628055872  -0.215334219366  -0.0377325544971  0.374258196596  0.812568883637  1.13599323531  1.28335349805  1.34552552794  1.34032269859  1.03022937847  -0.0847608165373  -1.18707457288  -1.37505776535  -1.47480519142  -1.5059041898  -1.52015570424  -1.52940531933  -1.53565564967  -1.54171448903  -1.54750108647  -1.55068884173  

0.0  0.0265037988247  0.102382520808  0.175681213731  0.248889268539  0.317655204822  0.38371253206  0.441267408955  0.499912992028  0.561937800092  0.624119588397  0.65863004869  0.693541292533  0.742120236961  0.802702373465  0.867784746773  0.936867714866  1.01007135324  1.08485728021  1.15955898508  1.23267181594  1.30101780268  1.3645004514  1.42597952831  1.48844075166  1.5507112699  1.62884561039  1.70812464314  1.79011635503  1.88342362731  1.98333737624  2.02224494194  2.06673244009  2.10946697947  2.19311769305  2.27340273007  2.34892391083  2.42874420271  2.49727779634  2.56443776142  2.62194859964  2.65037988247  

