1.02879431132e-18  0.229573857354  1.63775882064  2.9896476122  4.43411614141  5.95256475107  7.52950829874  9.51414362907  11.6162855506  13.9312499966  16.2531563754  18.5764199744  20.7037012808  22.7330145877  23.1579019499  

2.33383189308e-19  -8.39560949348e-05  -0.00422365220871  -0.0138026431273  -0.0290614636063  -0.0472102987139  -0.0631101866058  -0.0749660144042  -0.0765572989254  -0.0664141343758  -0.0482408434299  -0.0290104976716  -0.0141391983885  -0.00233058647  9.10006105101e-06  

1.17517572137e-18  -0.000734204421145  -0.00514645648913  -0.00905181561393  -0.0119836714745  -0.0116575611509  -0.0085203048344  -0.00347914695036  0.00188337963241  0.00666948031314  0.00866529498734  0.0078497808361  0.00638267654112  0.00561460142373  0.0055901376153  

0.0  0.00761849463645  0.0542861860168  0.0989413515821  0.146480439244  0.19641296727  0.248347108222  0.313158745006  0.380393046477  0.452227054565  0.522010119408  0.590400550334  0.652376674893  0.711062476726  0.723283611044  

0.0  -2.77480781572e-06  -9.00391900023e-05  1.82249086917e-05  0.00124282911854  0.00669880432557  0.0238034076494  0.0743466756993  0.172193227714  0.333403789359  0.547400046688  0.813970834827  1.10916548785  1.44166978876  1.51791441868  

-2.15024608225e-18  4.20038647704e-07  0.00013712196225  0.000761244493125  0.00235354198113  0.0056018920722  0.011209926872  0.0214232961265  0.0341436811358  0.0476652324393  0.0601066171894  0.0737607842672  0.0892465960646  0.106652529673  0.110500802486  

1.66715319312e-18  6.63556090131e-07  0.000240775646403  0.00145819368784  0.00468320099016  0.010930002868  0.0208608752234  0.0383224967278  0.0629910795417  0.0982099554306  0.143034344417  0.198587612688  0.259769321551  0.328032089859  0.343612607338  

3.82440466123e-18  8.70638308813e-05  0.00442298881596  0.0146756993817  0.0318680528317  0.0558090582438  0.0853305503102  0.127221452795  0.176944484241  0.238680093443  0.308391771673  0.386162578447  0.464362267109  0.545105879581  0.562772106429  

0.0  0.00761856705178  0.0543053610641  0.0990083333253  0.146531191867  0.196264565427  0.247980798228  0.313232092878  0.382711898122  0.459905621846  0.538246244309  0.617909086329  0.692269534414  0.764725013026  0.780108923666  

-0.0161748415521  -0.0161748426255  -0.0161753376433  -0.0161791929281  -0.0161995065161  -0.0162825987391  -0.01652091154  -0.0171661933654  -0.0183830746364  -0.0204731008095  -0.0234482228344  -0.0273437411956  -0.0316628484088  -0.0362884829534  -0.037293936276  

0.0677410341357  0.0677410351721  0.0677414057364  0.0677433318096  0.0677478329775  0.0677421700605  0.0676549158425  0.0671924595896  0.0658378037445  0.0626025257656  0.0566301427978  0.0469953010702  0.0343785860047  0.0189239458895  0.0153160649105  

0.299694505803  0.28436856372  0.191959188702  0.108517897608  0.0294030268725  -0.0378257426074  -0.0859264555119  -0.111340815803  -0.0994006730283  -0.0559291824947  -0.00492311313567  0.0284837571139  0.0296897399006  0.00638699904822  3.63195105279e-05  

0.0703497730718  0.0703517673521  0.0704397674897  0.0706224259448  0.0708406861123  0.0707261817317  0.0694004128836  0.0647956022187  0.0560623403822  0.0429245055754  0.0280629800525  0.0140638286481  0.00444213310369  0.000141439794619  -1.64717341162e-06  

-0.0186527015329  -0.0186509069793  -0.0185471757689  -0.0182043233629  -0.0172823571176  -0.0152113071146  -0.0115737749199  -0.00542630312305  0.00152909997403  0.00805285590891  0.0120714942293  0.0125137643537  0.0090735906359  0.00197301733713  -2.70552469247e-07  

0.0125218496579  0.0173206736791  0.0466485260453  0.0755706483084  0.108017954841  0.142105546892  0.172403131717  0.195245779995  0.197475625162  0.176157890067  0.135660518675  0.0844874868323  0.0381329762889  0.00468355470076  5.6049024099e-06  

-0.238346017475  -0.23837312573  -0.239652462236  -0.241796556132  -0.241643199542  -0.232330066035  -0.206705114707  -0.149125099151  -0.0588987668692  0.0750102292482  0.24752432211  0.460764211282  0.69233293905  0.943900718174  1.00000715037  

-0.00719654955772  -0.00174649521523  0.0319702947121  0.0653479000817  0.102583163819  0.143215651954  0.185707475537  0.236228022064  0.281418209951  0.313797393845  0.317212504884  0.277289018448  0.187730519523  0.0400742785218  9.48201324218e-06  

0.445935806114  0.446036696692  0.443781463123  0.436674660358  0.423311557752  0.402689664866  0.374581269751  0.330885024787  0.276536048183  0.209976242388  0.14003130781  0.0732466840962  0.024471092695  0.000834057363829  -1.01863725972e-05  

0.761856705224  0.761856705224  0.761856705224  0.761856705224  0.761856705224  0.761856705224  0.761856705224  0.761856705224  0.761856705224  0.761856705224  0.761856705224  0.761856705224  0.761856705224  0.761856705224  0.761856705224  

-1.30721918811  -1.29371285501  -1.17204483782  -0.930205895641  -0.348218908632  0.43494152297  0.805106510492  0.914062244536  0.824503528706  0.500050050946  0.0419666993876  -0.20540024972  -0.18538346061  -0.0351867170284  -0.000194774345375  

0.0  0.00761856705224  0.054305423969  0.0990106058911  0.146552937446  0.19636496262  0.248249875203  0.313710568788  0.383050087242  0.459235757764  0.535421428287  0.611607098809  0.681381390407  0.747925710428  0.761856705224  

