2.45731574257e-19  0.795511997698  3.09538531252  5.32636817056  7.56143294369  9.6073034339  11.6720721665  13.4520450664  15.2398452153  17.0701327529  18.8956476555  19.7542409471  20.4828515509  21.7202968879  23.3752132549  25.2450721546  27.2462999007  29.3817547088  31.6479567941  33.9404496549  36.2488273758  38.4936120681  40.606400533  42.4893251901  44.3834864678  46.2542862587  48.2603393589  50.8446896116  53.2393875198  55.9839831072  59.2204534408  60.9173231266  62.4464264125  63.7334488314  65.7424600499  67.6407066593  69.3878034317  71.016262892  72.5549487584  74.0254174971  75.4441181447  76.8245835047  78.1790154361  78.7319385279  79.5342239044  79.8958664867  

-8.737756496e-19  -0.00105446533231  -0.0159649946204  -0.0472727961612  -0.0952739598451  -0.153811597109  -0.227040082129  -0.301574371326  -0.387051627924  -0.485512246324  -0.594249076767  -0.647729004292  -0.692564885529  -0.765455320072  -0.855490861187  -0.946598963822  -1.03152936992  -1.10786370751  -1.17298328365  -1.22295521962  -1.25938401538  -1.2869808524  -1.31238630173  -1.33712732396  -1.363096141  -1.38606074209  -1.40261456998  -1.40691817549  -1.39209799731  -1.35222966627  -1.27373781437  -1.21974367501  -1.16976022198  -1.13278699666  -1.08587219373  -1.05381917771  -1.03490130324  -1.02641452135  -1.02650983886  -1.03397244635  -1.04800452684  -1.06810459608  -1.09401787033  -1.10637906451  -1.12460400575  -1.13210918003  

4.70500498975e-19  -0.00265133943613  -0.0103165376578  -0.0177523922565  -0.0252023259597  -0.03202207747  -0.0389048932021  -0.0448372761667  -0.0507908796557  -0.0568609430412  -0.0625857229731  -0.0629646718318  -0.0610768974053  -0.0572325488406  -0.0518952698791  -0.0458165745158  -0.0393209578944  -0.0324557767244  -0.0253591618938  -0.0187190031597  -0.0136479591529  -0.0119199801234  -0.0127611143774  -0.0138663643631  -0.0136396365877  -0.0108279734281  -0.0056014658348  0.00236092752535  0.0100895991424  0.0190563748903  0.0295738041503  0.0342127547791  0.0308982661518  0.0267092812237  0.0200551365034  0.0137423594258  0.00792571370833  0.00250138943751  -0.00262542560544  -0.0075260793809  -0.0122552164462  -0.0168577808221  -0.0213716491669  -0.0231871204245  -0.0213138085821  -0.0201127307307  

-5.89959806404e-19  0.0265110803848  0.103042797793  0.1771839476  0.251965270848  0.321931952935  0.395778345897  0.464125416668  0.539492065776  0.626116301117  0.724355540831  0.77463333462  0.818892273823  0.895766998645  0.999297293405  1.11396618494  1.2307917097  1.346286468  1.45722162174  1.55754072098  1.64880737955  1.73315311009  1.81362968467  1.88807074082  1.96509767699  2.04087239693  2.11774095701  2.20551206231  2.2753874322  2.34782815127  2.43843139913  2.4947608051  2.5513139567  2.59924150877  2.66728182682  2.72087718998  2.76238747789  2.79781814377  2.83230541871  2.86995569339  2.91420083661  2.96818258261  3.03513790386  3.06736910995  3.11773504878  3.14049176169  

-1.7609130755e-19  -3.17754860999e-05  2.89814088393e-05  0.0019622685681  0.00925484140846  0.0326081341585  0.095792651273  0.198449863933  0.354367076147  0.57328030675  0.855002663265  1.009342405  1.15192161646  1.4147037537  1.79631233407  2.25362984385  2.75628358412  3.29010107903  3.83736805496  4.35849880041  4.84546539103  5.29304634265  5.71786438978  6.12630271345  6.58492883668  7.09002365772  7.67305936847  8.4299559363  9.07166702479  9.67410966567  10.1703442685  10.3499992237  10.4876963564  10.617084736  10.9012887356  11.3070337378  11.8222973831  12.4359017603  13.1408743788  13.9350007332  14.8206081948  15.8047304281  16.9000690631  17.3885126836  18.1421184669  18.4945242638  

3.64318839453e-19  1.77141568775e-05  0.000894876059936  0.00401436110893  0.0110452684181  0.0241108982555  0.0472477921707  0.0758467015016  0.111696951789  0.154781652209  0.203511999502  0.227726456909  0.24775150468  0.279067872583  0.314596231175  0.345417539552  0.36737432216  0.378574191363  0.377433264391  0.364156584195  0.342145687578  0.320811974824  0.311055600733  0.315237872989  0.329771097914  0.34629964128  0.354414533112  0.336534028024  0.285309806603  0.185800077089  0.0237363390912  -0.0716040398139  -0.143805032388  -0.177870574277  -0.182455413509  -0.140065612256  -0.0690220349517  0.019332111185  0.119246041414  0.228090891168  0.345041141747  0.470454191662  0.605645184527  0.664717935994  0.749702388136  0.784916542252  

2.55249544227e-19  2.79949576172e-05  0.00165102260717  0.00824594203117  0.021730377764  0.0377585647018  0.053032067814  0.0644773251871  0.0757497800716  0.0887571936216  0.104379639659  0.112803689472  0.120619090286  0.135320240972  0.157745178027  0.186827230811  0.222203508195  0.26453361095  0.314235201705  0.369036211509  0.428316701597  0.489715482616  0.551183610421  0.609449642041  0.67203907748  0.738573723574  0.81573261499  0.92346930059  1.02974479491  1.15564477937  1.30441684869  1.38076028354  1.44859669032  1.50573358519  1.59623577773  1.68630023768  1.7762393496  1.8685295009  1.96500409284  2.0670208355  2.17574021562  2.29235503886  2.41831393226  2.47340420164  2.55753558582  2.59687525829  

7.93304113352e-19  0.00105448279791  0.0159360786111  0.0463674551662  0.0874611911234  0.124189230682  0.153391916239  0.174442981497  0.19622080833  0.222001348869  0.252194416155  0.267893037121  0.282090905621  0.307922418497  0.345474437427  0.391596122531  0.444785688636  0.505322709898  0.573148937441  0.644757419992  0.719172634148  0.793513687333  0.865809313663  0.932967298661  1.00402875906  1.07835869241  1.16248251445  1.27493428327  1.37892097011  1.49172904964  1.60796845965  1.65933772354  1.70029296026  1.73265179583  1.78385132988  1.83878483029  1.89940098602  1.96719355691  2.04285775433  2.12682498308  2.21956583264  2.32177970935  2.43457292135  2.48453721932  2.56140629057  2.59745549365  

-5.6315577251e-19  0.0265140315461  0.103165484644  0.177461142655  0.251525256923  0.318367756188  0.38421439117  0.439652967381  0.494698863449  0.551312932571  0.60891928567  0.636496077176  0.660482747982  0.702557508085  0.761515546569  0.832049203206  0.912204709905  1.00278070834  1.10385295313  1.2100440505  1.31939914519  1.42700752676  1.52964014554  1.62304793658  1.71993820348  1.81948539314  1.93057642943  2.07744648741  2.21181037737  2.35437665872  2.49122953909  2.54369901819  2.57873605059  2.60189776532  2.63374451591  2.66752900362  2.70829094616  2.75855621726  2.81941145835  2.89146833442  2.97531885653  3.07178930055  3.18215876147  3.2321494193  3.31019161696  3.3471910913  

-0.0080084098268  -0.00800858503464  -0.00801895881276  -0.0080528157096  -0.0080882522787  -0.00809175562201  -0.00810153942968  -0.00819863633301  -0.00845439349034  -0.00891559658399  -0.00955347277478  -0.00988839577371  -0.0101821580325  -0.0106948213831  -0.0113947343449  -0.0121884694261  -0.0130250329687  -0.013893380216  -0.014792528573  -0.0157018324897  -0.0166447584489  -0.0175800014703  -0.0184038887081  -0.018998598304  -0.0193847237115  -0.0195155903699  -0.0193882146443  -0.0189302442072  -0.0184348609735  -0.0182063339598  -0.0191067836646  -0.0202589301809  -0.0216440831956  -0.0229301964038  -0.0247191156712  -0.0255028043317  -0.0246536256808  -0.0216817114001  -0.0160845607238  -0.00731319690349  0.00524101780489  0.0222589005565  0.0445155065361  0.055424640873  0.0733557650799  0.0822319925201  

0.388737005444  0.388737169941  0.388745051105  0.388763902954  0.388776348807  0.388777260224  0.388775547276  0.388747076144  0.388629848843  0.388340644183  0.387833907526  0.387527711722  0.387238170174  0.386687818575  0.385846936712  0.384770925686  0.383496267564  0.382017897176  0.380315961885  0.378414853229  0.376254329115  0.373925901794  0.371719347045  0.370024541068  0.368863013609  0.368450474077  0.368880336401  0.370509334945  0.372376061126  0.373279172044  0.369363642536  0.364114179497  0.357574051455  0.35131518936  0.342314903282  0.338233444735  0.342859163473  0.359467456835  0.391552758609  0.443017874842  0.518264326177  0.622285666753  0.760826736367  0.829543192701  0.943448618416  1.00023604016  

5.92865013476  5.61849335216  4.70798128605  3.82745016449  2.97327731096  2.23875297445  1.56903057657  1.06801646184  0.647289907195  0.306434176958  0.0546884540961  -0.0351372072612  -0.0990588362211  -0.183457108831  -0.253917185073  -0.285815601468  -0.278117221995  -0.238148348103  -0.176190293796  -0.107641532269  -0.0450923554177  -0.000587328194934  0.0185595848419  0.0112509051065  -0.0232709551227  -0.0854307887639  -0.179974722647  -0.326347947966  -0.450350567686  -0.50716629518  -0.31362225636  -0.0329369948534  0.360835508503  0.815744517934  1.76750207582  2.92416817841  4.14538641103  5.30075589345  6.23246010958  6.7357260492  6.53808190422  5.27121069846  2.42732729435  0.636629586959  -2.80631706038  -4.72760530163  

0.525468494678  0.5256332145  0.527173864421  0.528657868265  0.529165911731  0.529085437125  0.529356475108  0.530182199871  0.53123090074  0.53193884769  0.531974597412  0.531830309075  0.531655767593  0.531162021365  0.529910393492  0.52746671703  0.523539854216  0.517860415927  0.510177483844  0.500645773939  0.489292106141  0.477054208321  0.465751997177  0.457427050874  0.452144024086  0.450833812947  0.453805494516  0.462873053318  0.473744101637  0.484036198609  0.483528815646  0.473364922522  0.456280949236  0.435676841127  0.391792491922  0.335241180858  0.266805119278  0.184700862451  0.0863237916426  -0.0313754430352  -0.171801336753  -0.338733843417  -0.53644240198  -0.628056419261  -0.773262290563  -0.842959793595  

-0.0443856542679  -0.0442187492079  -0.0423265328644  -0.039808381424  -0.0384815685769  -0.0394746870695  -0.042416447155  -0.0454440898095  -0.0478468866584  -0.0490659583664  -0.0491861852808  -0.0490596093901  -0.0489086835939  -0.048488888902  -0.0474817605762  -0.0456776926698  -0.0430425739551  -0.0395801594428  -0.0353214997552  -0.0305107428637  -0.0252879278639  -0.0201448100206  -0.0157730827817  -0.012775308445  -0.010989371281  -0.0105756576978  -0.0114825008478  -0.0140813291173  -0.0170643165846  -0.0200152126571  -0.0213383052495  -0.0205400502336  -0.0186584542076  -0.0161323843589  -0.0100332640662  -0.000565141837353  0.0133584675022  0.0332215420016  0.0607000099252  0.097638149529  0.146066785403  0.20825307614  0.286802725651  0.32466343936  0.386316521876  0.416609628515  

-0.221568608079  -0.18792508974  -0.103075582186  -0.0365924340336  0.018725132547  0.0620372921644  0.0973152790952  0.118326443093  0.128312894935  0.124877120677  0.106380689515  0.0933716488098  0.0823399768599  0.0657402346892  0.0483995316466  0.0353630890545  0.0284347559782  0.0279876803527  0.0338705858659  0.044360221465  0.055961912817  0.0622842838707  0.0583049824631  0.045835567885  0.0278002635656  0.0102557551809  -0.00125412857657  0.00263343044671  0.0288283661071  0.0865216595039  0.188464423856  0.25240461167  0.308057019999  0.347093280511  0.391314133942  0.411716895724  0.406959184239  0.374387529445  0.308282344505  0.200070913392  0.0382710421642  -0.191987231219  -0.510047359772  -0.672524497066  -0.950448913733  -1.09394059053  

0.0696016188508  0.0688435675383  0.059533255689  0.044893995392  0.0305047558302  0.0215525155189  0.0189719371976  0.0219962967939  0.0282757759848  0.0359887773396  0.0436900339521  0.047076070946  0.0497065961934  0.0532799498028  0.0557689657659  0.0552161890749  0.0510373932617  0.0433019387313  0.0325215666976  0.0203525291635  0.00862281342296  -0.000517336896105  -0.00616319207476  -0.00882964425228  -0.00978941205718  -0.00966706822041  -0.00895158781271  -0.00757873134508  -0.0049307657719  0.00439595049214  0.0370422539854  0.0684275453627  0.105154535034  0.140197931753  0.191967668456  0.217437916685  0.193730787421  0.10159726564  -0.0781455818936  -0.365645573416  -0.782621914775  -1.35309516094  -2.10465448028  -2.47481112137  -3.08550279362  -3.3887187529  

0.0388276142649  0.0329635944445  0.0149053918414  0.000971239608933  -0.00630592964542  -0.00783662432621  -0.00617350888717  -0.00268980167218  0.00286709019986  0.0106564941734  0.0195723138187  0.0235320398724  0.0265418751249  0.0306442652012  0.033774361703  0.0340370295648  0.0311710618773  0.0259429493515  0.0198304829722  0.014870249324  0.012310859826  0.0122343391493  0.0134675715247  0.0147473452733  0.0156284658765  0.0158761254796  0.0155618064136  0.0149812607643  0.0152295553835  0.0164198492428  0.0117591919828  -0.000651152908182  -0.0235041652059  -0.0549016934565  -0.131247289961  -0.236633473263  -0.359557363547  -0.488484785976  -0.610208094784  -0.708965513601  -0.765574353299  -0.756297305023  -0.651045245096  -0.570870300414  -0.405698988885  -0.310046287902  

0.307687197047  0.305037841425  0.301568742952  0.301967335644  0.303005826482  0.302070521355  0.297623483201  0.290323770629  0.279703084217  0.265913700437  0.250478919946  0.243305945764  0.237560175913  0.228643092566  0.218186738472  0.208041015062  0.19882640225  0.190616262851  0.183489118974  0.177652215896  0.172783698972  0.168460550337  0.164246980794  0.16032913702  0.156526899033  0.153175109508  0.149975980268  0.146072327503  0.142736841069  0.140724915143  0.14664862497  0.157485293884  0.173160813622  0.190176173612  0.225609120521  0.272898578522  0.332424270103  0.404701003604  0.489323130637  0.584775965414  0.688318741008  0.795829568333  0.901541931423  0.942839628281  0.997336978022  1.01800416331  

2.65140323921  2.65140323921  2.65140323921  2.65140323921  2.65140323921  2.65140323921  2.65140323921  2.65140323921  2.65140323921  2.65140323921  2.65140323921  2.65140323921  2.65140323921  2.65140323921  2.65140323921  2.65140323921  2.65140323921  2.65140323921  2.65140323921  2.65140323921  2.65140323921  2.65140323921  2.65140323921  2.65140323921  2.65140323921  2.65140323921  2.65140323921  2.65140323921  2.65140323921  2.65140323921  2.65140323921  2.65140323921  2.65140323921  2.65140323921  2.65140323921  2.65140323921  2.65140323921  2.65140323921  2.65140323921  2.65140323921  2.65140323921  2.65140323921  2.65140323921  2.65140323921  2.65140323921  2.65140323921  

-1.56404243858  -1.56366946116  -1.56228018743  -1.56027689699  -1.55719558811  -1.55272627849  -1.54498503819  -1.5324326215  -1.50558284937  -1.42633640817  -0.852847640627  0.617854910887  1.0960550832  1.28717411336  1.35007308602  1.36071965073  1.34077634029  1.28697525954  1.1733482132  0.940637816342  0.496541670505  0.00668167696708  -0.199021944304  -0.117890115677  0.235635574724  0.719120610226  1.07671882199  1.28850974648  1.36891219484  1.39319667923  1.27511134923  0.314376840415  -1.27941641116  -1.43116329491  -1.50098327321  -1.52721699737  -1.54106886536  -1.55034764957  -1.55789318118  -1.56536771746  -1.57480437519  -1.59190684119  -1.66223716047  -1.98135653484  1.70075724829  1.65754806976  

0.0  0.0265140323921  0.10316833908  0.177530217529  0.25203489931  0.320240832142  0.389085150342  0.448438628898  0.508050625063  0.569050597808  0.629702517503  0.657960825106  0.682050868697  0.723132474361  0.778156000683  0.840340467859  0.906868891993  0.977799809571  1.05296078253  1.12879120191  1.20481707046  1.27846843917  1.34775569613  1.40951299791  1.47162865321  1.53309387869  1.59929698509  1.68492452404  1.76443948442  1.85565712365  1.96319917638  2.01930271453  2.06977949719  2.11255688433  2.179433176  2.2426590545  2.30086403529  2.35512429998  2.40639966764  2.45540841573  2.50269998329  2.54872912597  2.59391862017  2.61240905549  2.63932475608  2.65140323921  

